Country,Size,Sector,Industry,Location,NUTS3_ID,COUNTY_ID,State,Name,Growth,Borrow,Shrink,EWS
USA,Large,Technology,Software,"Perry, PA, USA",,42099.0,PA,Name14612990,True,True,False,High
USA,Large,Technology,Software,"Perry, PA, USA",,42099.0,PA,Name14612991,False,True,False,Low
USA,Large,Technology,Software,"Perry, PA, USA",,42099.0,PA,Name14612992,False,False,True,Severe
USA,Large,Technology,Software,"Perry, PA, USA",,42099.0,PA,Name14612993,True,False,False,Severe
USA,Large,Technology,Software,"Perry, PA, USA",,42099.0,PA,Name14612994,False,True,False,Low
USA,Large,Technology,Software,"Perry, PA, USA",,42099.0,PA,Name14612995,True,True,False,Low
USA,Large,Technology,Software,"Perry, PA, USA",,42099.0,PA,Name14612997,True,False,False,Medium
USA,Large,Technology,Software,"Perry, PA, USA",,42099.0,PA,Name14612999,False,False,True,High
USA,Large,Technology,Software,"Perry, PA, USA",,42099.0,PA,Name14613000,False,False,True,Severe
USA,Large,Technology,Software,"Perry, PA, USA",,42099.0,PA,Name14613003,True,False,False,High
USA,Large,Technology,Software,"Perry, PA, USA",,42099.0,PA,Name14613004,False,True,True,Severe
USA,Large,Technology,Software,"Perry, PA, USA",,42099.0,PA,Name14613005,True,False,False,High
USA,Large,Technology,Software,"Perry, PA, USA",,42099.0,PA,Name14613006,False,False,True,High
USA,Large,Technology,Software,"Perry, PA, USA",,42099.0,PA,Name14613008,True,True,False,High
USA,Large,Technology,Software,"Perry, PA, USA",,42099.0,PA,Name14613010,False,False,True,Severe
USA,Large,Technology,Software,"Perry, PA, USA",,42099.0,PA,Name14613011,True,True,False,Severe
USA,Large,Technology,Software,"Perry, PA, USA",,42099.0,PA,Name14613012,False,False,True,Medium
USA,Large,Technology,Software,"Perry, PA, USA",,42099.0,PA,Name14613013,True,False,False,Low
USA,Large,Technology,Software,"Perry, PA, USA",,42099.0,PA,Name14613014,False,True,True,Low
USA,Large,Technology,Software,"Perry, PA, USA",,42099.0,PA,Name14613015,False,True,False,Medium
USA,Large,Technology,Software,"Perry, PA, USA",,42099.0,PA,Name14613016,True,True,False,Low
USA,Large,Technology,Hardware,"Perry, PA, USA",,42099.0,PA,Name14613020,True,False,False,Medium
USA,Large,Technology,Hardware,"Perry, PA, USA",,42099.0,PA,Name14613021,True,True,False,High
USA,Large,Technology,Hardware,"Perry, PA, USA",,42099.0,PA,Name14613023,True,True,False,Medium
USA,Large,Technology,Hardware,"Perry, PA, USA",,42099.0,PA,Name14613024,True,True,False,Low
USA,Large,Technology,Hardware,"Perry, PA, USA",,42099.0,PA,Name14613025,False,False,True,Severe
USA,Large,Technology,Hardware,"Perry, PA, USA",,42099.0,PA,Name14613026,True,True,False,High
USA,Large,Technology,Hardware,"Perry, PA, USA",,42099.0,PA,Name14613027,False,True,True,Low
USA,Large,Technology,Hardware,"Perry, PA, USA",,42099.0,PA,Name14613028,True,True,False,Low
USA,Large,Technology,Hardware,"Perry, PA, USA",,42099.0,PA,Name14613029,False,True,True,Severe
USA,Large,Technology,Hardware,"Perry, PA, USA",,42099.0,PA,Name14613030,False,True,True,Severe
USA,Large,Technology,Hardware,"Perry, PA, USA",,42099.0,PA,Name14613031,True,True,False,Low
USA,Large,Technology,Hardware,"Perry, PA, USA",,42099.0,PA,Name14613032,False,False,True,High
USA,Large,Technology,Hardware,"Perry, PA, USA",,42099.0,PA,Name14613033,False,True,False,Low
USA,Large,Technology,Hardware,"Perry, PA, USA",,42099.0,PA,Name14613034,False,True,True,High
USA,Large,Technology,Hardware,"Perry, PA, USA",,42099.0,PA,Name14613035,False,True,True,Low
USA,Large,Technology,Hardware,"Perry, PA, USA",,42099.0,PA,Name14613036,False,True,False,High
USA,Large,Technology,Hardware,"Perry, PA, USA",,42099.0,PA,Name14613037,True,False,False,Low
USA,Large,Technology,Hardware,"Perry, PA, USA",,42099.0,PA,Name14613038,True,True,False,Medium
USA,Large,Technology,Hardware,"Perry, PA, USA",,42099.0,PA,Name14613039,False,True,True,Low
USA,Large,Technology,Hardware,"Perry, PA, USA",,42099.0,PA,Name14613040,False,True,False,Low
USA,Large,Technology,Hardware,"Perry, PA, USA",,42099.0,PA,Name14613042,True,False,False,Medium
USA,Large,Technology,Hardware,"Perry, PA, USA",,42099.0,PA,Name14613043,False,True,False,Medium
USA,Large,Technology,Hardware,"Perry, PA, USA",,42099.0,PA,Name14613044,False,True,True,Medium
USA,Large,Technology,Hardware,"Perry, PA, USA",,42099.0,PA,Name14613045,True,True,False,Severe
USA,Large,Technology,Hardware,"Perry, PA, USA",,42099.0,PA,Name14613046,False,False,True,Medium
USA,Large,Technology,Hardware,"Perry, PA, USA",,42099.0,PA,Name14613048,True,False,False,Low
USA,Large,Technology,Hardware,"Perry, PA, USA",,42099.0,PA,Name14613049,False,False,True,Severe
USA,Large,Technology,Hardware,"Perry, PA, USA",,42099.0,PA,Name14613050,False,True,False,Severe
USA,Large,Technology,Hardware,"Perry, PA, USA",,42099.0,PA,Name14613051,True,True,False,Low
USA,Large,Technology,Hardware,"Perry, PA, USA",,42099.0,PA,Name14613052,True,False,False,Severe
USA,Large,Technology,Hardware,"Perry, PA, USA",,42099.0,PA,Name14613053,True,True,False,Medium
USA,Large,Technology,Hardware,"Perry, PA, USA",,42099.0,PA,Name14613054,True,False,False,High
USA,Large,Technology,Hardware,"Perry, PA, USA",,42099.0,PA,Name14613055,False,True,True,Medium
USA,Large,Technology,Hardware,"Perry, PA, USA",,42099.0,PA,Name14613056,False,False,True,Low
USA,Large,Technology,Hardware,"Perry, PA, USA",,42099.0,PA,Name14613057,True,True,False,Severe
USA,Large,Technology,Hardware,"Perry, PA, USA",,42099.0,PA,Name14613058,False,False,True,Severe
USA,Large,Technology,Hardware,"Perry, PA, USA",,42099.0,PA,Name14613059,False,True,True,Low
USA,Large,Technology,Hardware,"Perry, PA, USA",,42099.0,PA,Name14613060,True,False,False,Severe
USA,Large,Technology,Hardware,"Perry, PA, USA",,42099.0,PA,Name14613061,True,False,False,Low
USA,Large,Technology,Hardware,"Perry, PA, USA",,42099.0,PA,Name14613062,True,False,False,Low
USA,Large,Technology,Hardware,"Perry, PA, USA",,42099.0,PA,Name14613063,True,True,False,Medium
USA,Large,Technology,IT Services,"Perry, PA, USA",,42099.0,PA,Name14613064,True,False,False,High
USA,Large,Technology,IT Services,"Perry, PA, USA",,42099.0,PA,Name14613065,True,True,False,Severe
USA,Large,Technology,IT Services,"Perry, PA, USA",,42099.0,PA,Name14613066,True,True,False,Low
USA,Large,Technology,IT Services,"Perry, PA, USA",,42099.0,PA,Name14613068,True,True,False,Medium
USA,Large,Technology,IT Services,"Perry, PA, USA",,42099.0,PA,Name14613069,False,True,False,Medium
USA,Large,Technology,IT Services,"Perry, PA, USA",,42099.0,PA,Name14613071,False,False,True,Low
USA,Large,Technology,IT Services,"Perry, PA, USA",,42099.0,PA,Name14613072,False,True,False,High
USA,Large,Technology,IT Services,"Perry, PA, USA",,42099.0,PA,Name14613073,False,True,False,High
USA,Large,Technology,IT Services,"Perry, PA, USA",,42099.0,PA,Name14613074,False,False,True,Severe
USA,Large,Technology,IT Services,"Perry, PA, USA",,42099.0,PA,Name14613075,True,True,False,Low
USA,Large,Technology,IT Services,"Perry, PA, USA",,42099.0,PA,Name14613078,True,True,False,Medium
USA,Large,Technology,IT Services,"Perry, PA, USA",,42099.0,PA,Name14613079,False,False,True,High
USA,Large,Technology,IT Services,"Perry, PA, USA",,42099.0,PA,Name14613080,True,True,False,Severe
USA,Large,Technology,IT Services,"Perry, PA, USA",,42099.0,PA,Name14613081,True,False,False,Medium
USA,Large,Technology,IT Services,"Perry, PA, USA",,42099.0,PA,Name14613082,True,False,False,Severe
USA,Large,Technology,IT Services,"Perry, PA, USA",,42099.0,PA,Name14613083,True,True,False,Low
USA,Large,Technology,IT Services,"Perry, PA, USA",,42099.0,PA,Name14613084,True,False,False,Low
USA,Large,Technology,IT Services,"Perry, PA, USA",,42099.0,PA,Name14613085,True,False,False,High
USA,Large,Technology,IT Services,"Perry, PA, USA",,42099.0,PA,Name14613086,True,False,False,Low
USA,Large,Technology,IT Services,"Perry, PA, USA",,42099.0,PA,Name14613089,True,False,False,Medium
USA,Large,Technology,IT Services,"Perry, PA, USA",,42099.0,PA,Name14613090,True,False,False,Severe
USA,Large,Technology,IT Services,"Perry, PA, USA",,42099.0,PA,Name14613092,True,False,False,High
USA,Large,Technology,IT Services,"Perry, PA, USA",,42099.0,PA,Name14613093,False,True,False,Severe
USA,Large,Technology,IT Services,"Perry, PA, USA",,42099.0,PA,Name14613095,False,True,False,Low
USA,Large,Technology,IT Services,"Perry, PA, USA",,42099.0,PA,Name14613096,True,False,False,Low
USA,Large,Technology,IT Services,"Perry, PA, USA",,42099.0,PA,Name14613098,True,False,False,High
USA,Large,Technology,IT Services,"Perry, PA, USA",,42099.0,PA,Name14613099,False,False,True,High
USA,Large,Technology,IT Services,"Perry, PA, USA",,42099.0,PA,Name14613100,True,False,False,Low
USA,Large,Technology,IT Services,"Perry, PA, USA",,42099.0,PA,Name14613101,True,False,False,Severe
USA,Large,Technology,IT Services,"Perry, PA, USA",,42099.0,PA,Name14613102,False,True,False,Medium
USA,Large,Healthcare,Pharmaceuticals,"Perry, PA, USA",,42099.0,PA,Name14613104,True,False,False,Low
USA,Large,Healthcare,Pharmaceuticals,"Perry, PA, USA",,42099.0,PA,Name14613105,False,True,True,High
USA,Large,Healthcare,Pharmaceuticals,"Perry, PA, USA",,42099.0,PA,Name14613107,True,True,False,Medium
USA,Large,Healthcare,Pharmaceuticals,"Perry, PA, USA",,42099.0,PA,Name14613108,False,True,True,Low
USA,Large,Healthcare,Pharmaceuticals,"Perry, PA, USA",,42099.0,PA,Name14613109,True,False,False,Low
USA,Large,Healthcare,Pharmaceuticals,"Perry, PA, USA",,42099.0,PA,Name14613112,False,False,True,Severe
USA,Large,Healthcare,Pharmaceuticals,"Perry, PA, USA",,42099.0,PA,Name14613113,False,False,True,Medium
USA,Large,Healthcare,Pharmaceuticals,"Perry, PA, USA",,42099.0,PA,Name14613114,True,True,False,Medium
USA,Large,Healthcare,Pharmaceuticals,"Perry, PA, USA",,42099.0,PA,Name14613115,False,False,True,Severe
USA,Large,Healthcare,Pharmaceuticals,"Perry, PA, USA",,42099.0,PA,Name14613116,False,False,True,Severe
USA,Large,Healthcare,Pharmaceuticals,"Perry, PA, USA",,42099.0,PA,Name14613117,True,True,False,Medium
USA,Large,Healthcare,Pharmaceuticals,"Perry, PA, USA",,42099.0,PA,Name14613118,True,True,False,Severe
USA,Large,Healthcare,Pharmaceuticals,"Perry, PA, USA",,42099.0,PA,Name14613119,False,True,False,Medium
USA,Large,Healthcare,Pharmaceuticals,"Perry, PA, USA",,42099.0,PA,Name14613120,True,False,False,Severe
USA,Large,Healthcare,Pharmaceuticals,"Perry, PA, USA",,42099.0,PA,Name14613122,False,True,True,Low
USA,Large,Healthcare,Pharmaceuticals,"Perry, PA, USA",,42099.0,PA,Name14613124,True,False,False,Medium
USA,Large,Healthcare,Pharmaceuticals,"Perry, PA, USA",,42099.0,PA,Name14613125,True,True,False,Severe
USA,Large,Healthcare,Pharmaceuticals,"Perry, PA, USA",,42099.0,PA,Name14613126,True,False,False,Severe
USA,Large,Healthcare,Pharmaceuticals,"Perry, PA, USA",,42099.0,PA,Name14613127,False,True,True,Medium
USA,Large,Healthcare,Pharmaceuticals,"Perry, PA, USA",,42099.0,PA,Name14613128,False,True,True,High
USA,Large,Healthcare,Pharmaceuticals,"Perry, PA, USA",,42099.0,PA,Name14613129,True,False,False,Medium
USA,Large,Healthcare,Pharmaceuticals,"Perry, PA, USA",,42099.0,PA,Name14613131,True,False,False,Low
USA,Large,Healthcare,Pharmaceuticals,"Perry, PA, USA",,42099.0,PA,Name14613132,True,False,False,Low
USA,Large,Healthcare,Pharmaceuticals,"Perry, PA, USA",,42099.0,PA,Name14613133,False,True,True,Severe
USA,Large,Healthcare,Pharmaceuticals,"Perry, PA, USA",,42099.0,PA,Name14613134,True,False,False,Medium
USA,Large,Healthcare,Pharmaceuticals,"Perry, PA, USA",,42099.0,PA,Name14613135,True,True,False,High
USA,Large,Healthcare,Pharmaceuticals,"Perry, PA, USA",,42099.0,PA,Name14613136,True,True,False,High
USA,Large,Healthcare,Pharmaceuticals,"Perry, PA, USA",,42099.0,PA,Name14613137,False,False,True,Low
USA,Large,Healthcare,Pharmaceuticals,"Perry, PA, USA",,42099.0,PA,Name14613139,False,True,False,High
USA,Large,Healthcare,Pharmaceuticals,"Perry, PA, USA",,42099.0,PA,Name14613142,False,True,False,Severe
USA,Large,Healthcare,Pharmaceuticals,"Perry, PA, USA",,42099.0,PA,Name14613143,True,True,False,Medium
USA,Large,Healthcare,Pharmaceuticals,"Perry, PA, USA",,42099.0,PA,Name14613145,False,True,False,Low
USA,Large,Healthcare,Pharmaceuticals,"Perry, PA, USA",,42099.0,PA,Name14613146,False,True,True,High
USA,Large,Healthcare,Pharmaceuticals,"Perry, PA, USA",,42099.0,PA,Name14613147,False,True,True,Low
USA,Large,Healthcare,Pharmaceuticals,"Perry, PA, USA",,42099.0,PA,Name14613148,True,False,False,Medium
USA,Large,Healthcare,Pharmaceuticals,"Perry, PA, USA",,42099.0,PA,Name14613149,False,False,True,Medium
USA,Large,Healthcare,Medical Devices,"Perry, PA, USA",,42099.0,PA,Name14613151,False,True,True,High
USA,Large,Healthcare,Medical Devices,"Perry, PA, USA",,42099.0,PA,Name14613152,False,True,False,High
USA,Large,Healthcare,Medical Devices,"Perry, PA, USA",,42099.0,PA,Name14613153,True,False,False,Low
USA,Large,Healthcare,Medical Devices,"Perry, PA, USA",,42099.0,PA,Name14613154,True,False,False,High
USA,Large,Healthcare,Medical Devices,"Perry, PA, USA",,42099.0,PA,Name14613155,False,False,True,Low
USA,Large,Healthcare,Medical Devices,"Perry, PA, USA",,42099.0,PA,Name14613156,False,True,True,Severe
USA,Large,Healthcare,Medical Devices,"Perry, PA, USA",,42099.0,PA,Name14613157,False,False,True,Low
USA,Large,Healthcare,Healthcare Services,"Perry, PA, USA",,42099.0,PA,Name14613158,True,True,False,High
USA,Large,Healthcare,Healthcare Services,"Perry, PA, USA",,42099.0,PA,Name14613159,False,True,True,Medium
USA,Large,Healthcare,Healthcare Services,"Perry, PA, USA",,42099.0,PA,Name14613160,True,True,False,Low
USA,Large,Healthcare,Healthcare Services,"Perry, PA, USA",,42099.0,PA,Name14613162,False,True,False,Medium
USA,Large,Healthcare,Healthcare Services,"Perry, PA, USA",,42099.0,PA,Name14613163,False,True,False,Medium
USA,Large,Healthcare,Healthcare Services,"Perry, PA, USA",,42099.0,PA,Name14613164,False,True,True,Low
USA,Large,Healthcare,Healthcare Services,"Perry, PA, USA",,42099.0,PA,Name14613165,True,False,False,Severe
USA,Large,Healthcare,Healthcare Services,"Perry, PA, USA",,42099.0,PA,Name14613166,True,True,False,Severe
USA,Large,Healthcare,Healthcare Services,"Perry, PA, USA",,42099.0,PA,Name14613167,True,True,False,High
USA,Large,Healthcare,Healthcare Services,"Perry, PA, USA",,42099.0,PA,Name14613168,False,True,False,Medium
USA,Large,Healthcare,Healthcare Services,"Perry, PA, USA",,42099.0,PA,Name14613169,True,False,False,Severe
USA,Large,Healthcare,Healthcare Services,"Perry, PA, USA",,42099.0,PA,Name14613171,False,True,False,High
USA,Large,Healthcare,Healthcare Services,"Perry, PA, USA",,42099.0,PA,Name14613172,True,False,False,Severe
USA,Large,Healthcare,Healthcare Services,"Perry, PA, USA",,42099.0,PA,Name14613173,False,False,True,Severe
USA,Large,Healthcare,Healthcare Services,"Perry, PA, USA",,42099.0,PA,Name14613174,True,False,False,High
USA,Large,Healthcare,Healthcare Services,"Perry, PA, USA",,42099.0,PA,Name14613175,True,True,False,Medium
USA,Large,Healthcare,Healthcare Services,"Perry, PA, USA",,42099.0,PA,Name14613176,True,True,False,Medium
USA,Large,Healthcare,Healthcare Services,"Perry, PA, USA",,42099.0,PA,Name14613177,False,True,True,Severe
USA,Large,Healthcare,Healthcare Services,"Perry, PA, USA",,42099.0,PA,Name14613178,False,True,False,Severe
USA,Large,Healthcare,Healthcare Services,"Perry, PA, USA",,42099.0,PA,Name14613179,False,False,True,Medium
USA,Large,Healthcare,Healthcare Services,"Perry, PA, USA",,42099.0,PA,Name14613180,True,True,False,Medium
USA,Large,Healthcare,Healthcare Services,"Perry, PA, USA",,42099.0,PA,Name14613182,True,True,False,High
USA,Large,Healthcare,Healthcare Services,"Perry, PA, USA",,42099.0,PA,Name14613183,False,True,True,Medium
USA,Large,Healthcare,Healthcare Services,"Perry, PA, USA",,42099.0,PA,Name14613184,False,True,False,Low
USA,Large,Healthcare,Healthcare Services,"Perry, PA, USA",,42099.0,PA,Name14613185,False,True,False,High
USA,Large,Healthcare,Healthcare Services,"Perry, PA, USA",,42099.0,PA,Name14613186,False,False,True,Severe
USA,Large,Healthcare,Healthcare Services,"Perry, PA, USA",,42099.0,PA,Name14613187,False,True,True,High
USA,Large,Finance,Banking,"Perry, PA, USA",,42099.0,PA,Name14613188,True,False,False,Low
USA,Large,Finance,Banking,"Perry, PA, USA",,42099.0,PA,Name14613189,True,True,False,High
USA,Large,Finance,Banking,"Perry, PA, USA",,42099.0,PA,Name14613190,True,True,False,Low
USA,Large,Finance,Banking,"Perry, PA, USA",,42099.0,PA,Name14613191,False,False,True,Severe
USA,Large,Finance,Banking,"Perry, PA, USA",,42099.0,PA,Name14613192,True,False,False,Medium
USA,Large,Finance,Insurance,"Perry, PA, USA",,42099.0,PA,Name14613193,False,True,True,Medium
USA,Large,Finance,Insurance,"Perry, PA, USA",,42099.0,PA,Name14613194,True,True,False,High
USA,Large,Finance,Insurance,"Perry, PA, USA",,42099.0,PA,Name14613196,True,False,False,High
USA,Large,Finance,Insurance,"Perry, PA, USA",,42099.0,PA,Name14613197,True,False,False,Severe
USA,Large,Finance,Insurance,"Perry, PA, USA",,42099.0,PA,Name14613198,True,True,False,High
USA,Large,Finance,Insurance,"Perry, PA, USA",,42099.0,PA,Name14613199,True,False,False,Low
USA,Large,Finance,Insurance,"Perry, PA, USA",,42099.0,PA,Name14613200,True,False,False,Low
USA,Large,Finance,Insurance,"Perry, PA, USA",,42099.0,PA,Name14613201,True,False,False,High
USA,Large,Finance,Insurance,"Perry, PA, USA",,42099.0,PA,Name14613202,False,True,True,High
USA,Large,Finance,Insurance,"Perry, PA, USA",,42099.0,PA,Name14613203,False,True,False,Severe
USA,Large,Finance,Insurance,"Perry, PA, USA",,42099.0,PA,Name14613204,False,True,False,Medium
USA,Large,Finance,Investment Services,"Perry, PA, USA",,42099.0,PA,Name14613206,True,False,False,Severe
USA,Large,Finance,Investment Services,"Perry, PA, USA",,42099.0,PA,Name14613207,False,True,False,High
USA,Large,Finance,Investment Services,"Perry, PA, USA",,42099.0,PA,Name14613208,True,False,False,Severe
USA,Large,Finance,Investment Services,"Perry, PA, USA",,42099.0,PA,Name14613209,True,False,False,High
USA,Large,Finance,Investment Services,"Perry, PA, USA",,42099.0,PA,Name14613210,True,False,False,High
USA,Large,Finance,Investment Services,"Perry, PA, USA",,42099.0,PA,Name14613211,True,False,False,High
USA,Large,Finance,Investment Services,"Perry, PA, USA",,42099.0,PA,Name14613213,True,False,False,Low
USA,Large,Finance,Investment Services,"Perry, PA, USA",,42099.0,PA,Name14613215,False,False,True,Severe
USA,Large,Finance,Investment Services,"Perry, PA, USA",,42099.0,PA,Name14613216,False,True,True,Severe
USA,Large,Finance,Investment Services,"Perry, PA, USA",,42099.0,PA,Name14613218,True,True,False,Low
USA,Large,Finance,Investment Services,"Perry, PA, USA",,42099.0,PA,Name14613219,True,False,False,Severe
USA,Large,Finance,Investment Services,"Perry, PA, USA",,42099.0,PA,Name14613220,True,True,False,Severe
USA,Large,Finance,Investment Services,"Perry, PA, USA",,42099.0,PA,Name14613222,False,True,False,Medium
USA,Large,Finance,Investment Services,"Perry, PA, USA",,42099.0,PA,Name14613223,True,True,False,Severe
USA,Large,Finance,Investment Services,"Perry, PA, USA",,42099.0,PA,Name14613224,True,True,False,Severe
USA,Large,Finance,Investment Services,"Perry, PA, USA",,42099.0,PA,Name14613225,False,False,True,Low
USA,Large,Finance,Investment Services,"Perry, PA, USA",,42099.0,PA,Name14613226,False,False,True,High
USA,Large,Energy,Oil & Gas,"Perry, PA, USA",,42099.0,PA,Name14613227,True,True,False,High
USA,Large,Energy,Oil & Gas,"Perry, PA, USA",,42099.0,PA,Name14613229,False,False,True,Medium
USA,Large,Energy,Oil & Gas,"Perry, PA, USA",,42099.0,PA,Name14613230,True,True,False,High
USA,Large,Energy,Oil & Gas,"Perry, PA, USA",,42099.0,PA,Name14613231,True,True,False,Medium
USA,Large,Energy,Oil & Gas,"Perry, PA, USA",,42099.0,PA,Name14613232,False,False,True,Severe
USA,Large,Energy,Oil & Gas,"Perry, PA, USA",,42099.0,PA,Name14613233,True,True,False,Low
USA,Large,Energy,Oil & Gas,"Perry, PA, USA",,42099.0,PA,Name14613234,True,False,False,Medium
USA,Large,Energy,Oil & Gas,"Perry, PA, USA",,42099.0,PA,Name14613235,True,True,False,Medium
USA,Large,Energy,Oil & Gas,"Perry, PA, USA",,42099.0,PA,Name14613236,True,True,False,Severe
USA,Large,Energy,Oil & Gas,"Perry, PA, USA",,42099.0,PA,Name14613237,True,False,False,High
USA,Large,Energy,Oil & Gas,"Perry, PA, USA",,42099.0,PA,Name14613238,True,True,False,Severe
USA,Large,Energy,Oil & Gas,"Perry, PA, USA",,42099.0,PA,Name14613239,False,True,True,Severe
USA,Large,Energy,Oil & Gas,"Perry, PA, USA",,42099.0,PA,Name14613240,True,False,False,High
USA,Large,Energy,Oil & Gas,"Perry, PA, USA",,42099.0,PA,Name14613241,True,False,False,Severe
USA,Large,Energy,Oil & Gas,"Perry, PA, USA",,42099.0,PA,Name14613242,False,True,False,Medium
USA,Large,Energy,Oil & Gas,"Perry, PA, USA",,42099.0,PA,Name14613244,False,False,True,Severe
USA,Large,Energy,Oil & Gas,"Perry, PA, USA",,42099.0,PA,Name14613245,True,True,False,Medium
USA,Large,Energy,Oil & Gas,"Perry, PA, USA",,42099.0,PA,Name14613246,False,True,False,Low
USA,Large,Energy,Oil & Gas,"Perry, PA, USA",,42099.0,PA,Name14613247,False,False,True,High
USA,Large,Energy,Oil & Gas,"Perry, PA, USA",,42099.0,PA,Name14613248,False,True,True,High
USA,Large,Energy,Oil & Gas,"Perry, PA, USA",,42099.0,PA,Name14613249,False,True,False,High
USA,Large,Energy,Oil & Gas,"Perry, PA, USA",,42099.0,PA,Name14613250,True,False,False,Severe
USA,Large,Energy,Renewable Energy,"Perry, PA, USA",,42099.0,PA,Name14613252,True,False,False,Medium
USA,Large,Energy,Renewable Energy,"Perry, PA, USA",,42099.0,PA,Name14613254,False,True,False,Medium
USA,Large,Energy,Renewable Energy,"Perry, PA, USA",,42099.0,PA,Name14613255,False,True,True,Medium
USA,Large,Energy,Renewable Energy,"Perry, PA, USA",,42099.0,PA,Name14613256,False,True,True,High
USA,Large,Energy,Renewable Energy,"Perry, PA, USA",,42099.0,PA,Name14613258,True,True,False,High
USA,Large,Energy,Renewable Energy,"Perry, PA, USA",,42099.0,PA,Name14613259,False,True,False,Low
USA,Large,Energy,Renewable Energy,"Perry, PA, USA",,42099.0,PA,Name14613260,True,False,False,Low
USA,Large,Energy,Renewable Energy,"Perry, PA, USA",,42099.0,PA,Name14613262,True,True,False,Severe
USA,Large,Energy,Renewable Energy,"Perry, PA, USA",,42099.0,PA,Name14613263,False,True,True,Medium
USA,Large,Energy,Renewable Energy,"Perry, PA, USA",,42099.0,PA,Name14613264,True,False,False,Severe
USA,Large,Energy,Renewable Energy,"Perry, PA, USA",,42099.0,PA,Name14613265,True,True,False,Severe
USA,Large,Energy,Renewable Energy,"Perry, PA, USA",,42099.0,PA,Name14613266,True,True,False,Severe
USA,Large,Energy,Renewable Energy,"Perry, PA, USA",,42099.0,PA,Name14613267,False,False,True,Medium
USA,Large,Energy,Renewable Energy,"Perry, PA, USA",,42099.0,PA,Name14613268,False,True,False,High
USA,Large,Energy,Renewable Energy,"Perry, PA, USA",,42099.0,PA,Name14613269,False,True,True,High
USA,Large,Energy,Renewable Energy,"Perry, PA, USA",,42099.0,PA,Name14613271,True,False,False,Severe
USA,Large,Energy,Renewable Energy,"Perry, PA, USA",,42099.0,PA,Name14613272,False,True,False,Medium
USA,Large,Energy,Renewable Energy,"Perry, PA, USA",,42099.0,PA,Name14613273,False,False,True,High
USA,Large,Energy,Renewable Energy,"Perry, PA, USA",,42099.0,PA,Name14613274,False,False,True,Low
USA,Large,Energy,Renewable Energy,"Perry, PA, USA",,42099.0,PA,Name14613275,False,True,True,Medium
USA,Large,Energy,Renewable Energy,"Perry, PA, USA",,42099.0,PA,Name14613277,False,False,True,Medium
USA,Large,Energy,Renewable Energy,"Perry, PA, USA",,42099.0,PA,Name14613278,True,True,False,Medium
USA,Large,Energy,Renewable Energy,"Perry, PA, USA",,42099.0,PA,Name14613280,False,True,True,Severe
USA,Large,Energy,Renewable Energy,"Perry, PA, USA",,42099.0,PA,Name14613281,False,True,True,Low
USA,Large,Energy,Renewable Energy,"Perry, PA, USA",,42099.0,PA,Name14613282,False,False,True,Low
USA,Large,Energy,Renewable Energy,"Perry, PA, USA",,42099.0,PA,Name14613283,False,True,False,Low
USA,Large,Energy,Renewable Energy,"Perry, PA, USA",,42099.0,PA,Name14613284,True,True,False,Low
USA,Large,Energy,Renewable Energy,"Perry, PA, USA",,42099.0,PA,Name14613285,True,False,False,Medium
USA,Large,Energy,Renewable Energy,"Perry, PA, USA",,42099.0,PA,Name14613287,False,False,True,Low
USA,Large,Energy,Renewable Energy,"Perry, PA, USA",,42099.0,PA,Name14613288,True,True,False,Medium
USA,Large,Energy,Renewable Energy,"Perry, PA, USA",,42099.0,PA,Name14613289,False,True,False,Medium
USA,Large,Energy,Renewable Energy,"Perry, PA, USA",,42099.0,PA,Name14613290,True,False,False,Low
USA,Large,Energy,Renewable Energy,"Perry, PA, USA",,42099.0,PA,Name14613291,False,True,True,High
USA,Large,Energy,Renewable Energy,"Perry, PA, USA",,42099.0,PA,Name14613292,False,False,True,Medium
USA,Large,Energy,Renewable Energy,"Perry, PA, USA",,42099.0,PA,Name14613293,True,True,False,Medium
USA,Large,Energy,Renewable Energy,"Perry, PA, USA",,42099.0,PA,Name14613294,True,True,False,Severe
USA,Large,Energy,Renewable Energy,"Perry, PA, USA",,42099.0,PA,Name14613295,True,False,False,Low
USA,Large,Energy,Energy Exploration,"Perry, PA, USA",,42099.0,PA,Name14613296,True,True,False,Low
USA,Large,Energy,Energy Exploration,"Perry, PA, USA",,42099.0,PA,Name14613297,True,True,False,Medium
USA,Large,Energy,Energy Exploration,"Perry, PA, USA",,42099.0,PA,Name14613298,False,True,True,Severe
USA,Large,Energy,Energy Exploration,"Perry, PA, USA",,42099.0,PA,Name14613299,True,False,False,Medium
USA,Large,Energy,Energy Exploration,"Perry, PA, USA",,42099.0,PA,Name14613300,True,False,False,High
USA,Large,Energy,Energy Exploration,"Perry, PA, USA",,42099.0,PA,Name14613302,True,True,False,Severe
USA,Large,Energy,Energy Exploration,"Perry, PA, USA",,42099.0,PA,Name14613303,False,False,True,Low
USA,Large,Energy,Energy Exploration,"Perry, PA, USA",,42099.0,PA,Name14613305,False,True,False,Severe
USA,Large,Energy,Energy Exploration,"Perry, PA, USA",,42099.0,PA,Name14613306,True,False,False,Severe
USA,Large,Energy,Energy Exploration,"Perry, PA, USA",,42099.0,PA,Name14613307,True,True,False,High
USA,Large,Energy,Energy Exploration,"Perry, PA, USA",,42099.0,PA,Name14613308,False,False,True,Severe
USA,Large,Energy,Energy Exploration,"Perry, PA, USA",,42099.0,PA,Name14613309,True,False,False,Severe
USA,Large,Energy,Energy Exploration,"Perry, PA, USA",,42099.0,PA,Name14613310,False,True,True,High
USA,Large,Energy,Energy Exploration,"Perry, PA, USA",,42099.0,PA,Name14613312,False,True,False,Low
USA,Large,Energy,Energy Exploration,"Perry, PA, USA",,42099.0,PA,Name14613313,True,True,False,High
USA,Large,Energy,Energy Exploration,"Perry, PA, USA",,42099.0,PA,Name14613314,True,False,False,Medium
USA,Large,Energy,Energy Exploration,"Perry, PA, USA",,42099.0,PA,Name14613315,False,True,True,Medium
USA,Large,Energy,Energy Exploration,"Perry, PA, USA",,42099.0,PA,Name14613316,True,True,False,Severe
USA,Large,Energy,Energy Exploration,"Perry, PA, USA",,42099.0,PA,Name14613318,True,False,False,Medium
USA,Large,Energy,Energy Exploration,"Perry, PA, USA",,42099.0,PA,Name14613320,False,True,True,Low
USA,Large,Energy,Energy Exploration,"Perry, PA, USA",,42099.0,PA,Name14613321,False,True,True,Low
USA,Large,Energy,Energy Exploration,"Perry, PA, USA",,42099.0,PA,Name14613322,False,True,True,Severe
USA,Large,Energy,Energy Exploration,"Perry, PA, USA",,42099.0,PA,Name14613323,True,False,False,Low
USA,Large,Energy,Energy Exploration,"Perry, PA, USA",,42099.0,PA,Name14613324,True,True,False,High
USA,Large,Energy,Energy Exploration,"Perry, PA, USA",,42099.0,PA,Name14613325,False,True,True,High
USA,Large,Energy,Energy Exploration,"Perry, PA, USA",,42099.0,PA,Name14613326,False,True,False,High
USA,Large,Energy,Energy Exploration,"Perry, PA, USA",,42099.0,PA,Name14613327,True,False,False,Severe
USA,Large,Energy,Energy Exploration,"Perry, PA, USA",,42099.0,PA,Name14613328,True,True,False,Low
USA,Large,Energy,Energy Exploration,"Perry, PA, USA",,42099.0,PA,Name14613329,True,False,False,Low
USA,Large,Energy,Energy Exploration,"Perry, PA, USA",,42099.0,PA,Name14613330,False,True,False,Medium
USA,Large,Consumer Goods,Food & Beverage,"Perry, PA, USA",,42099.0,PA,Name14613331,False,False,True,High
USA,Large,Consumer Goods,Food & Beverage,"Perry, PA, USA",,42099.0,PA,Name14613332,False,True,False,Severe
USA,Large,Consumer Goods,Food & Beverage,"Perry, PA, USA",,42099.0,PA,Name14613333,True,True,False,Low
USA,Large,Consumer Goods,Food & Beverage,"Perry, PA, USA",,42099.0,PA,Name14613334,True,True,False,High
USA,Large,Consumer Goods,Food & Beverage,"Perry, PA, USA",,42099.0,PA,Name14613335,True,False,False,Severe
USA,Large,Consumer Goods,Food & Beverage,"Perry, PA, USA",,42099.0,PA,Name14613336,True,True,False,Low
USA,Large,Consumer Goods,Food & Beverage,"Perry, PA, USA",,42099.0,PA,Name14613338,False,False,True,Severe
USA,Large,Consumer Goods,Food & Beverage,"Perry, PA, USA",,42099.0,PA,Name14613341,True,True,False,High
USA,Large,Consumer Goods,Food & Beverage,"Perry, PA, USA",,42099.0,PA,Name14613342,False,False,True,Medium
USA,Large,Consumer Goods,Food & Beverage,"Perry, PA, USA",,42099.0,PA,Name14613343,False,True,False,High
USA,Large,Consumer Goods,Food & Beverage,"Perry, PA, USA",,42099.0,PA,Name14613344,False,True,False,Medium
USA,Large,Consumer Goods,Food & Beverage,"Perry, PA, USA",,42099.0,PA,Name14613345,True,False,False,Severe
USA,Large,Consumer Goods,Food & Beverage,"Perry, PA, USA",,42099.0,PA,Name14613346,True,False,False,Severe
USA,Large,Consumer Goods,Food & Beverage,"Perry, PA, USA",,42099.0,PA,Name14613347,False,True,True,Low
USA,Large,Consumer Goods,Food & Beverage,"Perry, PA, USA",,42099.0,PA,Name14613348,True,False,False,Medium
USA,Large,Consumer Goods,Food & Beverage,"Perry, PA, USA",,42099.0,PA,Name14613349,False,False,True,Medium
USA,Large,Consumer Goods,Food & Beverage,"Perry, PA, USA",,42099.0,PA,Name14613350,False,False,True,Medium
USA,Large,Consumer Goods,Food & Beverage,"Perry, PA, USA",,42099.0,PA,Name14613351,False,True,False,High
USA,Large,Consumer Goods,Food & Beverage,"Perry, PA, USA",,42099.0,PA,Name14613352,False,False,True,Medium
USA,Large,Consumer Goods,Food & Beverage,"Perry, PA, USA",,42099.0,PA,Name14613353,True,False,False,High
USA,Large,Consumer Goods,Food & Beverage,"Perry, PA, USA",,42099.0,PA,Name14613354,True,False,False,Medium
USA,Large,Consumer Goods,Food & Beverage,"Perry, PA, USA",,42099.0,PA,Name14613355,True,False,False,Medium
USA,Large,Consumer Goods,Food & Beverage,"Perry, PA, USA",,42099.0,PA,Name14613356,True,False,False,Severe
USA,Large,Consumer Goods,Food & Beverage,"Perry, PA, USA",,42099.0,PA,Name14613357,True,False,False,Severe
USA,Large,Consumer Goods,Food & Beverage,"Perry, PA, USA",,42099.0,PA,Name14613359,False,True,True,Low
USA,Large,Consumer Goods,Food & Beverage,"Perry, PA, USA",,42099.0,PA,Name14613361,True,False,False,Low
USA,Large,Consumer Goods,Food & Beverage,"Perry, PA, USA",,42099.0,PA,Name14613362,True,False,False,Severe
USA,Large,Consumer Goods,Food & Beverage,"Perry, PA, USA",,42099.0,PA,Name14613363,False,False,True,High
USA,Large,Consumer Goods,Food & Beverage,"Perry, PA, USA",,42099.0,PA,Name14613364,True,True,False,Low
USA,Large,Consumer Goods,Food & Beverage,"Perry, PA, USA",,42099.0,PA,Name14613365,False,False,True,Low
USA,Large,Consumer Goods,Food & Beverage,"Perry, PA, USA",,42099.0,PA,Name14613366,True,True,False,Medium
USA,Large,Consumer Goods,Food & Beverage,"Perry, PA, USA",,42099.0,PA,Name14613368,False,True,True,Severe
USA,Large,Consumer Goods,Food & Beverage,"Perry, PA, USA",,42099.0,PA,Name14613370,False,True,False,High
USA,Large,Consumer Goods,Food & Beverage,"Perry, PA, USA",,42099.0,PA,Name14613371,False,False,True,Low
USA,Large,Consumer Goods,Food & Beverage,"Perry, PA, USA",,42099.0,PA,Name14613374,True,True,False,High
USA,Large,Consumer Goods,Food & Beverage,"Perry, PA, USA",,42099.0,PA,Name14613375,False,True,True,Severe
USA,Large,Consumer Goods,Food & Beverage,"Perry, PA, USA",,42099.0,PA,Name14613376,True,True,False,High
USA,Large,Consumer Goods,Household Products,"Perry, PA, USA",,42099.0,PA,Name14613378,False,True,False,Severe
USA,Large,Consumer Goods,Household Products,"Perry, PA, USA",,42099.0,PA,Name14613379,False,True,True,Severe
USA,Large,Consumer Goods,Household Products,"Perry, PA, USA",,42099.0,PA,Name14613380,False,False,True,Low
USA,Large,Consumer Goods,Household Products,"Perry, PA, USA",,42099.0,PA,Name14613381,False,False,True,High
USA,Large,Consumer Goods,Household Products,"Perry, PA, USA",,42099.0,PA,Name14613382,False,False,True,High
USA,Large,Consumer Goods,Household Products,"Perry, PA, USA",,42099.0,PA,Name14613383,True,False,False,Medium
USA,Large,Consumer Goods,Household Products,"Perry, PA, USA",,42099.0,PA,Name14613384,True,True,False,Medium
USA,Large,Consumer Goods,Household Products,"Perry, PA, USA",,42099.0,PA,Name14613385,False,True,True,Medium
USA,Large,Consumer Goods,Household Products,"Perry, PA, USA",,42099.0,PA,Name14613386,True,True,False,Low
USA,Large,Consumer Goods,Household Products,"Perry, PA, USA",,42099.0,PA,Name14613387,True,True,False,Medium
USA,Large,Consumer Goods,Apparel,"Perry, PA, USA",,42099.0,PA,Name14613388,False,True,False,High
USA,Large,Consumer Goods,Apparel,"Perry, PA, USA",,42099.0,PA,Name14613389,False,True,True,Medium
USA,Large,Consumer Goods,Apparel,"Perry, PA, USA",,42099.0,PA,Name14613390,False,True,False,Medium
USA,Large,Consumer Goods,Apparel,"Perry, PA, USA",,42099.0,PA,Name14613392,False,False,True,High
USA,Large,Consumer Goods,Apparel,"Perry, PA, USA",,42099.0,PA,Name14613393,True,False,False,Low
USA,Large,Consumer Goods,Apparel,"Perry, PA, USA",,42099.0,PA,Name14613394,False,False,True,Medium
USA,Large,Consumer Goods,Apparel,"Perry, PA, USA",,42099.0,PA,Name14613396,True,False,False,High
USA,Large,Consumer Goods,Apparel,"Perry, PA, USA",,42099.0,PA,Name14613398,False,False,True,High
USA,Large,Consumer Goods,Apparel,"Perry, PA, USA",,42099.0,PA,Name14613399,True,False,False,Medium
USA,Large,Consumer Goods,Apparel,"Perry, PA, USA",,42099.0,PA,Name14613400,False,True,False,Medium
USA,Large,Consumer Goods,Apparel,"Perry, PA, USA",,42099.0,PA,Name14613401,True,True,False,High
USA,Large,Consumer Goods,Apparel,"Perry, PA, USA",,42099.0,PA,Name14613402,True,False,False,High
USA,Large,Consumer Goods,Apparel,"Perry, PA, USA",,42099.0,PA,Name14613403,True,False,False,Medium
USA,Large,Consumer Goods,Apparel,"Perry, PA, USA",,42099.0,PA,Name14613404,True,True,False,Low
USA,Large,Consumer Goods,Apparel,"Perry, PA, USA",,42099.0,PA,Name14613405,True,True,False,Medium
USA,Large,Consumer Goods,Apparel,"Perry, PA, USA",,42099.0,PA,Name14613407,False,True,False,Low
USA,Large,Consumer Goods,Apparel,"Perry, PA, USA",,42099.0,PA,Name14613408,False,True,True,Medium
USA,Large,Consumer Goods,Apparel,"Perry, PA, USA",,42099.0,PA,Name14613409,False,True,False,Medium
USA,Large,Consumer Goods,Apparel,"Perry, PA, USA",,42099.0,PA,Name14613410,False,False,True,Medium
USA,Large,Utilities,Electric,"Perry, PA, USA",,42099.0,PA,Name14613411,True,False,False,High
USA,Large,Utilities,Electric,"Perry, PA, USA",,42099.0,PA,Name14613412,False,True,True,High
USA,Large,Utilities,Electric,"Perry, PA, USA",,42099.0,PA,Name14613413,True,True,False,Low
USA,Large,Utilities,Electric,"Perry, PA, USA",,42099.0,PA,Name14613414,False,True,True,Medium
USA,Large,Utilities,Electric,"Perry, PA, USA",,42099.0,PA,Name14613415,True,True,False,Severe
USA,Large,Utilities,Electric,"Perry, PA, USA",,42099.0,PA,Name14613416,False,False,True,Medium
USA,Large,Utilities,Electric,"Perry, PA, USA",,42099.0,PA,Name14613417,True,True,False,Severe
USA,Large,Utilities,Electric,"Perry, PA, USA",,42099.0,PA,Name14613418,False,True,True,High
USA,Large,Utilities,Electric,"Perry, PA, USA",,42099.0,PA,Name14613419,False,True,False,Low
USA,Large,Utilities,Electric,"Perry, PA, USA",,42099.0,PA,Name14613420,False,True,True,Low
USA,Large,Utilities,Electric,"Perry, PA, USA",,42099.0,PA,Name14613421,True,True,False,Medium
USA,Large,Utilities,Electric,"Perry, PA, USA",,42099.0,PA,Name14613423,True,True,False,Severe
USA,Large,Utilities,Electric,"Perry, PA, USA",,42099.0,PA,Name14613424,True,True,False,Medium
USA,Large,Utilities,Electric,"Perry, PA, USA",,42099.0,PA,Name14613425,False,False,True,Severe
USA,Large,Utilities,Electric,"Perry, PA, USA",,42099.0,PA,Name14613426,True,False,False,Low
USA,Large,Utilities,Electric,"Perry, PA, USA",,42099.0,PA,Name14613427,False,True,True,High
USA,Large,Utilities,Electric,"Perry, PA, USA",,42099.0,PA,Name14613429,True,True,False,Low
USA,Large,Utilities,Electric,"Perry, PA, USA",,42099.0,PA,Name14613430,False,True,True,Low
USA,Large,Utilities,Water,"Perry, PA, USA",,42099.0,PA,Name14613431,True,True,False,High
USA,Large,Utilities,Water,"Perry, PA, USA",,42099.0,PA,Name14613432,False,True,True,Medium
USA,Large,Utilities,Water,"Perry, PA, USA",,42099.0,PA,Name14613433,True,True,False,Severe
USA,Large,Utilities,Water,"Perry, PA, USA",,42099.0,PA,Name14613434,False,False,True,Severe
USA,Large,Utilities,Water,"Perry, PA, USA",,42099.0,PA,Name14613435,False,False,True,Medium
USA,Large,Utilities,Water,"Perry, PA, USA",,42099.0,PA,Name14613436,True,True,False,Severe
USA,Large,Utilities,Water,"Perry, PA, USA",,42099.0,PA,Name14613437,True,False,False,High
USA,Large,Utilities,Water,"Perry, PA, USA",,42099.0,PA,Name14613438,False,False,True,Severe
USA,Large,Utilities,Water,"Perry, PA, USA",,42099.0,PA,Name14613439,True,False,False,High
USA,Large,Utilities,Water,"Perry, PA, USA",,42099.0,PA,Name14613440,True,False,False,Medium
USA,Large,Utilities,Water,"Perry, PA, USA",,42099.0,PA,Name14613441,False,True,True,Severe
USA,Large,Utilities,Water,"Perry, PA, USA",,42099.0,PA,Name14613442,False,False,True,High
USA,Large,Utilities,Water,"Perry, PA, USA",,42099.0,PA,Name14613443,True,False,False,Medium
USA,Large,Utilities,Water,"Perry, PA, USA",,42099.0,PA,Name14613444,True,True,False,Severe
USA,Large,Utilities,Water,"Perry, PA, USA",,42099.0,PA,Name14613445,True,True,False,Severe
USA,Large,Utilities,Water,"Perry, PA, USA",,42099.0,PA,Name14613446,False,False,True,High
USA,Large,Utilities,Water,"Perry, PA, USA",,42099.0,PA,Name14613447,False,False,True,Low
USA,Large,Utilities,Water,"Perry, PA, USA",,42099.0,PA,Name14613448,True,True,False,Low
USA,Large,Utilities,Water,"Perry, PA, USA",,42099.0,PA,Name14613449,False,False,True,Low
USA,Large,Utilities,Water,"Perry, PA, USA",,42099.0,PA,Name14613450,True,False,False,High
USA,Large,Utilities,Water,"Perry, PA, USA",,42099.0,PA,Name14613451,False,True,False,Low
USA,Large,Utilities,Water,"Perry, PA, USA",,42099.0,PA,Name14613452,False,False,True,Severe
USA,Large,Utilities,Water,"Perry, PA, USA",,42099.0,PA,Name14613453,True,False,False,Medium
USA,Large,Utilities,Water,"Perry, PA, USA",,42099.0,PA,Name14613455,False,True,False,Low
USA,Large,Utilities,Water,"Perry, PA, USA",,42099.0,PA,Name14613456,False,True,True,Medium
USA,Large,Utilities,Water,"Perry, PA, USA",,42099.0,PA,Name14613457,False,False,True,Medium
USA,Large,Utilities,Water,"Perry, PA, USA",,42099.0,PA,Name14613458,True,False,False,High
USA,Large,Utilities,Water,"Perry, PA, USA",,42099.0,PA,Name14613460,True,True,False,Medium
USA,Large,Utilities,Water,"Perry, PA, USA",,42099.0,PA,Name14613462,True,True,False,Low
USA,Large,Utilities,Water,"Perry, PA, USA",,42099.0,PA,Name14613463,True,True,False,Severe
USA,Large,Utilities,Water,"Perry, PA, USA",,42099.0,PA,Name14613464,True,False,False,High
USA,Large,Utilities,Gas,"Perry, PA, USA",,42099.0,PA,Name14613465,True,False,False,Medium
USA,Large,Utilities,Gas,"Perry, PA, USA",,42099.0,PA,Name14613467,True,False,False,Severe
USA,Large,Utilities,Gas,"Perry, PA, USA",,42099.0,PA,Name14613468,True,True,False,Medium
USA,Large,Utilities,Gas,"Perry, PA, USA",,42099.0,PA,Name14613469,True,False,False,Severe
USA,Large,Utilities,Gas,"Perry, PA, USA",,42099.0,PA,Name14613471,False,True,False,Medium
USA,Large,Utilities,Gas,"Perry, PA, USA",,42099.0,PA,Name14613473,True,True,False,Low
USA,Large,Utilities,Gas,"Perry, PA, USA",,42099.0,PA,Name14613474,True,False,False,Medium
USA,Large,Utilities,Gas,"Perry, PA, USA",,42099.0,PA,Name14613476,True,True,False,High
USA,Large,Utilities,Gas,"Perry, PA, USA",,42099.0,PA,Name14613477,True,True,False,Medium
USA,Large,Utilities,Gas,"Perry, PA, USA",,42099.0,PA,Name14613478,False,True,True,Severe
USA,Large,Utilities,Gas,"Perry, PA, USA",,42099.0,PA,Name14613479,True,True,False,Severe
USA,Large,Utilities,Gas,"Perry, PA, USA",,42099.0,PA,Name14613480,True,False,False,High
USA,Large,Utilities,Gas,"Perry, PA, USA",,42099.0,PA,Name14613481,True,True,False,Low
USA,Large,Utilities,Gas,"Perry, PA, USA",,42099.0,PA,Name14613482,False,False,True,Severe
USA,Large,Utilities,Gas,"Perry, PA, USA",,42099.0,PA,Name14613483,False,False,True,Severe
USA,Large,Utilities,Gas,"Perry, PA, USA",,42099.0,PA,Name14613484,True,True,False,Severe
USA,Large,Utilities,Gas,"Perry, PA, USA",,42099.0,PA,Name14613485,False,True,False,High
USA,Large,Utilities,Gas,"Perry, PA, USA",,42099.0,PA,Name14613486,False,False,True,Medium
USA,Large,Utilities,Gas,"Perry, PA, USA",,42099.0,PA,Name14613487,True,True,False,Low
USA,Large,Utilities,Gas,"Perry, PA, USA",,42099.0,PA,Name14613488,True,False,False,High
USA,Large,Utilities,Gas,"Perry, PA, USA",,42099.0,PA,Name14613489,False,False,True,High
USA,Large,Utilities,Gas,"Perry, PA, USA",,42099.0,PA,Name14613491,True,True,False,High
USA,Large,Utilities,Gas,"Perry, PA, USA",,42099.0,PA,Name14613492,True,False,False,Low
USA,Large,Utilities,Gas,"Perry, PA, USA",,42099.0,PA,Name14613493,True,False,False,High
USA,Large,Utilities,Gas,"Perry, PA, USA",,42099.0,PA,Name14613494,True,False,False,High
USA,Large,Utilities,Gas,"Perry, PA, USA",,42099.0,PA,Name14613495,True,False,False,Medium
USA,Large,Utilities,Gas,"Perry, PA, USA",,42099.0,PA,Name14613496,False,True,False,Severe
USA,Large,Utilities,Gas,"Perry, PA, USA",,42099.0,PA,Name14613497,True,True,False,Low
USA,Large,Utilities,Gas,"Perry, PA, USA",,42099.0,PA,Name14613498,False,True,True,Medium
USA,Large,Utilities,Gas,"Perry, PA, USA",,42099.0,PA,Name14613499,False,True,True,Severe
USA,Large,Utilities,Gas,"Perry, PA, USA",,42099.0,PA,Name14613500,True,False,False,Low
USA,Large,Utilities,Gas,"Perry, PA, USA",,42099.0,PA,Name14613502,False,True,False,Severe
USA,Large,Utilities,Gas,"Perry, PA, USA",,42099.0,PA,Name14613503,True,False,False,Low
USA,Large,Utilities,Gas,"Perry, PA, USA",,42099.0,PA,Name14613504,False,True,True,High
USA,Large,Utilities,Gas,"Perry, PA, USA",,42099.0,PA,Name14613505,True,True,False,Medium
USA,Large,Utilities,Gas,"Perry, PA, USA",,42099.0,PA,Name14613506,False,True,False,High
USA,Large,Utilities,Gas,"Perry, PA, USA",,42099.0,PA,Name14613508,False,False,True,High
USA,Large,Utilities,Gas,"Perry, PA, USA",,42099.0,PA,Name14613509,True,False,False,Low
USA,Large,Utilities,Gas,"Perry, PA, USA",,42099.0,PA,Name14613511,True,True,False,High
USA,Large,Utilities,Gas,"Perry, PA, USA",,42099.0,PA,Name14613512,True,False,False,High
USA,Large,Utilities,Gas,"Perry, PA, USA",,42099.0,PA,Name14613513,False,False,True,Low
USA,Large,Real Estate,Residential,"Perry, PA, USA",,42099.0,PA,Name14613514,True,True,False,Severe
USA,Large,Real Estate,Residential,"Perry, PA, USA",,42099.0,PA,Name14613517,True,True,False,Severe
USA,Large,Real Estate,Residential,"Perry, PA, USA",,42099.0,PA,Name14613518,True,True,False,Low
USA,Large,Real Estate,Residential,"Perry, PA, USA",,42099.0,PA,Name14613519,False,True,False,High
USA,Large,Real Estate,Residential,"Perry, PA, USA",,42099.0,PA,Name14613520,True,True,False,Severe
USA,Large,Real Estate,Residential,"Perry, PA, USA",,42099.0,PA,Name14613521,False,True,False,High
USA,Large,Real Estate,Residential,"Perry, PA, USA",,42099.0,PA,Name14613522,False,False,True,Severe
USA,Large,Real Estate,Residential,"Perry, PA, USA",,42099.0,PA,Name14613523,True,False,False,Low
USA,Large,Real Estate,Residential,"Perry, PA, USA",,42099.0,PA,Name14613524,True,False,False,Medium
USA,Large,Real Estate,Residential,"Perry, PA, USA",,42099.0,PA,Name14613525,False,False,True,Severe
USA,Large,Real Estate,Residential,"Perry, PA, USA",,42099.0,PA,Name14613526,False,True,False,Severe
USA,Large,Real Estate,Residential,"Perry, PA, USA",,42099.0,PA,Name14613527,True,False,False,Severe
USA,Large,Real Estate,Residential,"Perry, PA, USA",,42099.0,PA,Name14613528,True,False,False,Severe
USA,Large,Real Estate,Residential,"Perry, PA, USA",,42099.0,PA,Name14613529,False,True,True,Severe
USA,Large,Real Estate,Commercial,"Perry, PA, USA",,42099.0,PA,Name14613530,True,True,False,Low
USA,Large,Real Estate,Commercial,"Perry, PA, USA",,42099.0,PA,Name14613531,False,True,False,Low
USA,Large,Real Estate,Commercial,"Perry, PA, USA",,42099.0,PA,Name14613533,False,True,True,Severe
USA,Large,Real Estate,Commercial,"Perry, PA, USA",,42099.0,PA,Name14613534,True,True,False,Low
USA,Large,Real Estate,Commercial,"Perry, PA, USA",,42099.0,PA,Name14613535,True,False,False,Medium
USA,Large,Real Estate,Commercial,"Perry, PA, USA",,42099.0,PA,Name14613536,True,False,False,Medium
USA,Large,Real Estate,Commercial,"Perry, PA, USA",,42099.0,PA,Name14613537,True,True,False,Low
USA,Large,Real Estate,Commercial,"Perry, PA, USA",,42099.0,PA,Name14613538,False,True,True,Low
USA,Large,Real Estate,Commercial,"Perry, PA, USA",,42099.0,PA,Name14613539,True,False,False,Low
USA,Large,Real Estate,Commercial,"Perry, PA, USA",,42099.0,PA,Name14613540,True,True,False,Severe
USA,Large,Real Estate,Commercial,"Perry, PA, USA",,42099.0,PA,Name14613541,True,False,False,High
USA,Large,Real Estate,Commercial,"Perry, PA, USA",,42099.0,PA,Name14613542,True,False,False,Low
USA,Large,Real Estate,Commercial,"Perry, PA, USA",,42099.0,PA,Name14613543,False,True,False,Low
USA,Large,Real Estate,Commercial,"Perry, PA, USA",,42099.0,PA,Name14613544,False,True,True,Severe
USA,Large,Real Estate,Commercial,"Perry, PA, USA",,42099.0,PA,Name14613545,False,False,True,Severe
USA,Large,Real Estate,Commercial,"Perry, PA, USA",,42099.0,PA,Name14613547,False,True,False,Medium
USA,Large,Real Estate,Commercial,"Perry, PA, USA",,42099.0,PA,Name14613548,False,True,False,High
USA,Large,Real Estate,Commercial,"Perry, PA, USA",,42099.0,PA,Name14613549,False,True,False,Low
USA,Large,Real Estate,Commercial,"Perry, PA, USA",,42099.0,PA,Name14613550,False,True,True,Low
USA,Large,Real Estate,Commercial,"Perry, PA, USA",,42099.0,PA,Name14613551,True,False,False,Low
USA,Large,Real Estate,Commercial,"Perry, PA, USA",,42099.0,PA,Name14613552,True,True,False,Low
USA,Large,Real Estate,Commercial,"Perry, PA, USA",,42099.0,PA,Name14613553,False,True,False,Severe
USA,Large,Real Estate,Commercial,"Perry, PA, USA",,42099.0,PA,Name14613555,True,False,False,Severe
USA,Large,Real Estate,Commercial,"Perry, PA, USA",,42099.0,PA,Name14613556,False,True,True,High
USA,Large,Real Estate,Commercial,"Perry, PA, USA",,42099.0,PA,Name14613557,True,False,False,Medium
USA,Large,Real Estate,Commercial,"Perry, PA, USA",,42099.0,PA,Name14613559,True,True,False,Severe
USA,Large,Real Estate,Commercial,"Perry, PA, USA",,42099.0,PA,Name14613560,False,False,True,Medium
USA,Large,Real Estate,Commercial,"Perry, PA, USA",,42099.0,PA,Name14613561,True,False,False,Severe
USA,Large,Real Estate,Commercial,"Perry, PA, USA",,42099.0,PA,Name14613562,True,False,False,High
USA,Large,Real Estate,Commercial,"Perry, PA, USA",,42099.0,PA,Name14613563,True,True,False,Severe
USA,Large,Real Estate,Commercial,"Perry, PA, USA",,42099.0,PA,Name14613564,True,True,False,Low
USA,Large,Real Estate,Commercial,"Perry, PA, USA",,42099.0,PA,Name14613565,True,False,False,High
USA,Large,Real Estate,Commercial,"Perry, PA, USA",,42099.0,PA,Name14613566,True,False,False,Low
USA,Large,Real Estate,Commercial,"Perry, PA, USA",,42099.0,PA,Name14613567,True,False,False,Severe
USA,Large,Real Estate,Commercial,"Perry, PA, USA",,42099.0,PA,Name14613568,True,False,False,Low
USA,Large,Real Estate,Commercial,"Perry, PA, USA",,42099.0,PA,Name14613569,False,False,True,Low
USA,Large,Real Estate,Industrial,"Perry, PA, USA",,42099.0,PA,Name14613571,False,False,True,Low
USA,Large,Real Estate,Industrial,"Perry, PA, USA",,42099.0,PA,Name14613572,False,True,False,Severe
USA,Large,Real Estate,Industrial,"Perry, PA, USA",,42099.0,PA,Name14613573,False,False,True,Low
USA,Large,Real Estate,Industrial,"Perry, PA, USA",,42099.0,PA,Name14613574,True,False,False,Low
USA,Large,Real Estate,Industrial,"Perry, PA, USA",,42099.0,PA,Name14613575,True,True,False,Low
USA,Large,Real Estate,Industrial,"Perry, PA, USA",,42099.0,PA,Name14613576,True,True,False,Medium
USA,Large,Real Estate,Industrial,"Perry, PA, USA",,42099.0,PA,Name14613577,False,False,True,Severe
USA,Large,Real Estate,Industrial,"Perry, PA, USA",,42099.0,PA,Name14613579,True,True,False,Low
USA,Large,Real Estate,Industrial,"Perry, PA, USA",,42099.0,PA,Name14613581,True,False,False,High
USA,Large,Real Estate,Industrial,"Perry, PA, USA",,42099.0,PA,Name14613582,True,True,False,Medium
USA,Large,Real Estate,Industrial,"Perry, PA, USA",,42099.0,PA,Name14613583,False,True,True,Severe
USA,Large,Real Estate,Industrial,"Perry, PA, USA",,42099.0,PA,Name14613584,True,True,False,Severe
USA,Large,Real Estate,Industrial,"Perry, PA, USA",,42099.0,PA,Name14613585,False,True,False,High
USA,Large,Real Estate,Industrial,"Perry, PA, USA",,42099.0,PA,Name14613586,True,True,False,Low
USA,Large,Telecommunications,Mobile,"Perry, PA, USA",,42099.0,PA,Name14613587,True,False,False,Medium
USA,Large,Telecommunications,Mobile,"Perry, PA, USA",,42099.0,PA,Name14613588,False,False,True,Low
USA,Large,Telecommunications,Mobile,"Perry, PA, USA",,42099.0,PA,Name14613589,True,False,False,High
USA,Large,Telecommunications,Mobile,"Perry, PA, USA",,42099.0,PA,Name14613590,False,False,True,Severe
USA,Large,Telecommunications,Mobile,"Perry, PA, USA",,42099.0,PA,Name14613591,False,False,True,High
USA,Large,Telecommunications,Mobile,"Perry, PA, USA",,42099.0,PA,Name14613592,True,True,False,Medium
USA,Large,Telecommunications,Mobile,"Perry, PA, USA",,42099.0,PA,Name14613593,True,False,False,Severe
USA,Large,Telecommunications,Mobile,"Perry, PA, USA",,42099.0,PA,Name14613594,False,False,True,Medium
USA,Large,Telecommunications,Mobile,"Perry, PA, USA",,42099.0,PA,Name14613595,True,False,False,Medium
USA,Large,Telecommunications,Mobile,"Perry, PA, USA",,42099.0,PA,Name14613596,True,True,False,Medium
USA,Large,Telecommunications,Mobile,"Perry, PA, USA",,42099.0,PA,Name14613597,False,True,False,Low
USA,Large,Telecommunications,Mobile,"Perry, PA, USA",,42099.0,PA,Name14613598,True,True,False,Medium
USA,Large,Telecommunications,Mobile,"Perry, PA, USA",,42099.0,PA,Name14613599,True,False,False,Medium
USA,Large,Telecommunications,Mobile,"Perry, PA, USA",,42099.0,PA,Name14613600,False,True,False,Low
USA,Large,Telecommunications,Mobile,"Perry, PA, USA",,42099.0,PA,Name14613601,True,True,False,Medium
USA,Large,Telecommunications,Mobile,"Perry, PA, USA",,42099.0,PA,Name14613602,False,False,True,Low
USA,Large,Telecommunications,Mobile,"Perry, PA, USA",,42099.0,PA,Name14613603,True,False,False,Low
USA,Large,Telecommunications,Mobile,"Perry, PA, USA",,42099.0,PA,Name14613604,True,False,False,High
USA,Large,Telecommunications,Mobile,"Perry, PA, USA",,42099.0,PA,Name14613605,False,False,True,Medium
USA,Large,Telecommunications,Broadband,"Perry, PA, USA",,42099.0,PA,Name14613606,True,False,False,Severe
USA,Large,Telecommunications,Broadband,"Perry, PA, USA",,42099.0,PA,Name14613607,False,True,True,Low
USA,Large,Telecommunications,Broadband,"Perry, PA, USA",,42099.0,PA,Name14613608,True,True,False,Medium
USA,Large,Telecommunications,Broadband,"Perry, PA, USA",,42099.0,PA,Name14613611,True,False,False,High
USA,Large,Telecommunications,Broadband,"Perry, PA, USA",,42099.0,PA,Name14613612,False,True,True,Low
USA,Large,Telecommunications,Broadband,"Perry, PA, USA",,42099.0,PA,Name14613613,True,False,False,High
USA,Large,Telecommunications,Broadband,"Perry, PA, USA",,42099.0,PA,Name14613614,True,False,False,High
USA,Large,Telecommunications,Broadband,"Perry, PA, USA",,42099.0,PA,Name14613615,True,True,False,High
USA,Large,Telecommunications,Broadband,"Perry, PA, USA",,42099.0,PA,Name14613616,True,False,False,Low
USA,Large,Telecommunications,Broadband,"Perry, PA, USA",,42099.0,PA,Name14613617,True,True,False,Severe
USA,Large,Telecommunications,Broadband,"Perry, PA, USA",,42099.0,PA,Name14613618,True,True,False,High
USA,Large,Telecommunications,Broadband,"Perry, PA, USA",,42099.0,PA,Name14613619,False,True,True,Low
USA,Large,Telecommunications,Broadband,"Perry, PA, USA",,42099.0,PA,Name14613620,True,False,False,Low
USA,Large,Telecommunications,Broadband,"Perry, PA, USA",,42099.0,PA,Name14613622,False,True,True,Low
USA,Large,Telecommunications,Broadband,"Perry, PA, USA",,42099.0,PA,Name14613623,False,True,True,Severe
USA,Large,Telecommunications,Broadband,"Perry, PA, USA",,42099.0,PA,Name14613624,True,False,False,Low
USA,Large,Telecommunications,Broadband,"Perry, PA, USA",,42099.0,PA,Name14613625,False,True,False,Severe
USA,Large,Telecommunications,Broadband,"Perry, PA, USA",,42099.0,PA,Name14613626,True,True,False,High
USA,Large,Telecommunications,Broadband,"Perry, PA, USA",,42099.0,PA,Name14613627,False,False,True,Medium
USA,Large,Telecommunications,Broadband,"Perry, PA, USA",,42099.0,PA,Name14613628,False,True,False,Medium
USA,Large,Telecommunications,Broadband,"Perry, PA, USA",,42099.0,PA,Name14613630,False,False,True,Low
USA,Large,Telecommunications,Broadband,"Perry, PA, USA",,42099.0,PA,Name14613631,False,True,True,Medium
USA,Large,Telecommunications,Broadband,"Perry, PA, USA",,42099.0,PA,Name14613632,False,True,True,Medium
USA,Large,Telecommunications,Broadband,"Perry, PA, USA",,42099.0,PA,Name14613633,True,False,False,Medium
USA,Large,Telecommunications,Broadband,"Perry, PA, USA",,42099.0,PA,Name14613634,False,True,False,Severe
USA,Large,Telecommunications,Broadband,"Perry, PA, USA",,42099.0,PA,Name14613635,False,True,False,High
USA,Large,Telecommunications,Broadband,"Perry, PA, USA",,42099.0,PA,Name14613636,True,False,False,Severe
USA,Large,Telecommunications,Broadband,"Perry, PA, USA",,42099.0,PA,Name14613637,False,False,True,Low
USA,Large,Telecommunications,Broadband,"Perry, PA, USA",,42099.0,PA,Name14613640,False,False,True,High
USA,Large,Telecommunications,Broadband,"Perry, PA, USA",,42099.0,PA,Name14613641,True,False,False,Severe
USA,Large,Telecommunications,Broadband,"Perry, PA, USA",,42099.0,PA,Name14613642,False,False,True,Low
USA,Large,Telecommunications,Broadband,"Perry, PA, USA",,42099.0,PA,Name14613643,False,True,False,Severe
USA,Large,Telecommunications,Satellite,"Perry, PA, USA",,42099.0,PA,Name14613644,True,True,False,Low
USA,Large,Telecommunications,Satellite,"Perry, PA, USA",,42099.0,PA,Name14613645,False,True,True,Severe
USA,Large,Telecommunications,Satellite,"Perry, PA, USA",,42099.0,PA,Name14613647,False,False,True,Severe
USA,Large,Telecommunications,Satellite,"Perry, PA, USA",,42099.0,PA,Name14613648,True,False,False,Low
USA,Large,Telecommunications,Satellite,"Perry, PA, USA",,42099.0,PA,Name14613649,True,True,False,Low
USA,Large,Telecommunications,Satellite,"Perry, PA, USA",,42099.0,PA,Name14613650,True,False,False,High
USA,Large,Telecommunications,Satellite,"Perry, PA, USA",,42099.0,PA,Name14613651,True,True,False,Severe
USA,Large,Telecommunications,Satellite,"Perry, PA, USA",,42099.0,PA,Name14613652,False,True,True,Low
USA,Large,Telecommunications,Satellite,"Perry, PA, USA",,42099.0,PA,Name14613653,True,True,False,Medium
USA,Large,Telecommunications,Satellite,"Perry, PA, USA",,42099.0,PA,Name14613656,True,False,False,Severe
USA,Large,Telecommunications,Satellite,"Perry, PA, USA",,42099.0,PA,Name14613657,False,True,True,High
USA,Large,Telecommunications,Satellite,"Perry, PA, USA",,42099.0,PA,Name14613658,True,False,False,Severe
USA,Large,Telecommunications,Satellite,"Perry, PA, USA",,42099.0,PA,Name14613659,False,False,True,Severe
USA,Large,Telecommunications,Satellite,"Perry, PA, USA",,42099.0,PA,Name14613660,True,False,False,Severe
USA,Large,Materials,Chemicals,"Perry, PA, USA",,42099.0,PA,Name14613661,True,True,False,Severe
USA,Large,Materials,Chemicals,"Perry, PA, USA",,42099.0,PA,Name14613662,True,False,False,Low
USA,Large,Materials,Chemicals,"Perry, PA, USA",,42099.0,PA,Name14613663,False,True,False,Severe
USA,Large,Materials,Chemicals,"Perry, PA, USA",,42099.0,PA,Name14613664,True,False,False,Severe
USA,Large,Materials,Chemicals,"Perry, PA, USA",,42099.0,PA,Name14613665,False,False,True,Medium
USA,Large,Materials,Chemicals,"Perry, PA, USA",,42099.0,PA,Name14613666,True,False,False,Severe
USA,Large,Materials,Chemicals,"Perry, PA, USA",,42099.0,PA,Name14613667,True,False,False,Low
USA,Large,Materials,Chemicals,"Perry, PA, USA",,42099.0,PA,Name14613668,False,False,True,Low
USA,Large,Materials,Chemicals,"Perry, PA, USA",,42099.0,PA,Name14613669,True,True,False,High
USA,Large,Materials,Chemicals,"Perry, PA, USA",,42099.0,PA,Name14613670,True,False,False,Severe
USA,Large,Materials,Chemicals,"Perry, PA, USA",,42099.0,PA,Name14613671,False,True,True,High
USA,Large,Materials,Chemicals,"Perry, PA, USA",,42099.0,PA,Name14613673,False,True,True,Severe
USA,Large,Materials,Chemicals,"Perry, PA, USA",,42099.0,PA,Name14613674,False,True,False,Medium
USA,Large,Materials,Chemicals,"Perry, PA, USA",,42099.0,PA,Name14613675,False,True,False,Severe
USA,Large,Materials,Chemicals,"Perry, PA, USA",,42099.0,PA,Name14613676,False,True,True,High
USA,Large,Materials,Chemicals,"Perry, PA, USA",,42099.0,PA,Name14613677,True,True,False,Severe
USA,Large,Materials,Chemicals,"Perry, PA, USA",,42099.0,PA,Name14613678,True,True,False,Medium
USA,Large,Materials,Chemicals,"Perry, PA, USA",,42099.0,PA,Name14613679,False,False,True,Low
USA,Large,Materials,Chemicals,"Perry, PA, USA",,42099.0,PA,Name14613680,True,False,False,Low
USA,Large,Materials,Chemicals,"Perry, PA, USA",,42099.0,PA,Name14613681,False,False,True,Medium
USA,Large,Materials,Chemicals,"Perry, PA, USA",,42099.0,PA,Name14613682,True,False,False,High
USA,Large,Materials,Chemicals,"Perry, PA, USA",,42099.0,PA,Name14613683,False,False,True,High
USA,Large,Materials,Chemicals,"Perry, PA, USA",,42099.0,PA,Name14613684,False,True,True,Severe
USA,Large,Materials,Chemicals,"Perry, PA, USA",,42099.0,PA,Name14613686,True,False,False,Low
USA,Large,Materials,Chemicals,"Perry, PA, USA",,42099.0,PA,Name14613687,True,False,False,Severe
USA,Large,Materials,Chemicals,"Perry, PA, USA",,42099.0,PA,Name14613688,True,True,False,Low
USA,Large,Materials,Chemicals,"Perry, PA, USA",,42099.0,PA,Name14613689,False,True,False,Low
USA,Large,Materials,Chemicals,"Perry, PA, USA",,42099.0,PA,Name14613691,True,True,False,Medium
USA,Large,Materials,Chemicals,"Perry, PA, USA",,42099.0,PA,Name14613692,True,True,False,High
USA,Large,Materials,Chemicals,"Perry, PA, USA",,42099.0,PA,Name14613693,False,True,False,Low
USA,Large,Materials,Chemicals,"Perry, PA, USA",,42099.0,PA,Name14613695,True,True,False,Severe
USA,Large,Materials,Chemicals,"Perry, PA, USA",,42099.0,PA,Name14613696,False,True,False,High
USA,Large,Materials,Chemicals,"Perry, PA, USA",,42099.0,PA,Name14613698,False,True,True,High
USA,Large,Materials,Metals & Mining,"Perry, PA, USA",,42099.0,PA,Name14613699,True,False,False,Severe
USA,Large,Materials,Metals & Mining,"Perry, PA, USA",,42099.0,PA,Name14613700,True,True,False,Low
USA,Large,Materials,Metals & Mining,"Perry, PA, USA",,42099.0,PA,Name14613701,True,True,False,High
USA,Large,Materials,Metals & Mining,"Perry, PA, USA",,42099.0,PA,Name14613702,True,True,False,Low
USA,Large,Materials,Metals & Mining,"Perry, PA, USA",,42099.0,PA,Name14613703,True,True,False,High
USA,Large,Materials,Metals & Mining,"Perry, PA, USA",,42099.0,PA,Name14613704,True,True,False,Low
USA,Large,Materials,Metals & Mining,"Perry, PA, USA",,42099.0,PA,Name14613705,True,False,False,Medium
USA,Large,Materials,Metals & Mining,"Perry, PA, USA",,42099.0,PA,Name14613706,False,True,False,Severe
USA,Large,Materials,Metals & Mining,"Perry, PA, USA",,42099.0,PA,Name14613707,False,True,True,High
USA,Large,Materials,Metals & Mining,"Perry, PA, USA",,42099.0,PA,Name14613708,True,True,False,High
USA,Large,Materials,Metals & Mining,"Perry, PA, USA",,42099.0,PA,Name14613709,True,False,False,High
USA,Large,Materials,Metals & Mining,"Perry, PA, USA",,42099.0,PA,Name14613710,False,True,True,Severe
USA,Large,Materials,Metals & Mining,"Perry, PA, USA",,42099.0,PA,Name14613712,False,True,False,Low
USA,Large,Materials,Metals & Mining,"Perry, PA, USA",,42099.0,PA,Name14613713,True,True,False,Severe
USA,Large,Materials,Metals & Mining,"Perry, PA, USA",,42099.0,PA,Name14613714,True,True,False,Medium
USA,Large,Materials,Metals & Mining,"Perry, PA, USA",,42099.0,PA,Name14613715,False,False,True,High
USA,Large,Materials,Metals & Mining,"Perry, PA, USA",,42099.0,PA,Name14613716,False,True,False,High
USA,Large,Materials,Metals & Mining,"Perry, PA, USA",,42099.0,PA,Name14613717,True,True,False,Low
USA,Large,Materials,Metals & Mining,"Perry, PA, USA",,42099.0,PA,Name14613718,False,True,False,Medium
USA,Large,Materials,Metals & Mining,"Perry, PA, USA",,42099.0,PA,Name14613719,True,True,False,Severe
USA,Large,Materials,Metals & Mining,"Perry, PA, USA",,42099.0,PA,Name14613720,False,True,True,High
USA,Large,Materials,Construction Materials,"Perry, PA, USA",,42099.0,PA,Name14613721,True,False,False,Severe
USA,Large,Materials,Construction Materials,"Perry, PA, USA",,42099.0,PA,Name14613722,True,True,False,High
USA,Large,Materials,Construction Materials,"Perry, PA, USA",,42099.0,PA,Name14613723,True,True,False,Medium
USA,Large,Materials,Construction Materials,"Perry, PA, USA",,42099.0,PA,Name14613724,True,False,False,High
USA,Large,Materials,Construction Materials,"Perry, PA, USA",,42099.0,PA,Name14613725,True,True,False,High
USA,Large,Materials,Construction Materials,"Perry, PA, USA",,42099.0,PA,Name14613726,True,False,False,Medium
USA,Large,Materials,Construction Materials,"Perry, PA, USA",,42099.0,PA,Name14613727,False,True,True,High
USA,Large,Materials,Construction Materials,"Perry, PA, USA",,42099.0,PA,Name14613728,True,True,False,High
USA,Large,Materials,Construction Materials,"Perry, PA, USA",,42099.0,PA,Name14613729,False,True,True,High
USA,Large,Materials,Construction Materials,"Perry, PA, USA",,42099.0,PA,Name14613730,False,True,False,Medium
USA,Large,Materials,Construction Materials,"Perry, PA, USA",,42099.0,PA,Name14613732,True,True,False,Medium
USA,Large,Materials,Construction Materials,"Perry, PA, USA",,42099.0,PA,Name14613733,False,True,False,Medium
USA,Large,Materials,Construction Materials,"Perry, PA, USA",,42099.0,PA,Name14613734,False,True,False,High
USA,Large,Materials,Construction Materials,"Perry, PA, USA",,42099.0,PA,Name14613735,False,False,True,Low
USA,Large,Materials,Construction Materials,"Perry, PA, USA",,42099.0,PA,Name14613737,True,False,False,Low
USA,Large,Materials,Construction Materials,"Perry, PA, USA",,42099.0,PA,Name14613738,False,False,True,Medium
USA,Large,Materials,Construction Materials,"Perry, PA, USA",,42099.0,PA,Name14613739,True,True,False,Medium
USA,Large,Materials,Construction Materials,"Perry, PA, USA",,42099.0,PA,Name14613740,True,True,False,Severe
USA,Large,Materials,Construction Materials,"Perry, PA, USA",,42099.0,PA,Name14613741,True,False,False,High
USA,Large,Materials,Construction Materials,"Perry, PA, USA",,42099.0,PA,Name14613742,True,False,False,Severe
USA,Large,Materials,Construction Materials,"Perry, PA, USA",,42099.0,PA,Name14613743,True,True,False,High
USA,Large,Materials,Construction Materials,"Perry, PA, USA",,42099.0,PA,Name14613744,True,True,False,High
USA,Large,Materials,Construction Materials,"Perry, PA, USA",,42099.0,PA,Name14613746,False,True,True,Low
USA,Large,Materials,Construction Materials,"Perry, PA, USA",,42099.0,PA,Name14613747,True,False,False,Low
USA,Large,Industrials,Aerospace & Defense,"Perry, PA, USA",,42099.0,PA,Name14613748,True,True,False,Medium
USA,Large,Industrials,Aerospace & Defense,"Perry, PA, USA",,42099.0,PA,Name14613750,False,False,True,Severe
USA,Large,Industrials,Aerospace & Defense,"Perry, PA, USA",,42099.0,PA,Name14613751,True,True,False,Medium
USA,Large,Industrials,Aerospace & Defense,"Perry, PA, USA",,42099.0,PA,Name14613752,True,False,False,Medium
USA,Large,Industrials,Aerospace & Defense,"Perry, PA, USA",,42099.0,PA,Name14613753,True,True,False,Medium
USA,Large,Industrials,Aerospace & Defense,"Perry, PA, USA",,42099.0,PA,Name14613754,True,True,False,Low
USA,Large,Industrials,Aerospace & Defense,"Perry, PA, USA",,42099.0,PA,Name14613755,True,True,False,Medium
USA,Large,Industrials,Aerospace & Defense,"Perry, PA, USA",,42099.0,PA,Name14613756,True,False,False,High
USA,Large,Industrials,Aerospace & Defense,"Perry, PA, USA",,42099.0,PA,Name14613757,True,True,False,Medium
USA,Large,Industrials,Aerospace & Defense,"Perry, PA, USA",,42099.0,PA,Name14613758,False,True,False,Medium
USA,Large,Industrials,Aerospace & Defense,"Perry, PA, USA",,42099.0,PA,Name14613759,False,False,True,Low
USA,Large,Industrials,Aerospace & Defense,"Perry, PA, USA",,42099.0,PA,Name14613761,False,True,False,Medium
USA,Large,Industrials,Aerospace & Defense,"Perry, PA, USA",,42099.0,PA,Name14613762,True,True,False,Severe
USA,Large,Industrials,Aerospace & Defense,"Perry, PA, USA",,42099.0,PA,Name14613763,False,True,False,Low
USA,Large,Industrials,Aerospace & Defense,"Perry, PA, USA",,42099.0,PA,Name14613764,False,True,False,Medium
USA,Large,Industrials,Aerospace & Defense,"Perry, PA, USA",,42099.0,PA,Name14613765,False,False,True,High
USA,Large,Industrials,Machinery,"Perry, PA, USA",,42099.0,PA,Name14613766,True,False,False,Medium
USA,Large,Industrials,Machinery,"Perry, PA, USA",,42099.0,PA,Name14613768,False,True,False,Severe
USA,Large,Industrials,Machinery,"Perry, PA, USA",,42099.0,PA,Name14613769,True,False,False,Severe
USA,Large,Industrials,Machinery,"Perry, PA, USA",,42099.0,PA,Name14613770,True,True,False,Low
USA,Large,Industrials,Machinery,"Perry, PA, USA",,42099.0,PA,Name14613771,True,False,False,Severe
USA,Large,Industrials,Machinery,"Perry, PA, USA",,42099.0,PA,Name14613772,False,True,True,Low
USA,Large,Industrials,Machinery,"Perry, PA, USA",,42099.0,PA,Name14613773,False,False,True,Low
USA,Large,Industrials,Machinery,"Perry, PA, USA",,42099.0,PA,Name14613774,False,False,True,Severe
USA,Large,Industrials,Machinery,"Perry, PA, USA",,42099.0,PA,Name14613775,False,True,False,Low
USA,Large,Industrials,Machinery,"Perry, PA, USA",,42099.0,PA,Name14613776,False,True,True,Low
USA,Large,Industrials,Machinery,"Perry, PA, USA",,42099.0,PA,Name14613777,True,True,False,Medium
USA,Large,Industrials,Machinery,"Perry, PA, USA",,42099.0,PA,Name14613778,True,False,False,Medium
USA,Large,Industrials,Machinery,"Perry, PA, USA",,42099.0,PA,Name14613779,True,True,False,High
USA,Large,Industrials,Machinery,"Perry, PA, USA",,42099.0,PA,Name14613780,False,True,True,Medium
USA,Large,Industrials,Machinery,"Perry, PA, USA",,42099.0,PA,Name14613781,True,True,False,High
USA,Large,Industrials,Machinery,"Perry, PA, USA",,42099.0,PA,Name14613782,True,False,False,Medium
USA,Large,Industrials,Machinery,"Perry, PA, USA",,42099.0,PA,Name14613783,True,False,False,Severe
USA,Large,Industrials,Machinery,"Perry, PA, USA",,42099.0,PA,Name14613784,True,True,False,Medium
USA,Large,Industrials,Machinery,"Perry, PA, USA",,42099.0,PA,Name14613785,True,False,False,Severe
USA,Large,Industrials,Machinery,"Perry, PA, USA",,42099.0,PA,Name14613786,True,False,False,Severe
USA,Large,Industrials,Machinery,"Perry, PA, USA",,42099.0,PA,Name14613787,False,True,False,Medium
USA,Large,Industrials,Machinery,"Perry, PA, USA",,42099.0,PA,Name14613789,True,False,False,Medium
USA,Large,Industrials,Machinery,"Perry, PA, USA",,42099.0,PA,Name14613790,True,False,False,Low
USA,Large,Industrials,Machinery,"Perry, PA, USA",,42099.0,PA,Name14613791,True,True,False,Low
USA,Large,Industrials,Machinery,"Perry, PA, USA",,42099.0,PA,Name14613792,False,True,True,High
USA,Large,Industrials,Machinery,"Perry, PA, USA",,42099.0,PA,Name14613793,False,True,False,Medium
USA,Large,Industrials,Machinery,"Perry, PA, USA",,42099.0,PA,Name14613794,True,False,False,Low
USA,Large,Industrials,Machinery,"Perry, PA, USA",,42099.0,PA,Name14613795,False,True,True,Medium
USA,Large,Industrials,Machinery,"Perry, PA, USA",,42099.0,PA,Name14613796,False,False,True,Low
USA,Large,Industrials,Machinery,"Perry, PA, USA",,42099.0,PA,Name14613797,True,False,False,Low
USA,Large,Industrials,Machinery,"Perry, PA, USA",,42099.0,PA,Name14613798,True,False,False,Low
USA,Large,Industrials,Machinery,"Perry, PA, USA",,42099.0,PA,Name14613799,False,True,True,High
USA,Large,Industrials,Machinery,"Perry, PA, USA",,42099.0,PA,Name14613800,True,False,False,Severe
USA,Large,Industrials,Machinery,"Perry, PA, USA",,42099.0,PA,Name14613802,True,True,False,High
USA,Large,Industrials,Machinery,"Perry, PA, USA",,42099.0,PA,Name14613803,False,False,True,Low
USA,Large,Industrials,Machinery,"Perry, PA, USA",,42099.0,PA,Name14613804,False,False,True,Severe
USA,Large,Industrials,Machinery,"Perry, PA, USA",,42099.0,PA,Name14613805,True,True,False,High
USA,Large,Industrials,Machinery,"Perry, PA, USA",,42099.0,PA,Name14613806,True,True,False,Low
USA,Large,Industrials,Machinery,"Perry, PA, USA",,42099.0,PA,Name14613807,False,False,True,Medium
USA,Large,Industrials,Machinery,"Perry, PA, USA",,42099.0,PA,Name14613808,False,True,False,Low
USA,Large,Industrials,Machinery,"Perry, PA, USA",,42099.0,PA,Name14613809,True,True,False,Low
USA,Large,Industrials,Machinery,"Perry, PA, USA",,42099.0,PA,Name14613810,True,True,False,Medium
USA,Large,Industrials,Machinery,"Perry, PA, USA",,42099.0,PA,Name14613811,True,True,False,Severe
USA,Large,Industrials,Machinery,"Perry, PA, USA",,42099.0,PA,Name14613812,False,True,True,Medium
USA,Large,Industrials,Industrial Services,"Perry, PA, USA",,42099.0,PA,Name14613813,False,True,True,High
USA,Large,Industrials,Industrial Services,"Perry, PA, USA",,42099.0,PA,Name14613814,True,True,False,Severe
USA,Large,Industrials,Industrial Services,"Perry, PA, USA",,42099.0,PA,Name14613815,True,False,False,Low
USA,Large,Industrials,Industrial Services,"Perry, PA, USA",,42099.0,PA,Name14613817,False,False,True,Low
USA,Large,Industrials,Industrial Services,"Perry, PA, USA",,42099.0,PA,Name14613818,False,True,False,Medium
USA,Large,Industrials,Industrial Services,"Perry, PA, USA",,42099.0,PA,Name14613820,True,True,False,Low
USA,Large,Industrials,Industrial Services,"Perry, PA, USA",,42099.0,PA,Name14613821,True,True,False,Severe
USA,Large,Industrials,Industrial Services,"Perry, PA, USA",,42099.0,PA,Name14613822,False,True,True,High
USA,Large,Industrials,Industrial Services,"Perry, PA, USA",,42099.0,PA,Name14613823,True,False,False,Medium
USA,Large,Industrials,Industrial Services,"Perry, PA, USA",,42099.0,PA,Name14613824,False,False,True,High
USA,Large,Industrials,Industrial Services,"Perry, PA, USA",,42099.0,PA,Name14613826,False,False,True,High
USA,Large,Industrials,Industrial Services,"Perry, PA, USA",,42099.0,PA,Name14613827,True,False,False,Low
USA,Large,Industrials,Industrial Services,"Perry, PA, USA",,42099.0,PA,Name14613828,False,False,True,Severe
USA,Large,Industrials,Industrial Services,"Perry, PA, USA",,42099.0,PA,Name14613829,True,True,False,Low
USA,Large,Industrials,Industrial Services,"Perry, PA, USA",,42099.0,PA,Name14613830,False,True,True,High
USA,Large,Industrials,Industrial Services,"Perry, PA, USA",,42099.0,PA,Name14613831,False,True,False,Severe
USA,Large,Industrials,Industrial Services,"Perry, PA, USA",,42099.0,PA,Name14613832,True,False,False,High
USA,Large,Industrials,Industrial Services,"Perry, PA, USA",,42099.0,PA,Name14613833,False,True,False,Low
USA,Large,Industrials,Industrial Services,"Perry, PA, USA",,42099.0,PA,Name14613834,True,True,False,High
USA,Large,Industrials,Industrial Services,"Perry, PA, USA",,42099.0,PA,Name14613835,True,False,False,Low
USA,Large,Industrials,Industrial Services,"Perry, PA, USA",,42099.0,PA,Name14613837,False,False,True,Severe
USA,Large,Industrials,Industrial Services,"Perry, PA, USA",,42099.0,PA,Name14613841,False,False,True,Severe
USA,Large,Industrials,Industrial Services,"Perry, PA, USA",,42099.0,PA,Name14613842,False,True,True,High
USA,Large,Industrials,Industrial Services,"Perry, PA, USA",,42099.0,PA,Name14613843,False,False,True,High
USA,Large,Consumer Services,Retail,"Perry, PA, USA",,42099.0,PA,Name14613844,False,True,False,Medium
USA,Large,Consumer Services,Retail,"Perry, PA, USA",,42099.0,PA,Name14613845,True,False,False,Low
USA,Large,Consumer Services,Retail,"Perry, PA, USA",,42099.0,PA,Name14613846,True,True,False,Severe
USA,Large,Consumer Services,Retail,"Perry, PA, USA",,42099.0,PA,Name14613847,True,False,False,Severe
USA,Large,Consumer Services,Retail,"Perry, PA, USA",,42099.0,PA,Name14613848,True,False,False,Medium
USA,Large,Consumer Services,Retail,"Perry, PA, USA",,42099.0,PA,Name14613850,False,True,True,Low
USA,Large,Consumer Services,Retail,"Perry, PA, USA",,42099.0,PA,Name14613851,True,False,False,Severe
USA,Large,Consumer Services,Retail,"Perry, PA, USA",,42099.0,PA,Name14613852,True,True,False,Severe
USA,Large,Consumer Services,Retail,"Perry, PA, USA",,42099.0,PA,Name14613853,False,True,False,Severe
USA,Large,Consumer Services,Retail,"Perry, PA, USA",,42099.0,PA,Name14613854,True,False,False,Medium
USA,Large,Consumer Services,Retail,"Perry, PA, USA",,42099.0,PA,Name14613856,True,False,False,High
USA,Large,Consumer Services,Retail,"Perry, PA, USA",,42099.0,PA,Name14613857,False,False,True,Low
USA,Large,Consumer Services,Retail,"Perry, PA, USA",,42099.0,PA,Name14613858,False,True,True,High
USA,Large,Consumer Services,Retail,"Perry, PA, USA",,42099.0,PA,Name14613859,False,True,True,Low
USA,Large,Consumer Services,Retail,"Perry, PA, USA",,42099.0,PA,Name14613861,False,True,False,High
USA,Large,Consumer Services,Retail,"Perry, PA, USA",,42099.0,PA,Name14613862,True,True,False,Low
USA,Large,Consumer Services,Retail,"Perry, PA, USA",,42099.0,PA,Name14613863,False,True,False,Severe
USA,Large,Consumer Services,Retail,"Perry, PA, USA",,42099.0,PA,Name14613864,False,True,False,High
USA,Large,Consumer Services,Travel & Leisure,"Perry, PA, USA",,42099.0,PA,Name14613865,False,False,True,Severe
USA,Large,Consumer Services,Travel & Leisure,"Perry, PA, USA",,42099.0,PA,Name14613866,False,False,True,Low
USA,Large,Consumer Services,Travel & Leisure,"Perry, PA, USA",,42099.0,PA,Name14613867,True,False,False,Low
USA,Large,Consumer Services,Travel & Leisure,"Perry, PA, USA",,42099.0,PA,Name14613869,True,True,False,High
USA,Large,Consumer Services,Travel & Leisure,"Perry, PA, USA",,42099.0,PA,Name14613870,True,True,False,Medium
USA,Large,Consumer Services,Travel & Leisure,"Perry, PA, USA",,42099.0,PA,Name14613871,True,False,False,Low
USA,Large,Consumer Services,Travel & Leisure,"Perry, PA, USA",,42099.0,PA,Name14613872,True,False,False,Medium
USA,Large,Consumer Services,Travel & Leisure,"Perry, PA, USA",,42099.0,PA,Name14613874,True,True,False,Low
USA,Large,Consumer Services,Travel & Leisure,"Perry, PA, USA",,42099.0,PA,Name14613875,False,True,False,Low
USA,Large,Consumer Services,Travel & Leisure,"Perry, PA, USA",,42099.0,PA,Name14613876,True,True,False,Medium
USA,Large,Consumer Services,Travel & Leisure,"Perry, PA, USA",,42099.0,PA,Name14613877,True,True,False,High
USA,Large,Consumer Services,Travel & Leisure,"Perry, PA, USA",,42099.0,PA,Name14613878,True,False,False,High
USA,Large,Consumer Services,Travel & Leisure,"Perry, PA, USA",,42099.0,PA,Name14613880,False,True,False,Medium
USA,Large,Consumer Services,Travel & Leisure,"Perry, PA, USA",,42099.0,PA,Name14613881,False,False,True,Medium
USA,Large,Consumer Services,Travel & Leisure,"Perry, PA, USA",,42099.0,PA,Name14613882,True,False,False,Medium
USA,Large,Consumer Services,Travel & Leisure,"Perry, PA, USA",,42099.0,PA,Name14613883,True,False,False,High
USA,Large,Consumer Services,Travel & Leisure,"Perry, PA, USA",,42099.0,PA,Name14613884,True,True,False,Low
USA,Large,Consumer Services,Travel & Leisure,"Perry, PA, USA",,42099.0,PA,Name14613885,True,True,False,Low
USA,Large,Consumer Services,Travel & Leisure,"Perry, PA, USA",,42099.0,PA,Name14613887,False,True,False,Severe
USA,Large,Consumer Services,Travel & Leisure,"Perry, PA, USA",,42099.0,PA,Name14613888,False,True,True,Medium
USA,Large,Consumer Services,Travel & Leisure,"Perry, PA, USA",,42099.0,PA,Name14613889,False,True,True,High
USA,Large,Consumer Services,Travel & Leisure,"Perry, PA, USA",,42099.0,PA,Name14613890,True,True,False,Severe
USA,Large,Consumer Services,Travel & Leisure,"Perry, PA, USA",,42099.0,PA,Name14613891,True,True,False,Low
USA,Large,Consumer Services,Media,"Perry, PA, USA",,42099.0,PA,Name14613892,False,True,True,Medium
USA,Large,Consumer Services,Media,"Perry, PA, USA",,42099.0,PA,Name14613893,True,True,False,Severe
USA,Large,Consumer Services,Media,"Perry, PA, USA",,42099.0,PA,Name14613894,True,False,False,Severe
USA,Large,Consumer Services,Media,"Perry, PA, USA",,42099.0,PA,Name14613895,False,False,True,High
USA,Large,Consumer Services,Media,"Perry, PA, USA",,42099.0,PA,Name14613896,True,False,False,High
USA,Large,Consumer Services,Media,"Perry, PA, USA",,42099.0,PA,Name14613897,True,True,False,Severe
USA,Large,Consumer Services,Media,"Perry, PA, USA",,42099.0,PA,Name14613898,False,False,True,Medium
USA,Large,Consumer Services,Media,"Perry, PA, USA",,42099.0,PA,Name14613899,False,True,False,Low
USA,Large,Consumer Services,Media,"Perry, PA, USA",,42099.0,PA,Name14613900,True,True,False,Low
USA,Large,Consumer Services,Media,"Perry, PA, USA",,42099.0,PA,Name14613901,True,False,False,High
USA,Large,Consumer Services,Media,"Perry, PA, USA",,42099.0,PA,Name14613902,True,False,False,High
USA,Large,Consumer Services,Media,"Perry, PA, USA",,42099.0,PA,Name14613903,True,True,False,Medium
USA,Large,Consumer Services,Media,"Perry, PA, USA",,42099.0,PA,Name14613904,True,False,False,Severe
USA,Large,Consumer Services,Media,"Perry, PA, USA",,42099.0,PA,Name14613905,False,False,True,High
USA,Large,Consumer Services,Media,"Perry, PA, USA",,42099.0,PA,Name14613906,True,True,False,High
USA,Large,Consumer Services,Media,"Perry, PA, USA",,42099.0,PA,Name14613907,True,False,False,Medium
USA,Large,Consumer Services,Media,"Perry, PA, USA",,42099.0,PA,Name14613908,False,True,True,Low
USA,Large,Consumer Services,Media,"Perry, PA, USA",,42099.0,PA,Name14613909,True,False,False,Severe
USA,Large,Consumer Services,Media,"Perry, PA, USA",,42099.0,PA,Name14613910,True,False,False,High
USA,Large,Consumer Services,Media,"Perry, PA, USA",,42099.0,PA,Name14613911,True,True,False,Severe
USA,Large,Consumer Services,Media,"Perry, PA, USA",,42099.0,PA,Name14613912,True,False,False,Medium
USA,Large,Consumer Services,Media,"Perry, PA, USA",,42099.0,PA,Name14613913,True,True,False,Low
USA,Large,Consumer Services,Media,"Perry, PA, USA",,42099.0,PA,Name14613915,False,True,False,Low
USA,Large,Consumer Services,Media,"Perry, PA, USA",,42099.0,PA,Name14613916,False,True,False,Low
USA,Large,Consumer Services,Media,"Perry, PA, USA",,42099.0,PA,Name14613917,False,True,True,Severe
USA,Large,Consumer Services,Media,"Perry, PA, USA",,42099.0,PA,Name14613918,False,True,False,Medium
USA,Large,Consumer Services,Media,"Perry, PA, USA",,42099.0,PA,Name14613919,True,False,False,Medium
USA,Large,Consumer Services,Media,"Perry, PA, USA",,42099.0,PA,Name14613920,True,True,False,High
USA,Large,Consumer Services,Media,"Perry, PA, USA",,42099.0,PA,Name14613921,False,True,False,Medium
USA,Large,Consumer Services,Media,"Perry, PA, USA",,42099.0,PA,Name14613922,True,True,False,Low
USA,Large,Consumer Services,Media,"Perry, PA, USA",,42099.0,PA,Name14613923,False,False,True,Severe
USA,Large,Consumer Services,Media,"Perry, PA, USA",,42099.0,PA,Name14613924,False,True,False,Low
USA,Large,Consumer Services,Media,"Perry, PA, USA",,42099.0,PA,Name14613925,True,False,False,High
USA,Large,Consumer Services,Media,"Perry, PA, USA",,42099.0,PA,Name14613926,False,True,False,Severe
USA,Large,Consumer Services,Media,"Perry, PA, USA",,42099.0,PA,Name14613927,True,True,False,Low
USA,Large,Consumer Services,Media,"Perry, PA, USA",,42099.0,PA,Name14613930,False,True,True,High
USA,Large,Consumer Services,Media,"Perry, PA, USA",,42099.0,PA,Name14613931,False,True,True,Medium
USA,Large,Consumer Services,Media,"Perry, PA, USA",,42099.0,PA,Name14613933,False,False,True,High
USA,Large,Consumer Services,Media,"Perry, PA, USA",,42099.0,PA,Name14613934,False,True,True,Severe
USA,Large,Consumer Services,Media,"Perry, PA, USA",,42099.0,PA,Name14613935,False,False,True,High
USA,Large,Transportation,Airlines,"Perry, PA, USA",,42099.0,PA,Name14613936,False,False,True,Severe
USA,Large,Transportation,Airlines,"Perry, PA, USA",,42099.0,PA,Name14613937,True,False,False,High
USA,Large,Transportation,Airlines,"Perry, PA, USA",,42099.0,PA,Name14613939,False,False,True,Severe
USA,Large,Transportation,Airlines,"Perry, PA, USA",,42099.0,PA,Name14613940,False,True,True,Medium
USA,Large,Transportation,Airlines,"Perry, PA, USA",,42099.0,PA,Name14613941,False,True,False,Low
USA,Large,Transportation,Airlines,"Perry, PA, USA",,42099.0,PA,Name14613942,False,False,True,Severe
USA,Large,Transportation,Railroads,"Perry, PA, USA",,42099.0,PA,Name14613943,True,True,False,Low
USA,Large,Transportation,Railroads,"Perry, PA, USA",,42099.0,PA,Name14613944,False,False,True,Medium
USA,Large,Transportation,Railroads,"Perry, PA, USA",,42099.0,PA,Name14613945,True,False,False,Low
USA,Large,Transportation,Railroads,"Perry, PA, USA",,42099.0,PA,Name14613946,True,False,False,Severe
USA,Large,Transportation,Railroads,"Perry, PA, USA",,42099.0,PA,Name14613947,True,False,False,Low
USA,Large,Transportation,Railroads,"Perry, PA, USA",,42099.0,PA,Name14613948,False,True,True,Severe
USA,Large,Transportation,Railroads,"Perry, PA, USA",,42099.0,PA,Name14613949,True,False,False,High
USA,Large,Transportation,Railroads,"Perry, PA, USA",,42099.0,PA,Name14613950,True,True,False,Medium
USA,Large,Transportation,Railroads,"Perry, PA, USA",,42099.0,PA,Name14613952,True,False,False,High
USA,Large,Transportation,Railroads,"Perry, PA, USA",,42099.0,PA,Name14613953,True,True,False,High
USA,Large,Transportation,Railroads,"Perry, PA, USA",,42099.0,PA,Name14613954,True,False,False,High
USA,Large,Transportation,Railroads,"Perry, PA, USA",,42099.0,PA,Name14613955,True,True,False,Severe
USA,Large,Transportation,Railroads,"Perry, PA, USA",,42099.0,PA,Name14613956,True,True,False,High
USA,Large,Transportation,Railroads,"Perry, PA, USA",,42099.0,PA,Name14613957,True,True,False,Severe
USA,Large,Transportation,Railroads,"Perry, PA, USA",,42099.0,PA,Name14613959,True,False,False,Low
USA,Large,Transportation,Railroads,"Perry, PA, USA",,42099.0,PA,Name14613960,True,True,False,Low
USA,Large,Transportation,Railroads,"Perry, PA, USA",,42099.0,PA,Name14613961,False,True,True,High
USA,Large,Transportation,Railroads,"Perry, PA, USA",,42099.0,PA,Name14613962,True,False,False,Low
USA,Large,Transportation,Railroads,"Perry, PA, USA",,42099.0,PA,Name14613963,True,True,False,Low
USA,Large,Transportation,Railroads,"Perry, PA, USA",,42099.0,PA,Name14613964,True,False,False,Medium
USA,Large,Transportation,Railroads,"Perry, PA, USA",,42099.0,PA,Name14613965,True,True,False,Severe
USA,Large,Transportation,Railroads,"Perry, PA, USA",,42099.0,PA,Name14613966,False,True,False,High
USA,Large,Transportation,Railroads,"Perry, PA, USA",,42099.0,PA,Name14613967,True,False,False,Low
USA,Large,Transportation,Railroads,"Perry, PA, USA",,42099.0,PA,Name14613968,False,True,True,High
USA,Large,Transportation,Railroads,"Perry, PA, USA",,42099.0,PA,Name14613969,False,True,True,Severe
USA,Large,Transportation,Logistics,"Perry, PA, USA",,42099.0,PA,Name14613970,False,True,True,Low
USA,Large,Transportation,Logistics,"Perry, PA, USA",,42099.0,PA,Name14613971,True,False,False,Severe
USA,Large,Transportation,Logistics,"Perry, PA, USA",,42099.0,PA,Name14613972,False,True,True,Low
USA,Large,Transportation,Logistics,"Perry, PA, USA",,42099.0,PA,Name14613973,True,True,False,Medium
USA,Large,Transportation,Logistics,"Perry, PA, USA",,42099.0,PA,Name14613974,True,False,False,Medium
USA,Large,Transportation,Logistics,"Perry, PA, USA",,42099.0,PA,Name14613975,True,True,False,High
USA,Large,Transportation,Logistics,"Perry, PA, USA",,42099.0,PA,Name14613976,True,True,False,Severe
USA,Large,Transportation,Logistics,"Perry, PA, USA",,42099.0,PA,Name14613977,True,False,False,Severe
USA,Large,Transportation,Logistics,"Perry, PA, USA",,42099.0,PA,Name14613978,True,True,False,Low
USA,Large,Transportation,Logistics,"Perry, PA, USA",,42099.0,PA,Name14613980,True,False,False,Medium
USA,Large,Transportation,Logistics,"Perry, PA, USA",,42099.0,PA,Name14613981,False,False,True,Severe
USA,Large,Transportation,Logistics,"Perry, PA, USA",,42099.0,PA,Name14613983,False,True,True,Low
USA,Large,Transportation,Logistics,"Perry, PA, USA",,42099.0,PA,Name14613984,True,True,False,High
USA,Large,Transportation,Logistics,"Perry, PA, USA",,42099.0,PA,Name14613985,False,True,True,Low
USA,Large,Transportation,Logistics,"Perry, PA, USA",,42099.0,PA,Name14613986,False,True,False,Severe
USA,Large,Transportation,Logistics,"Perry, PA, USA",,42099.0,PA,Name14613987,True,True,False,High
USA,Medium,Technology,Software,"Perry, PA, USA",,42099.0,PA,Name14613988,True,True,False,High
USA,Medium,Technology,Software,"Perry, PA, USA",,42099.0,PA,Name14613989,False,False,True,Low
USA,Medium,Technology,Software,"Perry, PA, USA",,42099.0,PA,Name14613990,True,True,False,High
USA,Medium,Technology,Software,"Perry, PA, USA",,42099.0,PA,Name14613991,False,True,True,Low
USA,Medium,Technology,Software,"Perry, PA, USA",,42099.0,PA,Name14613992,True,True,False,High
USA,Medium,Technology,Software,"Perry, PA, USA",,42099.0,PA,Name14613993,True,True,False,High
USA,Medium,Technology,Software,"Perry, PA, USA",,42099.0,PA,Name14613994,True,True,False,Severe
USA,Medium,Technology,Software,"Perry, PA, USA",,42099.0,PA,Name14613997,True,False,False,High
USA,Medium,Technology,Software,"Perry, PA, USA",,42099.0,PA,Name14613998,False,True,False,Severe
USA,Medium,Technology,Software,"Perry, PA, USA",,42099.0,PA,Name14613999,False,True,False,Low
USA,Medium,Technology,Software,"Perry, PA, USA",,42099.0,PA,Name14614000,True,False,False,High
USA,Medium,Technology,Software,"Perry, PA, USA",,42099.0,PA,Name14614001,False,True,True,Low
USA,Medium,Technology,Software,"Perry, PA, USA",,42099.0,PA,Name14614002,True,True,False,High
USA,Medium,Technology,Software,"Perry, PA, USA",,42099.0,PA,Name14614003,True,True,False,Severe
USA,Medium,Technology,Software,"Perry, PA, USA",,42099.0,PA,Name14614004,True,True,False,Low
USA,Medium,Technology,Software,"Perry, PA, USA",,42099.0,PA,Name14614005,True,True,False,Low
USA,Medium,Technology,Software,"Perry, PA, USA",,42099.0,PA,Name14614006,True,True,False,Medium
USA,Medium,Technology,Software,"Perry, PA, USA",,42099.0,PA,Name14614007,False,False,True,Low
USA,Medium,Technology,Software,"Perry, PA, USA",,42099.0,PA,Name14614008,True,True,False,Low
USA,Medium,Technology,Hardware,"Perry, PA, USA",,42099.0,PA,Name14614009,False,True,True,Low
USA,Medium,Technology,Hardware,"Perry, PA, USA",,42099.0,PA,Name14614010,False,True,True,High
USA,Medium,Technology,Hardware,"Perry, PA, USA",,42099.0,PA,Name14614012,False,True,True,Severe
USA,Medium,Technology,Hardware,"Perry, PA, USA",,42099.0,PA,Name14614015,True,False,False,Medium
USA,Medium,Technology,Hardware,"Perry, PA, USA",,42099.0,PA,Name14614016,False,True,False,Low
USA,Medium,Technology,Hardware,"Perry, PA, USA",,42099.0,PA,Name14614017,False,True,False,Medium
USA,Medium,Technology,Hardware,"Perry, PA, USA",,42099.0,PA,Name14614018,False,False,True,Medium
USA,Medium,Technology,Hardware,"Perry, PA, USA",,42099.0,PA,Name14614019,False,True,True,Low
USA,Medium,Technology,Hardware,"Perry, PA, USA",,42099.0,PA,Name14614020,True,False,False,Severe
USA,Medium,Technology,Hardware,"Perry, PA, USA",,42099.0,PA,Name14614021,True,True,False,High
USA,Medium,Technology,Hardware,"Perry, PA, USA",,42099.0,PA,Name14614023,False,True,False,High
USA,Medium,Technology,Hardware,"Perry, PA, USA",,42099.0,PA,Name14614024,True,False,False,High
USA,Medium,Technology,Hardware,"Perry, PA, USA",,42099.0,PA,Name14614025,True,True,False,Medium
USA,Medium,Technology,Hardware,"Perry, PA, USA",,42099.0,PA,Name14614026,True,True,False,Low
USA,Medium,Technology,IT Services,"Perry, PA, USA",,42099.0,PA,Name14614028,True,True,False,Low
USA,Medium,Technology,IT Services,"Perry, PA, USA",,42099.0,PA,Name14614030,False,True,True,Low
USA,Medium,Technology,IT Services,"Perry, PA, USA",,42099.0,PA,Name14614032,False,False,True,Low
USA,Medium,Technology,IT Services,"Perry, PA, USA",,42099.0,PA,Name14614033,True,True,False,Severe
USA,Medium,Technology,IT Services,"Perry, PA, USA",,42099.0,PA,Name14614034,True,False,False,High
USA,Medium,Technology,IT Services,"Perry, PA, USA",,42099.0,PA,Name14614035,True,False,False,Severe
USA,Medium,Technology,IT Services,"Perry, PA, USA",,42099.0,PA,Name14614036,True,True,False,Medium
USA,Medium,Technology,IT Services,"Perry, PA, USA",,42099.0,PA,Name14614037,False,True,True,Medium
USA,Medium,Technology,IT Services,"Perry, PA, USA",,42099.0,PA,Name14614038,False,True,True,Low
USA,Medium,Technology,IT Services,"Perry, PA, USA",,42099.0,PA,Name14614039,False,False,True,Low
USA,Medium,Technology,IT Services,"Perry, PA, USA",,42099.0,PA,Name14614040,False,True,True,Severe
USA,Medium,Technology,IT Services,"Perry, PA, USA",,42099.0,PA,Name14614041,True,True,False,High
USA,Medium,Technology,IT Services,"Perry, PA, USA",,42099.0,PA,Name14614042,True,False,False,Medium
USA,Medium,Technology,IT Services,"Perry, PA, USA",,42099.0,PA,Name14614043,True,False,False,High
USA,Medium,Technology,IT Services,"Perry, PA, USA",,42099.0,PA,Name14614044,False,True,True,High
USA,Medium,Technology,IT Services,"Perry, PA, USA",,42099.0,PA,Name14614045,True,False,False,Severe
USA,Medium,Technology,IT Services,"Perry, PA, USA",,42099.0,PA,Name14614046,True,True,False,Low
USA,Medium,Technology,IT Services,"Perry, PA, USA",,42099.0,PA,Name14614047,False,False,True,High
USA,Medium,Technology,IT Services,"Perry, PA, USA",,42099.0,PA,Name14614048,False,True,True,Severe
USA,Medium,Technology,IT Services,"Perry, PA, USA",,42099.0,PA,Name14614049,True,True,False,High
USA,Medium,Technology,IT Services,"Perry, PA, USA",,42099.0,PA,Name14614050,True,True,False,Medium
USA,Medium,Healthcare,Pharmaceuticals,"Perry, PA, USA",,42099.0,PA,Name14614051,True,True,False,Medium
USA,Medium,Healthcare,Pharmaceuticals,"Perry, PA, USA",,42099.0,PA,Name14614052,True,True,False,Severe
USA,Medium,Healthcare,Pharmaceuticals,"Perry, PA, USA",,42099.0,PA,Name14614053,True,True,False,Low
USA,Medium,Healthcare,Pharmaceuticals,"Perry, PA, USA",,42099.0,PA,Name14614054,False,False,True,Severe
USA,Medium,Healthcare,Pharmaceuticals,"Perry, PA, USA",,42099.0,PA,Name14614055,True,True,False,Low
USA,Medium,Healthcare,Pharmaceuticals,"Perry, PA, USA",,42099.0,PA,Name14614056,False,True,False,High
USA,Medium,Healthcare,Pharmaceuticals,"Perry, PA, USA",,42099.0,PA,Name14614057,True,True,False,Low
USA,Medium,Healthcare,Pharmaceuticals,"Perry, PA, USA",,42099.0,PA,Name14614058,True,True,False,Low
USA,Medium,Healthcare,Pharmaceuticals,"Perry, PA, USA",,42099.0,PA,Name14614059,True,False,False,Medium
USA,Medium,Healthcare,Pharmaceuticals,"Perry, PA, USA",,42099.0,PA,Name14614060,True,True,False,Severe
USA,Medium,Healthcare,Pharmaceuticals,"Perry, PA, USA",,42099.0,PA,Name14614063,True,True,False,Severe
USA,Medium,Healthcare,Pharmaceuticals,"Perry, PA, USA",,42099.0,PA,Name14614064,True,True,False,Medium
USA,Medium,Healthcare,Pharmaceuticals,"Perry, PA, USA",,42099.0,PA,Name14614065,False,True,False,High
USA,Medium,Healthcare,Pharmaceuticals,"Perry, PA, USA",,42099.0,PA,Name14614066,True,False,False,Low
USA,Medium,Healthcare,Pharmaceuticals,"Perry, PA, USA",,42099.0,PA,Name14614067,False,True,False,Severe
USA,Medium,Healthcare,Pharmaceuticals,"Perry, PA, USA",,42099.0,PA,Name14614068,True,True,False,High
USA,Medium,Healthcare,Pharmaceuticals,"Perry, PA, USA",,42099.0,PA,Name14614069,False,False,True,High
USA,Medium,Healthcare,Pharmaceuticals,"Perry, PA, USA",,42099.0,PA,Name14614070,True,True,False,Low
USA,Medium,Healthcare,Pharmaceuticals,"Perry, PA, USA",,42099.0,PA,Name14614071,False,True,False,Low
USA,Medium,Healthcare,Pharmaceuticals,"Perry, PA, USA",,42099.0,PA,Name14614072,True,True,False,Severe
USA,Medium,Healthcare,Pharmaceuticals,"Perry, PA, USA",,42099.0,PA,Name14614073,True,False,False,Low
USA,Medium,Healthcare,Pharmaceuticals,"Perry, PA, USA",,42099.0,PA,Name14614074,False,True,True,Medium
USA,Medium,Healthcare,Pharmaceuticals,"Perry, PA, USA",,42099.0,PA,Name14614076,True,False,False,Low
USA,Medium,Healthcare,Pharmaceuticals,"Perry, PA, USA",,42099.0,PA,Name14614077,True,False,False,Low
USA,Medium,Healthcare,Pharmaceuticals,"Perry, PA, USA",,42099.0,PA,Name14614078,True,True,False,Severe
USA,Medium,Healthcare,Pharmaceuticals,"Perry, PA, USA",,42099.0,PA,Name14614079,True,False,False,Low
USA,Medium,Healthcare,Pharmaceuticals,"Perry, PA, USA",,42099.0,PA,Name14614080,True,True,False,Low
USA,Medium,Healthcare,Pharmaceuticals,"Perry, PA, USA",,42099.0,PA,Name14614081,False,True,False,Severe
USA,Medium,Healthcare,Medical Devices,"Perry, PA, USA",,42099.0,PA,Name14614082,False,True,False,High
USA,Medium,Healthcare,Medical Devices,"Perry, PA, USA",,42099.0,PA,Name14614083,True,False,False,Low
USA,Medium,Healthcare,Medical Devices,"Perry, PA, USA",,42099.0,PA,Name14614084,True,False,False,Severe
USA,Medium,Healthcare,Medical Devices,"Perry, PA, USA",,42099.0,PA,Name14614085,False,True,True,Low
USA,Medium,Healthcare,Medical Devices,"Perry, PA, USA",,42099.0,PA,Name14614086,True,False,False,Medium
USA,Medium,Healthcare,Medical Devices,"Perry, PA, USA",,42099.0,PA,Name14614087,False,False,True,Low
USA,Medium,Healthcare,Medical Devices,"Perry, PA, USA",,42099.0,PA,Name14614088,True,True,False,Low
USA,Medium,Healthcare,Medical Devices,"Perry, PA, USA",,42099.0,PA,Name14614089,False,True,True,Severe
USA,Medium,Healthcare,Medical Devices,"Perry, PA, USA",,42099.0,PA,Name14614090,True,False,False,High
USA,Medium,Healthcare,Medical Devices,"Perry, PA, USA",,42099.0,PA,Name14614091,False,True,True,High
USA,Medium,Healthcare,Medical Devices,"Perry, PA, USA",,42099.0,PA,Name14614092,True,False,False,Severe
USA,Medium,Healthcare,Medical Devices,"Perry, PA, USA",,42099.0,PA,Name14614093,False,True,False,High
USA,Medium,Healthcare,Medical Devices,"Perry, PA, USA",,42099.0,PA,Name14614094,True,False,False,Low
USA,Medium,Healthcare,Medical Devices,"Perry, PA, USA",,42099.0,PA,Name14614095,False,True,False,Medium
USA,Medium,Healthcare,Medical Devices,"Perry, PA, USA",,42099.0,PA,Name14614096,True,False,False,Severe
USA,Medium,Healthcare,Medical Devices,"Perry, PA, USA",,42099.0,PA,Name14614097,True,False,False,Medium
USA,Medium,Healthcare,Medical Devices,"Perry, PA, USA",,42099.0,PA,Name14614099,True,False,False,High
USA,Medium,Healthcare,Medical Devices,"Perry, PA, USA",,42099.0,PA,Name14614100,True,True,False,High
USA,Medium,Healthcare,Medical Devices,"Perry, PA, USA",,42099.0,PA,Name14614102,False,False,True,Severe
USA,Medium,Healthcare,Medical Devices,"Perry, PA, USA",,42099.0,PA,Name14614103,True,True,False,Medium
USA,Medium,Healthcare,Healthcare Services,"Perry, PA, USA",,42099.0,PA,Name14614105,False,True,False,Severe
USA,Medium,Healthcare,Healthcare Services,"Perry, PA, USA",,42099.0,PA,Name14614106,True,False,False,Medium
USA,Medium,Healthcare,Healthcare Services,"Perry, PA, USA",,42099.0,PA,Name14614107,False,False,True,High
USA,Medium,Healthcare,Healthcare Services,"Perry, PA, USA",,42099.0,PA,Name14614108,False,False,True,Low
USA,Medium,Healthcare,Healthcare Services,"Perry, PA, USA",,42099.0,PA,Name14614109,False,True,True,Medium
USA,Medium,Healthcare,Healthcare Services,"Perry, PA, USA",,42099.0,PA,Name14614110,True,False,False,Low
USA,Medium,Healthcare,Healthcare Services,"Perry, PA, USA",,42099.0,PA,Name14614111,False,False,True,Severe
USA,Medium,Healthcare,Healthcare Services,"Perry, PA, USA",,42099.0,PA,Name14614112,False,False,True,Severe
USA,Medium,Healthcare,Healthcare Services,"Perry, PA, USA",,42099.0,PA,Name14614113,True,False,False,High
USA,Medium,Healthcare,Healthcare Services,"Perry, PA, USA",,42099.0,PA,Name14614114,True,False,False,Medium
USA,Medium,Healthcare,Healthcare Services,"Perry, PA, USA",,42099.0,PA,Name14614115,True,True,False,High
USA,Medium,Healthcare,Healthcare Services,"Perry, PA, USA",,42099.0,PA,Name14614116,False,False,True,Low
USA,Medium,Healthcare,Healthcare Services,"Perry, PA, USA",,42099.0,PA,Name14614117,True,True,False,Medium
USA,Medium,Healthcare,Healthcare Services,"Perry, PA, USA",,42099.0,PA,Name14614118,False,False,True,Medium
USA,Medium,Healthcare,Healthcare Services,"Perry, PA, USA",,42099.0,PA,Name14614119,False,False,True,Severe
USA,Medium,Healthcare,Healthcare Services,"Perry, PA, USA",,42099.0,PA,Name14614120,True,True,False,Low
USA,Medium,Healthcare,Healthcare Services,"Perry, PA, USA",,42099.0,PA,Name14614121,True,True,False,Severe
USA,Medium,Healthcare,Healthcare Services,"Perry, PA, USA",,42099.0,PA,Name14614122,False,True,True,Severe
USA,Medium,Healthcare,Healthcare Services,"Perry, PA, USA",,42099.0,PA,Name14614123,True,False,False,High
USA,Medium,Healthcare,Healthcare Services,"Perry, PA, USA",,42099.0,PA,Name14614124,True,True,False,Severe
USA,Medium,Healthcare,Healthcare Services,"Perry, PA, USA",,42099.0,PA,Name14614125,True,True,False,Severe
USA,Medium,Healthcare,Healthcare Services,"Perry, PA, USA",,42099.0,PA,Name14614126,False,False,True,Low
USA,Medium,Healthcare,Healthcare Services,"Perry, PA, USA",,42099.0,PA,Name14614127,True,False,False,High
USA,Medium,Healthcare,Healthcare Services,"Perry, PA, USA",,42099.0,PA,Name14614128,True,False,False,Low
USA,Medium,Healthcare,Healthcare Services,"Perry, PA, USA",,42099.0,PA,Name14614129,True,True,False,High
USA,Medium,Healthcare,Healthcare Services,"Perry, PA, USA",,42099.0,PA,Name14614131,True,True,False,Medium
USA,Medium,Healthcare,Healthcare Services,"Perry, PA, USA",,42099.0,PA,Name14614132,False,False,True,Medium
USA,Medium,Healthcare,Healthcare Services,"Perry, PA, USA",,42099.0,PA,Name14614133,True,False,False,Severe
USA,Medium,Healthcare,Healthcare Services,"Perry, PA, USA",,42099.0,PA,Name14614134,True,False,False,Medium
USA,Medium,Healthcare,Healthcare Services,"Perry, PA, USA",,42099.0,PA,Name14614136,True,False,False,Medium
USA,Medium,Healthcare,Healthcare Services,"Perry, PA, USA",,42099.0,PA,Name14614137,False,False,True,Severe
USA,Medium,Healthcare,Healthcare Services,"Perry, PA, USA",,42099.0,PA,Name14614138,False,True,True,Low
USA,Medium,Healthcare,Healthcare Services,"Perry, PA, USA",,42099.0,PA,Name14614139,True,False,False,Medium
USA,Medium,Healthcare,Healthcare Services,"Perry, PA, USA",,42099.0,PA,Name14614141,True,True,False,Severe
USA,Medium,Healthcare,Healthcare Services,"Perry, PA, USA",,42099.0,PA,Name14614142,True,True,False,Medium
USA,Medium,Healthcare,Healthcare Services,"Perry, PA, USA",,42099.0,PA,Name14614143,True,True,False,Medium
USA,Medium,Healthcare,Healthcare Services,"Perry, PA, USA",,42099.0,PA,Name14614145,True,False,False,High
USA,Medium,Healthcare,Healthcare Services,"Perry, PA, USA",,42099.0,PA,Name14614146,True,True,False,Severe
USA,Medium,Healthcare,Healthcare Services,"Perry, PA, USA",,42099.0,PA,Name14614147,True,True,False,Low
USA,Medium,Healthcare,Healthcare Services,"Perry, PA, USA",,42099.0,PA,Name14614148,True,True,False,Low
USA,Medium,Healthcare,Healthcare Services,"Perry, PA, USA",,42099.0,PA,Name14614149,True,True,False,Low
USA,Medium,Healthcare,Healthcare Services,"Perry, PA, USA",,42099.0,PA,Name14614150,True,True,False,Low
USA,Medium,Healthcare,Healthcare Services,"Perry, PA, USA",,42099.0,PA,Name14614151,True,True,False,Low
USA,Medium,Healthcare,Healthcare Services,"Perry, PA, USA",,42099.0,PA,Name14614152,True,True,False,High
USA,Medium,Healthcare,Healthcare Services,"Perry, PA, USA",,42099.0,PA,Name14614153,False,True,False,Medium
USA,Medium,Finance,Banking,"Perry, PA, USA",,42099.0,PA,Name14614154,True,False,False,Severe
USA,Medium,Finance,Banking,"Perry, PA, USA",,42099.0,PA,Name14614155,True,True,False,Low
USA,Medium,Finance,Banking,"Perry, PA, USA",,42099.0,PA,Name14614156,True,True,False,Severe
USA,Medium,Finance,Banking,"Perry, PA, USA",,42099.0,PA,Name14614157,False,False,True,Medium
USA,Medium,Finance,Banking,"Perry, PA, USA",,42099.0,PA,Name14614158,False,True,True,Low
USA,Medium,Finance,Banking,"Perry, PA, USA",,42099.0,PA,Name14614160,True,False,False,Low
USA,Medium,Finance,Banking,"Perry, PA, USA",,42099.0,PA,Name14614161,True,False,False,Medium
USA,Medium,Finance,Banking,"Perry, PA, USA",,42099.0,PA,Name14614162,True,True,False,Medium
USA,Medium,Finance,Banking,"Perry, PA, USA",,42099.0,PA,Name14614163,True,False,False,Medium
USA,Medium,Finance,Banking,"Perry, PA, USA",,42099.0,PA,Name14614164,False,False,True,Low
USA,Medium,Finance,Banking,"Perry, PA, USA",,42099.0,PA,Name14614165,True,False,False,Severe
USA,Medium,Finance,Banking,"Perry, PA, USA",,42099.0,PA,Name14614166,True,False,False,Low
USA,Medium,Finance,Banking,"Perry, PA, USA",,42099.0,PA,Name14614167,True,False,False,Low
USA,Medium,Finance,Banking,"Perry, PA, USA",,42099.0,PA,Name14614168,False,False,True,Medium
USA,Medium,Finance,Banking,"Perry, PA, USA",,42099.0,PA,Name14614169,False,True,True,High
USA,Medium,Finance,Banking,"Perry, PA, USA",,42099.0,PA,Name14614170,False,False,True,Low
USA,Medium,Finance,Banking,"Perry, PA, USA",,42099.0,PA,Name14614171,False,True,False,Medium
USA,Medium,Finance,Banking,"Perry, PA, USA",,42099.0,PA,Name14614172,False,True,False,Low
USA,Medium,Finance,Banking,"Perry, PA, USA",,42099.0,PA,Name14614173,True,True,False,Medium
USA,Medium,Finance,Banking,"Perry, PA, USA",,42099.0,PA,Name14614174,False,True,False,Severe
USA,Medium,Finance,Banking,"Perry, PA, USA",,42099.0,PA,Name14614175,False,False,True,High
USA,Medium,Finance,Banking,"Perry, PA, USA",,42099.0,PA,Name14614176,True,False,False,Severe
USA,Medium,Finance,Banking,"Perry, PA, USA",,42099.0,PA,Name14614178,True,True,False,Severe
USA,Medium,Finance,Banking,"Perry, PA, USA",,42099.0,PA,Name14614180,False,False,True,Severe
USA,Medium,Finance,Banking,"Perry, PA, USA",,42099.0,PA,Name14614181,True,True,False,Medium
USA,Medium,Finance,Banking,"Perry, PA, USA",,42099.0,PA,Name14614182,True,True,False,High
USA,Medium,Finance,Banking,"Perry, PA, USA",,42099.0,PA,Name14614183,False,True,True,Severe
USA,Medium,Finance,Banking,"Perry, PA, USA",,42099.0,PA,Name14614184,True,True,False,Low
USA,Medium,Finance,Banking,"Perry, PA, USA",,42099.0,PA,Name14614185,False,False,True,Low
USA,Medium,Finance,Banking,"Perry, PA, USA",,42099.0,PA,Name14614186,False,True,False,Severe
USA,Medium,Finance,Banking,"Perry, PA, USA",,42099.0,PA,Name14614187,True,False,False,Low
USA,Medium,Finance,Banking,"Perry, PA, USA",,42099.0,PA,Name14614188,False,True,True,Severe
USA,Medium,Finance,Banking,"Perry, PA, USA",,42099.0,PA,Name14614191,False,True,True,High
USA,Medium,Finance,Banking,"Perry, PA, USA",,42099.0,PA,Name14614192,False,False,True,Severe
USA,Medium,Finance,Banking,"Perry, PA, USA",,42099.0,PA,Name14614193,True,True,False,Medium
USA,Medium,Finance,Banking,"Perry, PA, USA",,42099.0,PA,Name14614194,True,True,False,Medium
USA,Medium,Finance,Banking,"Perry, PA, USA",,42099.0,PA,Name14614195,True,True,False,Severe
USA,Medium,Finance,Banking,"Perry, PA, USA",,42099.0,PA,Name14614196,True,True,False,Medium
USA,Medium,Finance,Banking,"Perry, PA, USA",,42099.0,PA,Name14614197,True,False,False,High
USA,Medium,Finance,Banking,"Perry, PA, USA",,42099.0,PA,Name14614198,True,True,False,High
USA,Medium,Finance,Banking,"Perry, PA, USA",,42099.0,PA,Name14614199,False,True,True,High
USA,Medium,Finance,Banking,"Perry, PA, USA",,42099.0,PA,Name14614200,True,False,False,Severe
USA,Medium,Finance,Insurance,"Perry, PA, USA",,42099.0,PA,Name14614201,False,True,False,Low
USA,Medium,Finance,Insurance,"Perry, PA, USA",,42099.0,PA,Name14614202,False,True,True,Medium
USA,Medium,Finance,Insurance,"Perry, PA, USA",,42099.0,PA,Name14614203,True,False,False,Low
USA,Medium,Finance,Insurance,"Perry, PA, USA",,42099.0,PA,Name14614204,True,False,False,Medium
USA,Medium,Finance,Insurance,"Perry, PA, USA",,42099.0,PA,Name14614205,False,True,True,Medium
USA,Medium,Finance,Insurance,"Perry, PA, USA",,42099.0,PA,Name14614206,False,True,False,Severe
USA,Medium,Finance,Insurance,"Perry, PA, USA",,42099.0,PA,Name14614207,True,False,False,High
USA,Medium,Finance,Insurance,"Perry, PA, USA",,42099.0,PA,Name14614208,True,False,False,Severe
USA,Medium,Finance,Insurance,"Perry, PA, USA",,42099.0,PA,Name14614210,False,False,True,Low
USA,Medium,Finance,Insurance,"Perry, PA, USA",,42099.0,PA,Name14614211,False,False,True,High
USA,Medium,Finance,Insurance,"Perry, PA, USA",,42099.0,PA,Name14614212,True,False,False,Medium
USA,Medium,Finance,Insurance,"Perry, PA, USA",,42099.0,PA,Name14614213,True,False,False,Medium
USA,Medium,Finance,Insurance,"Perry, PA, USA",,42099.0,PA,Name14614214,True,True,False,Severe
USA,Medium,Finance,Insurance,"Perry, PA, USA",,42099.0,PA,Name14614215,False,True,False,Medium
USA,Medium,Finance,Insurance,"Perry, PA, USA",,42099.0,PA,Name14614216,True,False,False,High
USA,Medium,Finance,Insurance,"Perry, PA, USA",,42099.0,PA,Name14614217,True,True,False,Severe
USA,Medium,Finance,Insurance,"Perry, PA, USA",,42099.0,PA,Name14614218,True,True,False,Medium
USA,Medium,Finance,Insurance,"Perry, PA, USA",,42099.0,PA,Name14614219,False,True,True,Low
USA,Medium,Finance,Insurance,"Perry, PA, USA",,42099.0,PA,Name14614220,True,False,False,Severe
USA,Medium,Finance,Insurance,"Perry, PA, USA",,42099.0,PA,Name14614221,True,True,False,Severe
USA,Medium,Finance,Insurance,"Perry, PA, USA",,42099.0,PA,Name14614223,False,True,False,Medium
USA,Medium,Finance,Insurance,"Perry, PA, USA",,42099.0,PA,Name14614224,True,False,False,Severe
USA,Medium,Finance,Insurance,"Perry, PA, USA",,42099.0,PA,Name14614226,False,True,False,High
USA,Medium,Finance,Insurance,"Perry, PA, USA",,42099.0,PA,Name14614227,False,False,True,High
USA,Medium,Finance,Insurance,"Perry, PA, USA",,42099.0,PA,Name14614228,False,False,True,Medium
USA,Medium,Finance,Insurance,"Perry, PA, USA",,42099.0,PA,Name14614230,True,False,False,Low
USA,Medium,Finance,Insurance,"Perry, PA, USA",,42099.0,PA,Name14614231,True,True,False,Medium
USA,Medium,Finance,Insurance,"Perry, PA, USA",,42099.0,PA,Name14614232,True,True,False,High
USA,Medium,Finance,Insurance,"Perry, PA, USA",,42099.0,PA,Name14614233,True,False,False,Severe
USA,Medium,Finance,Insurance,"Perry, PA, USA",,42099.0,PA,Name14614236,True,False,False,Severe
USA,Medium,Finance,Insurance,"Perry, PA, USA",,42099.0,PA,Name14614238,True,True,False,Severe
USA,Medium,Finance,Insurance,"Perry, PA, USA",,42099.0,PA,Name14614239,True,False,False,Severe
USA,Medium,Finance,Insurance,"Perry, PA, USA",,42099.0,PA,Name14614240,False,True,False,High
USA,Medium,Finance,Insurance,"Perry, PA, USA",,42099.0,PA,Name14614241,True,True,False,Medium
USA,Medium,Finance,Insurance,"Perry, PA, USA",,42099.0,PA,Name14614242,False,True,True,Medium
USA,Medium,Finance,Insurance,"Perry, PA, USA",,42099.0,PA,Name14614244,True,True,False,Medium
USA,Medium,Finance,Insurance,"Perry, PA, USA",,42099.0,PA,Name14614245,False,False,True,Low
USA,Medium,Finance,Insurance,"Perry, PA, USA",,42099.0,PA,Name14614246,True,False,False,Medium
USA,Medium,Finance,Investment Services,"Perry, PA, USA",,42099.0,PA,Name14614247,True,False,False,Medium
USA,Medium,Finance,Investment Services,"Perry, PA, USA",,42099.0,PA,Name14614248,True,False,False,Low
USA,Medium,Finance,Investment Services,"Perry, PA, USA",,42099.0,PA,Name14614249,True,True,False,Medium
USA,Medium,Finance,Investment Services,"Perry, PA, USA",,42099.0,PA,Name14614250,False,True,True,Medium
USA,Medium,Finance,Investment Services,"Perry, PA, USA",,42099.0,PA,Name14614251,True,False,False,Low
USA,Medium,Finance,Investment Services,"Perry, PA, USA",,42099.0,PA,Name14614252,False,True,False,Medium
USA,Medium,Finance,Investment Services,"Perry, PA, USA",,42099.0,PA,Name14614253,False,True,False,Medium
USA,Medium,Finance,Investment Services,"Perry, PA, USA",,42099.0,PA,Name14614254,True,True,False,Medium
USA,Medium,Finance,Investment Services,"Perry, PA, USA",,42099.0,PA,Name14614255,True,True,False,High
USA,Medium,Finance,Investment Services,"Perry, PA, USA",,42099.0,PA,Name14614256,False,True,False,Severe
USA,Medium,Finance,Investment Services,"Perry, PA, USA",,42099.0,PA,Name14614257,False,True,True,Severe
USA,Medium,Finance,Investment Services,"Perry, PA, USA",,42099.0,PA,Name14614259,True,False,False,Medium
USA,Medium,Finance,Investment Services,"Perry, PA, USA",,42099.0,PA,Name14614260,False,True,False,Medium
USA,Medium,Finance,Investment Services,"Perry, PA, USA",,42099.0,PA,Name14614261,False,False,True,Medium
USA,Medium,Finance,Investment Services,"Perry, PA, USA",,42099.0,PA,Name14614262,True,False,False,Medium
USA,Medium,Finance,Investment Services,"Perry, PA, USA",,42099.0,PA,Name14614263,True,False,False,Low
USA,Medium,Finance,Investment Services,"Perry, PA, USA",,42099.0,PA,Name14614264,True,True,False,Severe
USA,Medium,Finance,Investment Services,"Perry, PA, USA",,42099.0,PA,Name14614265,True,False,False,High
USA,Medium,Finance,Investment Services,"Perry, PA, USA",,42099.0,PA,Name14614266,True,False,False,Low
USA,Medium,Finance,Investment Services,"Perry, PA, USA",,42099.0,PA,Name14614267,True,True,False,Severe
USA,Medium,Finance,Investment Services,"Perry, PA, USA",,42099.0,PA,Name14614269,False,True,False,Medium
USA,Medium,Finance,Investment Services,"Perry, PA, USA",,42099.0,PA,Name14614270,True,False,False,Medium
USA,Medium,Finance,Investment Services,"Perry, PA, USA",,42099.0,PA,Name14614271,False,True,False,Severe
USA,Medium,Finance,Investment Services,"Perry, PA, USA",,42099.0,PA,Name14614272,True,False,False,Severe
USA,Medium,Finance,Investment Services,"Perry, PA, USA",,42099.0,PA,Name14614273,True,True,False,Low
USA,Medium,Finance,Investment Services,"Perry, PA, USA",,42099.0,PA,Name14614274,True,False,False,Severe
USA,Medium,Finance,Investment Services,"Perry, PA, USA",,42099.0,PA,Name14614275,False,True,False,Medium
USA,Medium,Finance,Investment Services,"Perry, PA, USA",,42099.0,PA,Name14614276,False,False,True,Low
USA,Medium,Finance,Investment Services,"Perry, PA, USA",,42099.0,PA,Name14614277,False,True,False,Severe
USA,Medium,Finance,Investment Services,"Perry, PA, USA",,42099.0,PA,Name14614278,True,False,False,Severe
USA,Medium,Energy,Oil & Gas,"Perry, PA, USA",,42099.0,PA,Name14614279,True,False,False,High
USA,Medium,Energy,Oil & Gas,"Perry, PA, USA",,42099.0,PA,Name14614280,False,False,True,Severe
USA,Medium,Energy,Oil & Gas,"Perry, PA, USA",,42099.0,PA,Name14614281,True,True,False,Severe
USA,Medium,Energy,Oil & Gas,"Perry, PA, USA",,42099.0,PA,Name14614282,True,True,False,High
USA,Medium,Energy,Oil & Gas,"Perry, PA, USA",,42099.0,PA,Name14614283,False,False,True,Low
USA,Medium,Energy,Oil & Gas,"Perry, PA, USA",,42099.0,PA,Name14614284,False,True,True,High
USA,Medium,Energy,Oil & Gas,"Perry, PA, USA",,42099.0,PA,Name14614285,False,False,True,High
USA,Medium,Energy,Oil & Gas,"Perry, PA, USA",,42099.0,PA,Name14614286,True,True,False,Low
USA,Medium,Energy,Oil & Gas,"Perry, PA, USA",,42099.0,PA,Name14614287,False,True,False,High
USA,Medium,Energy,Oil & Gas,"Perry, PA, USA",,42099.0,PA,Name14614288,True,True,False,High
USA,Medium,Energy,Oil & Gas,"Perry, PA, USA",,42099.0,PA,Name14614289,False,True,True,Low
USA,Medium,Energy,Oil & Gas,"Perry, PA, USA",,42099.0,PA,Name14614290,False,False,True,Severe
USA,Medium,Energy,Oil & Gas,"Perry, PA, USA",,42099.0,PA,Name14614291,True,False,False,High
USA,Medium,Energy,Oil & Gas,"Perry, PA, USA",,42099.0,PA,Name14614292,True,True,False,Low
USA,Medium,Energy,Oil & Gas,"Perry, PA, USA",,42099.0,PA,Name14614293,True,False,False,Severe
USA,Medium,Energy,Oil & Gas,"Perry, PA, USA",,42099.0,PA,Name14614294,True,True,False,Medium
USA,Medium,Energy,Oil & Gas,"Perry, PA, USA",,42099.0,PA,Name14614295,False,True,True,High
USA,Medium,Energy,Oil & Gas,"Perry, PA, USA",,42099.0,PA,Name14614296,False,True,False,Medium
USA,Medium,Energy,Oil & Gas,"Perry, PA, USA",,42099.0,PA,Name14614297,True,True,False,Low
USA,Medium,Energy,Oil & Gas,"Perry, PA, USA",,42099.0,PA,Name14614298,False,True,False,Low
USA,Medium,Energy,Oil & Gas,"Perry, PA, USA",,42099.0,PA,Name14614299,True,True,False,Severe
USA,Medium,Energy,Oil & Gas,"Perry, PA, USA",,42099.0,PA,Name14614300,True,True,False,Low
USA,Medium,Energy,Oil & Gas,"Perry, PA, USA",,42099.0,PA,Name14614301,True,True,False,High
USA,Medium,Energy,Oil & Gas,"Perry, PA, USA",,42099.0,PA,Name14614302,False,False,True,Medium
USA,Medium,Energy,Oil & Gas,"Perry, PA, USA",,42099.0,PA,Name14614303,True,False,False,Medium
USA,Medium,Energy,Oil & Gas,"Perry, PA, USA",,42099.0,PA,Name14614304,True,False,False,Medium
USA,Medium,Energy,Oil & Gas,"Perry, PA, USA",,42099.0,PA,Name14614305,False,False,True,Severe
USA,Medium,Energy,Oil & Gas,"Perry, PA, USA",,42099.0,PA,Name14614306,True,False,False,High
USA,Medium,Energy,Oil & Gas,"Perry, PA, USA",,42099.0,PA,Name14614307,True,True,False,Severe
USA,Medium,Energy,Oil & Gas,"Perry, PA, USA",,42099.0,PA,Name14614308,True,False,False,High
USA,Medium,Energy,Oil & Gas,"Perry, PA, USA",,42099.0,PA,Name14614309,False,True,True,Severe
USA,Medium,Energy,Renewable Energy,"Perry, PA, USA",,42099.0,PA,Name14614310,False,True,True,Low
USA,Medium,Energy,Renewable Energy,"Perry, PA, USA",,42099.0,PA,Name14614311,True,True,False,Low
USA,Medium,Energy,Renewable Energy,"Perry, PA, USA",,42099.0,PA,Name14614312,False,False,True,Severe
USA,Medium,Energy,Renewable Energy,"Perry, PA, USA",,42099.0,PA,Name14614313,True,False,False,High
USA,Medium,Energy,Renewable Energy,"Perry, PA, USA",,42099.0,PA,Name14614314,False,True,True,High
USA,Medium,Energy,Renewable Energy,"Perry, PA, USA",,42099.0,PA,Name14614316,False,True,False,Low
USA,Medium,Energy,Renewable Energy,"Perry, PA, USA",,42099.0,PA,Name14614317,False,True,False,Low
USA,Medium,Energy,Renewable Energy,"Perry, PA, USA",,42099.0,PA,Name14614318,True,True,False,Medium
USA,Medium,Energy,Renewable Energy,"Perry, PA, USA",,42099.0,PA,Name14614319,True,True,False,Low
USA,Medium,Energy,Renewable Energy,"Perry, PA, USA",,42099.0,PA,Name14614320,True,True,False,Low
USA,Medium,Energy,Renewable Energy,"Perry, PA, USA",,42099.0,PA,Name14614321,False,True,True,Severe
USA,Medium,Energy,Renewable Energy,"Perry, PA, USA",,42099.0,PA,Name14614322,True,True,False,Severe
USA,Medium,Energy,Renewable Energy,"Perry, PA, USA",,42099.0,PA,Name14614323,True,True,False,Low
USA,Medium,Energy,Renewable Energy,"Perry, PA, USA",,42099.0,PA,Name14614324,True,True,False,Medium
USA,Medium,Energy,Renewable Energy,"Perry, PA, USA",,42099.0,PA,Name14614325,False,True,False,Severe
USA,Medium,Energy,Renewable Energy,"Perry, PA, USA",,42099.0,PA,Name14614327,False,True,False,Low
USA,Medium,Energy,Renewable Energy,"Perry, PA, USA",,42099.0,PA,Name14614328,False,False,True,Low
USA,Medium,Energy,Renewable Energy,"Perry, PA, USA",,42099.0,PA,Name14614329,False,False,True,Severe
USA,Medium,Energy,Renewable Energy,"Perry, PA, USA",,42099.0,PA,Name14614331,True,False,False,Low
USA,Medium,Energy,Renewable Energy,"Perry, PA, USA",,42099.0,PA,Name14614332,True,False,False,Severe
USA,Medium,Energy,Renewable Energy,"Perry, PA, USA",,42099.0,PA,Name14614333,False,True,True,Severe
USA,Medium,Energy,Energy Exploration,"Perry, PA, USA",,42099.0,PA,Name14614335,False,True,False,Medium
USA,Medium,Energy,Energy Exploration,"Perry, PA, USA",,42099.0,PA,Name14614337,True,True,False,High
USA,Medium,Energy,Energy Exploration,"Perry, PA, USA",,42099.0,PA,Name14614338,False,True,False,High
USA,Medium,Energy,Energy Exploration,"Perry, PA, USA",,42099.0,PA,Name14614340,True,False,False,Medium
USA,Medium,Energy,Energy Exploration,"Perry, PA, USA",,42099.0,PA,Name14614341,True,True,False,Low
USA,Medium,Energy,Energy Exploration,"Perry, PA, USA",,42099.0,PA,Name14614342,True,False,False,Medium
USA,Medium,Energy,Energy Exploration,"Perry, PA, USA",,42099.0,PA,Name14614343,False,True,False,High
USA,Medium,Energy,Energy Exploration,"Perry, PA, USA",,42099.0,PA,Name14614344,True,True,False,Severe
USA,Medium,Energy,Energy Exploration,"Perry, PA, USA",,42099.0,PA,Name14614345,True,True,False,High
USA,Medium,Energy,Energy Exploration,"Perry, PA, USA",,42099.0,PA,Name14614346,False,False,True,Low
USA,Medium,Consumer Goods,Food & Beverage,"Perry, PA, USA",,42099.0,PA,Name14614347,True,True,False,Low
USA,Medium,Consumer Goods,Food & Beverage,"Perry, PA, USA",,42099.0,PA,Name14614348,True,True,False,Low
USA,Medium,Consumer Goods,Food & Beverage,"Perry, PA, USA",,42099.0,PA,Name14614349,True,True,False,Severe
USA,Medium,Consumer Goods,Food & Beverage,"Perry, PA, USA",,42099.0,PA,Name14614350,False,True,False,Medium
USA,Medium,Consumer Goods,Food & Beverage,"Perry, PA, USA",,42099.0,PA,Name14614351,False,True,True,Severe
USA,Medium,Consumer Goods,Food & Beverage,"Perry, PA, USA",,42099.0,PA,Name14614352,True,False,False,Low
USA,Medium,Consumer Goods,Food & Beverage,"Perry, PA, USA",,42099.0,PA,Name14614353,False,True,False,Low
USA,Medium,Consumer Goods,Food & Beverage,"Perry, PA, USA",,42099.0,PA,Name14614354,False,False,True,Medium
USA,Medium,Consumer Goods,Food & Beverage,"Perry, PA, USA",,42099.0,PA,Name14614355,False,True,True,Medium
USA,Medium,Consumer Goods,Food & Beverage,"Perry, PA, USA",,42099.0,PA,Name14614356,False,False,True,Medium
USA,Medium,Consumer Goods,Food & Beverage,"Perry, PA, USA",,42099.0,PA,Name14614357,True,True,False,Severe
USA,Medium,Consumer Goods,Food & Beverage,"Perry, PA, USA",,42099.0,PA,Name14614358,True,False,False,Severe
USA,Medium,Consumer Goods,Food & Beverage,"Perry, PA, USA",,42099.0,PA,Name14614359,True,False,False,Medium
USA,Medium,Consumer Goods,Food & Beverage,"Perry, PA, USA",,42099.0,PA,Name14614360,True,False,False,High
USA,Medium,Consumer Goods,Food & Beverage,"Perry, PA, USA",,42099.0,PA,Name14614361,False,True,False,Medium
USA,Medium,Consumer Goods,Food & Beverage,"Perry, PA, USA",,42099.0,PA,Name14614362,False,False,True,High
USA,Medium,Consumer Goods,Food & Beverage,"Perry, PA, USA",,42099.0,PA,Name14614363,True,False,False,Medium
USA,Medium,Consumer Goods,Food & Beverage,"Perry, PA, USA",,42099.0,PA,Name14614365,True,False,False,Low
USA,Medium,Consumer Goods,Food & Beverage,"Perry, PA, USA",,42099.0,PA,Name14614367,True,False,False,Severe
USA,Medium,Consumer Goods,Food & Beverage,"Perry, PA, USA",,42099.0,PA,Name14614368,True,False,False,Medium
USA,Medium,Consumer Goods,Food & Beverage,"Perry, PA, USA",,42099.0,PA,Name14614369,False,True,True,Severe
USA,Medium,Consumer Goods,Food & Beverage,"Perry, PA, USA",,42099.0,PA,Name14614370,True,True,False,Severe
USA,Medium,Consumer Goods,Food & Beverage,"Perry, PA, USA",,42099.0,PA,Name14614371,True,False,False,High
USA,Medium,Consumer Goods,Food & Beverage,"Perry, PA, USA",,42099.0,PA,Name14614372,True,False,False,High
USA,Medium,Consumer Goods,Food & Beverage,"Perry, PA, USA",,42099.0,PA,Name14614373,True,True,False,High
USA,Medium,Consumer Goods,Food & Beverage,"Perry, PA, USA",,42099.0,PA,Name14614374,False,True,False,Severe
USA,Medium,Consumer Goods,Food & Beverage,"Perry, PA, USA",,42099.0,PA,Name14614375,True,True,False,Severe
USA,Medium,Consumer Goods,Food & Beverage,"Perry, PA, USA",,42099.0,PA,Name14614376,True,True,False,Severe
USA,Medium,Consumer Goods,Food & Beverage,"Perry, PA, USA",,42099.0,PA,Name14614377,False,True,False,Severe
USA,Medium,Consumer Goods,Food & Beverage,"Perry, PA, USA",,42099.0,PA,Name14614378,False,False,True,Severe
USA,Medium,Consumer Goods,Household Products,"Perry, PA, USA",,42099.0,PA,Name14614379,True,False,False,High
USA,Medium,Consumer Goods,Household Products,"Perry, PA, USA",,42099.0,PA,Name14614381,True,False,False,High
USA,Medium,Consumer Goods,Household Products,"Perry, PA, USA",,42099.0,PA,Name14614382,False,True,False,Medium
USA,Medium,Consumer Goods,Household Products,"Perry, PA, USA",,42099.0,PA,Name14614386,True,True,False,High
USA,Medium,Consumer Goods,Household Products,"Perry, PA, USA",,42099.0,PA,Name14614388,True,True,False,Medium
USA,Medium,Consumer Goods,Household Products,"Perry, PA, USA",,42099.0,PA,Name14614389,True,True,False,Severe
USA,Medium,Consumer Goods,Household Products,"Perry, PA, USA",,42099.0,PA,Name14614390,False,True,False,Severe
USA,Medium,Consumer Goods,Household Products,"Perry, PA, USA",,42099.0,PA,Name14614391,True,True,False,High
USA,Medium,Consumer Goods,Household Products,"Perry, PA, USA",,42099.0,PA,Name14614392,True,False,False,High
USA,Medium,Consumer Goods,Household Products,"Perry, PA, USA",,42099.0,PA,Name14614393,True,True,False,Severe
USA,Medium,Consumer Goods,Household Products,"Perry, PA, USA",,42099.0,PA,Name14614394,True,False,False,Low
USA,Medium,Consumer Goods,Household Products,"Perry, PA, USA",,42099.0,PA,Name14614396,False,False,True,Medium
USA,Medium,Consumer Goods,Household Products,"Perry, PA, USA",,42099.0,PA,Name14614397,False,False,True,High
USA,Medium,Consumer Goods,Household Products,"Perry, PA, USA",,42099.0,PA,Name14614399,True,True,False,Low
USA,Medium,Consumer Goods,Household Products,"Perry, PA, USA",,42099.0,PA,Name14614400,True,False,False,Severe
USA,Medium,Consumer Goods,Household Products,"Perry, PA, USA",,42099.0,PA,Name14614401,True,False,False,High
USA,Medium,Consumer Goods,Household Products,"Perry, PA, USA",,42099.0,PA,Name14614402,False,True,False,High
USA,Medium,Consumer Goods,Household Products,"Perry, PA, USA",,42099.0,PA,Name14614403,False,False,True,High
USA,Medium,Consumer Goods,Household Products,"Perry, PA, USA",,42099.0,PA,Name14614405,True,False,False,Severe
USA,Medium,Consumer Goods,Household Products,"Perry, PA, USA",,42099.0,PA,Name14614406,True,False,False,Low
USA,Medium,Consumer Goods,Household Products,"Perry, PA, USA",,42099.0,PA,Name14614407,True,True,False,Medium
USA,Medium,Consumer Goods,Household Products,"Perry, PA, USA",,42099.0,PA,Name14614408,False,False,True,Low
USA,Medium,Consumer Goods,Household Products,"Perry, PA, USA",,42099.0,PA,Name14614409,False,True,False,Medium
USA,Medium,Consumer Goods,Household Products,"Perry, PA, USA",,42099.0,PA,Name14614410,True,True,False,Severe
USA,Medium,Consumer Goods,Household Products,"Perry, PA, USA",,42099.0,PA,Name14614411,True,True,False,Medium
USA,Medium,Consumer Goods,Household Products,"Perry, PA, USA",,42099.0,PA,Name14614412,True,False,False,Severe
USA,Medium,Consumer Goods,Household Products,"Perry, PA, USA",,42099.0,PA,Name14614413,True,True,False,Medium
USA,Medium,Consumer Goods,Household Products,"Perry, PA, USA",,42099.0,PA,Name14614414,True,True,False,Severe
USA,Medium,Consumer Goods,Household Products,"Perry, PA, USA",,42099.0,PA,Name14614415,True,False,False,Medium
USA,Medium,Consumer Goods,Household Products,"Perry, PA, USA",,42099.0,PA,Name14614417,True,True,False,High
USA,Medium,Consumer Goods,Apparel,"Perry, PA, USA",,42099.0,PA,Name14614418,True,False,False,Severe
USA,Medium,Consumer Goods,Apparel,"Perry, PA, USA",,42099.0,PA,Name14614419,True,False,False,Low
USA,Medium,Consumer Goods,Apparel,"Perry, PA, USA",,42099.0,PA,Name14614421,True,False,False,Medium
USA,Medium,Consumer Goods,Apparel,"Perry, PA, USA",,42099.0,PA,Name14614423,True,False,False,Low
USA,Medium,Consumer Goods,Apparel,"Perry, PA, USA",,42099.0,PA,Name14614424,True,False,False,Severe
USA,Medium,Consumer Goods,Apparel,"Perry, PA, USA",,42099.0,PA,Name14614425,True,False,False,Severe
USA,Medium,Consumer Goods,Apparel,"Perry, PA, USA",,42099.0,PA,Name14614426,False,True,False,High
USA,Medium,Consumer Goods,Apparel,"Perry, PA, USA",,42099.0,PA,Name14614427,False,True,True,Medium
USA,Medium,Consumer Goods,Apparel,"Perry, PA, USA",,42099.0,PA,Name14614428,True,False,False,Severe
USA,Medium,Consumer Goods,Apparel,"Perry, PA, USA",,42099.0,PA,Name14614429,True,True,False,Medium
USA,Medium,Consumer Goods,Apparel,"Perry, PA, USA",,42099.0,PA,Name14614430,True,False,False,Low
USA,Medium,Consumer Goods,Apparel,"Perry, PA, USA",,42099.0,PA,Name14614431,False,True,True,Severe
USA,Medium,Consumer Goods,Apparel,"Perry, PA, USA",,42099.0,PA,Name14614432,True,True,False,Severe
USA,Medium,Consumer Goods,Apparel,"Perry, PA, USA",,42099.0,PA,Name14614433,False,True,False,Medium
USA,Medium,Consumer Goods,Apparel,"Perry, PA, USA",,42099.0,PA,Name14614434,True,False,False,High
USA,Medium,Consumer Goods,Apparel,"Perry, PA, USA",,42099.0,PA,Name14614436,False,True,False,Medium
USA,Medium,Consumer Goods,Apparel,"Perry, PA, USA",,42099.0,PA,Name14614437,True,True,False,High
USA,Medium,Consumer Goods,Apparel,"Perry, PA, USA",,42099.0,PA,Name14614438,False,False,True,High
USA,Medium,Consumer Goods,Apparel,"Perry, PA, USA",,42099.0,PA,Name14614439,True,False,False,Severe
USA,Medium,Consumer Goods,Apparel,"Perry, PA, USA",,42099.0,PA,Name14614440,True,True,False,Medium
USA,Medium,Consumer Goods,Apparel,"Perry, PA, USA",,42099.0,PA,Name14614441,False,False,True,Severe
USA,Medium,Consumer Goods,Apparel,"Perry, PA, USA",,42099.0,PA,Name14614442,True,True,False,Medium
USA,Medium,Consumer Goods,Apparel,"Perry, PA, USA",,42099.0,PA,Name14614443,False,False,True,Medium
USA,Medium,Consumer Goods,Apparel,"Perry, PA, USA",,42099.0,PA,Name14614445,True,True,False,High
USA,Medium,Consumer Goods,Apparel,"Perry, PA, USA",,42099.0,PA,Name14614446,True,False,False,Low
USA,Medium,Consumer Goods,Apparel,"Perry, PA, USA",,42099.0,PA,Name14614447,True,True,False,Low
USA,Medium,Consumer Goods,Apparel,"Perry, PA, USA",,42099.0,PA,Name14614448,False,False,True,Low
USA,Medium,Consumer Goods,Apparel,"Perry, PA, USA",,42099.0,PA,Name14614449,True,True,False,Medium
USA,Medium,Consumer Goods,Apparel,"Perry, PA, USA",,42099.0,PA,Name14614450,False,False,True,Severe
USA,Medium,Consumer Goods,Apparel,"Perry, PA, USA",,42099.0,PA,Name14614451,True,False,False,Severe
USA,Medium,Consumer Goods,Apparel,"Perry, PA, USA",,42099.0,PA,Name14614452,True,False,False,Severe
USA,Medium,Consumer Goods,Apparel,"Perry, PA, USA",,42099.0,PA,Name14614453,True,True,False,Medium
USA,Medium,Consumer Goods,Apparel,"Perry, PA, USA",,42099.0,PA,Name14614454,True,True,False,Medium
USA,Medium,Consumer Goods,Apparel,"Perry, PA, USA",,42099.0,PA,Name14614455,True,False,False,Low
USA,Medium,Consumer Goods,Apparel,"Perry, PA, USA",,42099.0,PA,Name14614456,True,True,False,Low
USA,Medium,Consumer Goods,Apparel,"Perry, PA, USA",,42099.0,PA,Name14614459,True,True,False,Severe
USA,Medium,Consumer Goods,Apparel,"Perry, PA, USA",,42099.0,PA,Name14614460,True,True,False,Low
USA,Medium,Consumer Goods,Apparel,"Perry, PA, USA",,42099.0,PA,Name14614461,False,True,False,High
USA,Medium,Consumer Goods,Apparel,"Perry, PA, USA",,42099.0,PA,Name14614462,False,True,False,Severe
USA,Medium,Consumer Goods,Apparel,"Perry, PA, USA",,42099.0,PA,Name14614463,True,False,False,Low
USA,Medium,Consumer Goods,Apparel,"Perry, PA, USA",,42099.0,PA,Name14614464,True,True,False,Low
USA,Medium,Utilities,Electric,"Perry, PA, USA",,42099.0,PA,Name14614465,True,True,False,High
USA,Medium,Utilities,Electric,"Perry, PA, USA",,42099.0,PA,Name14614466,False,True,True,Low
USA,Medium,Utilities,Electric,"Perry, PA, USA",,42099.0,PA,Name14614467,True,False,False,Medium
USA,Medium,Utilities,Electric,"Perry, PA, USA",,42099.0,PA,Name14614468,True,True,False,High
USA,Medium,Utilities,Electric,"Perry, PA, USA",,42099.0,PA,Name14614469,False,False,True,Medium
USA,Medium,Utilities,Electric,"Perry, PA, USA",,42099.0,PA,Name14614470,True,False,False,Medium
USA,Medium,Utilities,Electric,"Perry, PA, USA",,42099.0,PA,Name14614471,True,False,False,Severe
USA,Medium,Utilities,Electric,"Perry, PA, USA",,42099.0,PA,Name14614472,False,True,True,High
USA,Medium,Utilities,Water,"Perry, PA, USA",,42099.0,PA,Name14614473,True,False,False,Medium
USA,Medium,Utilities,Water,"Perry, PA, USA",,42099.0,PA,Name14614474,False,False,True,Low
USA,Medium,Utilities,Water,"Perry, PA, USA",,42099.0,PA,Name14614475,True,True,False,Medium
USA,Medium,Utilities,Water,"Perry, PA, USA",,42099.0,PA,Name14614476,True,False,False,High
USA,Medium,Utilities,Water,"Perry, PA, USA",,42099.0,PA,Name14614478,True,False,False,Low
USA,Medium,Utilities,Water,"Perry, PA, USA",,42099.0,PA,Name14614479,False,True,True,Severe
USA,Medium,Utilities,Water,"Perry, PA, USA",,42099.0,PA,Name14614480,False,True,False,Medium
USA,Medium,Utilities,Water,"Perry, PA, USA",,42099.0,PA,Name14614482,True,False,False,Severe
USA,Medium,Utilities,Water,"Perry, PA, USA",,42099.0,PA,Name14614483,False,False,True,Severe
USA,Medium,Utilities,Water,"Perry, PA, USA",,42099.0,PA,Name14614484,True,True,False,Low
USA,Medium,Utilities,Water,"Perry, PA, USA",,42099.0,PA,Name14614485,False,True,False,Low
USA,Medium,Utilities,Water,"Perry, PA, USA",,42099.0,PA,Name14614486,True,False,False,Low
USA,Medium,Utilities,Water,"Perry, PA, USA",,42099.0,PA,Name14614487,True,True,False,Medium
USA,Medium,Utilities,Water,"Perry, PA, USA",,42099.0,PA,Name14614488,True,False,False,Severe
USA,Medium,Utilities,Water,"Perry, PA, USA",,42099.0,PA,Name14614489,True,True,False,Medium
USA,Medium,Utilities,Water,"Perry, PA, USA",,42099.0,PA,Name14614491,True,True,False,High
USA,Medium,Utilities,Water,"Perry, PA, USA",,42099.0,PA,Name14614492,True,False,False,High
USA,Medium,Utilities,Water,"Perry, PA, USA",,42099.0,PA,Name14614493,True,False,False,Severe
USA,Medium,Utilities,Water,"Perry, PA, USA",,42099.0,PA,Name14614494,True,False,False,High
USA,Medium,Utilities,Water,"Perry, PA, USA",,42099.0,PA,Name14614495,False,True,True,Medium
USA,Medium,Utilities,Water,"Perry, PA, USA",,42099.0,PA,Name14614496,True,True,False,Medium
USA,Medium,Utilities,Water,"Perry, PA, USA",,42099.0,PA,Name14614499,True,True,False,High
USA,Medium,Utilities,Water,"Perry, PA, USA",,42099.0,PA,Name14614500,True,False,False,High
USA,Medium,Utilities,Gas,"Perry, PA, USA",,42099.0,PA,Name14614501,False,False,True,Medium
USA,Medium,Utilities,Gas,"Perry, PA, USA",,42099.0,PA,Name14614502,True,False,False,Medium
USA,Medium,Utilities,Gas,"Perry, PA, USA",,42099.0,PA,Name14614503,True,False,False,High
USA,Medium,Utilities,Gas,"Perry, PA, USA",,42099.0,PA,Name14614504,True,True,False,High
USA,Medium,Utilities,Gas,"Perry, PA, USA",,42099.0,PA,Name14614505,True,False,False,Low
USA,Medium,Utilities,Gas,"Perry, PA, USA",,42099.0,PA,Name14614506,True,True,False,Low
USA,Medium,Utilities,Gas,"Perry, PA, USA",,42099.0,PA,Name14614507,True,False,False,Medium
USA,Medium,Utilities,Gas,"Perry, PA, USA",,42099.0,PA,Name14614508,True,True,False,Low
USA,Medium,Utilities,Gas,"Perry, PA, USA",,42099.0,PA,Name14614509,False,True,True,Medium
USA,Medium,Real Estate,Residential,"Perry, PA, USA",,42099.0,PA,Name14614511,True,True,False,Severe
USA,Medium,Real Estate,Residential,"Perry, PA, USA",,42099.0,PA,Name14614512,True,False,False,Low
USA,Medium,Real Estate,Residential,"Perry, PA, USA",,42099.0,PA,Name14614515,True,True,False,Severe
USA,Medium,Real Estate,Residential,"Perry, PA, USA",,42099.0,PA,Name14614516,False,True,True,Severe
USA,Medium,Real Estate,Residential,"Perry, PA, USA",,42099.0,PA,Name14614517,True,False,False,High
USA,Medium,Real Estate,Residential,"Perry, PA, USA",,42099.0,PA,Name14614518,True,True,False,Medium
USA,Medium,Real Estate,Residential,"Perry, PA, USA",,42099.0,PA,Name14614519,True,False,False,Low
USA,Medium,Real Estate,Residential,"Perry, PA, USA",,42099.0,PA,Name14614520,True,True,False,Low
USA,Medium,Real Estate,Residential,"Perry, PA, USA",,42099.0,PA,Name14614522,False,False,True,Medium
USA,Medium,Real Estate,Residential,"Perry, PA, USA",,42099.0,PA,Name14614523,False,True,False,High
USA,Medium,Real Estate,Residential,"Perry, PA, USA",,42099.0,PA,Name14614524,True,True,False,Low
USA,Medium,Real Estate,Residential,"Perry, PA, USA",,42099.0,PA,Name14614525,False,True,False,Severe
USA,Medium,Real Estate,Residential,"Perry, PA, USA",,42099.0,PA,Name14614526,False,True,False,Severe
USA,Medium,Real Estate,Residential,"Perry, PA, USA",,42099.0,PA,Name14614527,True,True,False,High
USA,Medium,Real Estate,Commercial,"Perry, PA, USA",,42099.0,PA,Name14614528,True,True,False,High
USA,Medium,Real Estate,Commercial,"Perry, PA, USA",,42099.0,PA,Name14614529,False,True,False,Medium
USA,Medium,Real Estate,Commercial,"Perry, PA, USA",,42099.0,PA,Name14614530,False,True,True,Medium
USA,Medium,Real Estate,Commercial,"Perry, PA, USA",,42099.0,PA,Name14614531,False,True,False,High
USA,Medium,Real Estate,Commercial,"Perry, PA, USA",,42099.0,PA,Name14614532,True,True,False,High
USA,Medium,Real Estate,Commercial,"Perry, PA, USA",,42099.0,PA,Name14614533,True,False,False,High
USA,Medium,Real Estate,Commercial,"Perry, PA, USA",,42099.0,PA,Name14614534,True,False,False,Severe
USA,Medium,Real Estate,Commercial,"Perry, PA, USA",,42099.0,PA,Name14614535,True,False,False,High
USA,Medium,Real Estate,Commercial,"Perry, PA, USA",,42099.0,PA,Name14614536,True,True,False,Severe
USA,Medium,Real Estate,Commercial,"Perry, PA, USA",,42099.0,PA,Name14614538,True,False,False,Low
USA,Medium,Real Estate,Commercial,"Perry, PA, USA",,42099.0,PA,Name14614539,True,False,False,High
USA,Medium,Real Estate,Commercial,"Perry, PA, USA",,42099.0,PA,Name14614540,True,True,False,Severe
USA,Medium,Real Estate,Commercial,"Perry, PA, USA",,42099.0,PA,Name14614541,True,False,False,High
USA,Medium,Real Estate,Commercial,"Perry, PA, USA",,42099.0,PA,Name14614542,True,True,False,Severe
USA,Medium,Real Estate,Commercial,"Perry, PA, USA",,42099.0,PA,Name14614543,True,True,False,Low
USA,Medium,Real Estate,Commercial,"Perry, PA, USA",,42099.0,PA,Name14614544,True,False,False,Severe
USA,Medium,Real Estate,Commercial,"Perry, PA, USA",,42099.0,PA,Name14614546,False,True,False,Severe
USA,Medium,Real Estate,Commercial,"Perry, PA, USA",,42099.0,PA,Name14614549,True,True,False,High
USA,Medium,Real Estate,Commercial,"Perry, PA, USA",,42099.0,PA,Name14614550,True,False,False,High
USA,Medium,Real Estate,Commercial,"Perry, PA, USA",,42099.0,PA,Name14614552,False,False,True,Low
USA,Medium,Real Estate,Commercial,"Perry, PA, USA",,42099.0,PA,Name14614553,True,False,False,High
USA,Medium,Real Estate,Commercial,"Perry, PA, USA",,42099.0,PA,Name14614554,False,True,False,Medium
USA,Medium,Real Estate,Commercial,"Perry, PA, USA",,42099.0,PA,Name14614555,False,False,True,Low
USA,Medium,Real Estate,Commercial,"Perry, PA, USA",,42099.0,PA,Name14614556,True,False,False,Severe
USA,Medium,Real Estate,Commercial,"Perry, PA, USA",,42099.0,PA,Name14614557,False,True,True,Low
USA,Medium,Real Estate,Commercial,"Perry, PA, USA",,42099.0,PA,Name14614558,False,True,False,Low
USA,Medium,Real Estate,Commercial,"Perry, PA, USA",,42099.0,PA,Name14614559,True,False,False,Medium
USA,Medium,Real Estate,Commercial,"Perry, PA, USA",,42099.0,PA,Name14614560,False,False,True,High
USA,Medium,Real Estate,Commercial,"Perry, PA, USA",,42099.0,PA,Name14614561,False,True,False,Low
USA,Medium,Real Estate,Commercial,"Perry, PA, USA",,42099.0,PA,Name14614562,False,False,True,Medium
USA,Medium,Real Estate,Commercial,"Perry, PA, USA",,42099.0,PA,Name14614563,False,True,True,Severe
USA,Medium,Real Estate,Commercial,"Perry, PA, USA",,42099.0,PA,Name14614564,True,False,False,Medium
USA,Medium,Real Estate,Commercial,"Perry, PA, USA",,42099.0,PA,Name14614565,True,False,False,Medium
USA,Medium,Real Estate,Commercial,"Perry, PA, USA",,42099.0,PA,Name14614566,False,True,True,Severe
USA,Medium,Real Estate,Commercial,"Perry, PA, USA",,42099.0,PA,Name14614567,False,False,True,Severe
USA,Medium,Real Estate,Commercial,"Perry, PA, USA",,42099.0,PA,Name14614568,False,False,True,Medium
USA,Medium,Real Estate,Commercial,"Perry, PA, USA",,42099.0,PA,Name14614569,True,True,False,High
USA,Medium,Real Estate,Commercial,"Perry, PA, USA",,42099.0,PA,Name14614570,True,False,False,Severe
USA,Medium,Real Estate,Commercial,"Perry, PA, USA",,42099.0,PA,Name14614571,True,False,False,High
USA,Medium,Real Estate,Commercial,"Perry, PA, USA",,42099.0,PA,Name14614572,False,False,True,Medium
USA,Medium,Real Estate,Commercial,"Perry, PA, USA",,42099.0,PA,Name14614573,True,False,False,Medium
USA,Medium,Real Estate,Commercial,"Perry, PA, USA",,42099.0,PA,Name14614574,True,True,False,High
USA,Medium,Real Estate,Commercial,"Perry, PA, USA",,42099.0,PA,Name14614575,True,True,False,Severe
USA,Medium,Real Estate,Industrial,"Perry, PA, USA",,42099.0,PA,Name14614576,True,True,False,Medium
USA,Medium,Real Estate,Industrial,"Perry, PA, USA",,42099.0,PA,Name14614577,True,False,False,Severe
USA,Medium,Real Estate,Industrial,"Perry, PA, USA",,42099.0,PA,Name14614579,True,False,False,Medium
USA,Medium,Real Estate,Industrial,"Perry, PA, USA",,42099.0,PA,Name14614581,False,False,True,Medium
USA,Medium,Real Estate,Industrial,"Perry, PA, USA",,42099.0,PA,Name14614582,True,True,False,Low
USA,Medium,Real Estate,Industrial,"Perry, PA, USA",,42099.0,PA,Name14614583,True,False,False,Severe
USA,Medium,Real Estate,Industrial,"Perry, PA, USA",,42099.0,PA,Name14614584,True,True,False,Medium
USA,Medium,Real Estate,Industrial,"Perry, PA, USA",,42099.0,PA,Name14614585,True,False,False,Low
USA,Medium,Real Estate,Industrial,"Perry, PA, USA",,42099.0,PA,Name14614586,True,True,False,Low
USA,Medium,Real Estate,Industrial,"Perry, PA, USA",,42099.0,PA,Name14614587,False,True,True,Low
USA,Medium,Real Estate,Industrial,"Perry, PA, USA",,42099.0,PA,Name14614588,True,False,False,High
USA,Medium,Real Estate,Industrial,"Perry, PA, USA",,42099.0,PA,Name14614589,False,True,False,Low
USA,Medium,Real Estate,Industrial,"Perry, PA, USA",,42099.0,PA,Name14614590,True,True,False,Low
USA,Medium,Real Estate,Industrial,"Perry, PA, USA",,42099.0,PA,Name14614591,True,False,False,High
USA,Medium,Real Estate,Industrial,"Perry, PA, USA",,42099.0,PA,Name14614592,True,True,False,Medium
USA,Medium,Real Estate,Industrial,"Perry, PA, USA",,42099.0,PA,Name14614593,False,True,False,High
USA,Medium,Real Estate,Industrial,"Perry, PA, USA",,42099.0,PA,Name14614594,False,False,True,Medium
USA,Medium,Real Estate,Industrial,"Perry, PA, USA",,42099.0,PA,Name14614595,False,False,True,Low
USA,Medium,Real Estate,Industrial,"Perry, PA, USA",,42099.0,PA,Name14614596,False,False,True,High
USA,Medium,Real Estate,Industrial,"Perry, PA, USA",,42099.0,PA,Name14614597,True,False,False,Medium
USA,Medium,Real Estate,Industrial,"Perry, PA, USA",,42099.0,PA,Name14614598,False,True,False,Medium
USA,Medium,Real Estate,Industrial,"Perry, PA, USA",,42099.0,PA,Name14614599,True,True,False,Low
USA,Medium,Real Estate,Industrial,"Perry, PA, USA",,42099.0,PA,Name14614600,True,False,False,Low
USA,Medium,Real Estate,Industrial,"Perry, PA, USA",,42099.0,PA,Name14614603,True,False,False,High
USA,Medium,Real Estate,Industrial,"Perry, PA, USA",,42099.0,PA,Name14614604,True,False,False,High
USA,Medium,Real Estate,Industrial,"Perry, PA, USA",,42099.0,PA,Name14614605,False,False,True,Severe
USA,Medium,Real Estate,Industrial,"Perry, PA, USA",,42099.0,PA,Name14614606,False,False,True,Severe
USA,Medium,Real Estate,Industrial,"Perry, PA, USA",,42099.0,PA,Name14614607,True,True,False,Medium
USA,Medium,Real Estate,Industrial,"Perry, PA, USA",,42099.0,PA,Name14614609,False,True,True,Medium
USA,Medium,Real Estate,Industrial,"Perry, PA, USA",,42099.0,PA,Name14614610,False,True,True,Low
USA,Medium,Real Estate,Industrial,"Perry, PA, USA",,42099.0,PA,Name14614611,False,True,True,Low
USA,Medium,Telecommunications,Mobile,"Perry, PA, USA",,42099.0,PA,Name14614612,True,True,False,Low
USA,Medium,Telecommunications,Mobile,"Perry, PA, USA",,42099.0,PA,Name14614613,True,False,False,Severe
USA,Medium,Telecommunications,Mobile,"Perry, PA, USA",,42099.0,PA,Name14614614,False,False,True,Low
USA,Medium,Telecommunications,Mobile,"Perry, PA, USA",,42099.0,PA,Name14614615,False,True,True,Medium
USA,Medium,Telecommunications,Mobile,"Perry, PA, USA",,42099.0,PA,Name14614616,False,True,True,Low
USA,Medium,Telecommunications,Mobile,"Perry, PA, USA",,42099.0,PA,Name14614617,True,True,False,Low
USA,Medium,Telecommunications,Mobile,"Perry, PA, USA",,42099.0,PA,Name14614618,True,True,False,Medium
USA,Medium,Telecommunications,Mobile,"Perry, PA, USA",,42099.0,PA,Name14614620,True,False,False,High
USA,Medium,Telecommunications,Mobile,"Perry, PA, USA",,42099.0,PA,Name14614621,False,True,False,High
USA,Medium,Telecommunications,Mobile,"Perry, PA, USA",,42099.0,PA,Name14614622,True,False,False,High
USA,Medium,Telecommunications,Mobile,"Perry, PA, USA",,42099.0,PA,Name14614623,True,True,False,Severe
USA,Medium,Telecommunications,Mobile,"Perry, PA, USA",,42099.0,PA,Name14614624,True,True,False,Medium
USA,Medium,Telecommunications,Mobile,"Perry, PA, USA",,42099.0,PA,Name14614625,True,False,False,Severe
USA,Medium,Telecommunications,Mobile,"Perry, PA, USA",,42099.0,PA,Name14614626,True,False,False,Low
USA,Medium,Telecommunications,Mobile,"Perry, PA, USA",,42099.0,PA,Name14614627,False,False,True,Low
USA,Medium,Telecommunications,Mobile,"Perry, PA, USA",,42099.0,PA,Name14614629,False,False,True,High
USA,Medium,Telecommunications,Mobile,"Perry, PA, USA",,42099.0,PA,Name14614630,True,False,False,Severe
USA,Medium,Telecommunications,Mobile,"Perry, PA, USA",,42099.0,PA,Name14614631,False,False,True,Medium
USA,Medium,Telecommunications,Mobile,"Perry, PA, USA",,42099.0,PA,Name14614632,False,False,True,Low
USA,Medium,Telecommunications,Mobile,"Perry, PA, USA",,42099.0,PA,Name14614633,True,True,False,High
USA,Medium,Telecommunications,Mobile,"Perry, PA, USA",,42099.0,PA,Name14614634,True,True,False,Low
USA,Medium,Telecommunications,Mobile,"Perry, PA, USA",,42099.0,PA,Name14614635,False,True,True,High
USA,Medium,Telecommunications,Mobile,"Perry, PA, USA",,42099.0,PA,Name14614636,False,True,True,High
USA,Medium,Telecommunications,Mobile,"Perry, PA, USA",,42099.0,PA,Name14614637,False,False,True,Severe
USA,Medium,Telecommunications,Mobile,"Perry, PA, USA",,42099.0,PA,Name14614638,False,True,False,Medium
USA,Medium,Telecommunications,Mobile,"Perry, PA, USA",,42099.0,PA,Name14614639,True,True,False,Severe
USA,Medium,Telecommunications,Mobile,"Perry, PA, USA",,42099.0,PA,Name14614640,False,True,True,Low
USA,Medium,Telecommunications,Broadband,"Perry, PA, USA",,42099.0,PA,Name14614641,True,True,False,Low
USA,Medium,Telecommunications,Broadband,"Perry, PA, USA",,42099.0,PA,Name14614642,False,True,True,Low
USA,Medium,Telecommunications,Broadband,"Perry, PA, USA",,42099.0,PA,Name14614643,True,True,False,Severe
USA,Medium,Telecommunications,Broadband,"Perry, PA, USA",,42099.0,PA,Name14614644,True,False,False,Medium
USA,Medium,Telecommunications,Broadband,"Perry, PA, USA",,42099.0,PA,Name14614645,True,False,False,Severe
USA,Medium,Telecommunications,Broadband,"Perry, PA, USA",,42099.0,PA,Name14614646,False,True,False,Medium
USA,Medium,Telecommunications,Broadband,"Perry, PA, USA",,42099.0,PA,Name14614647,True,True,False,Severe
USA,Medium,Telecommunications,Broadband,"Perry, PA, USA",,42099.0,PA,Name14614648,False,False,True,Severe
USA,Medium,Telecommunications,Broadband,"Perry, PA, USA",,42099.0,PA,Name14614649,True,True,False,Severe
USA,Medium,Telecommunications,Satellite,"Perry, PA, USA",,42099.0,PA,Name14614650,True,False,False,Medium
USA,Medium,Telecommunications,Satellite,"Perry, PA, USA",,42099.0,PA,Name14614651,False,True,True,High
USA,Medium,Telecommunications,Satellite,"Perry, PA, USA",,42099.0,PA,Name14614652,True,True,False,Medium
USA,Medium,Telecommunications,Satellite,"Perry, PA, USA",,42099.0,PA,Name14614653,True,True,False,High
USA,Medium,Telecommunications,Satellite,"Perry, PA, USA",,42099.0,PA,Name14614654,True,False,False,Severe
USA,Medium,Telecommunications,Satellite,"Perry, PA, USA",,42099.0,PA,Name14614656,False,True,False,High
USA,Medium,Telecommunications,Satellite,"Perry, PA, USA",,42099.0,PA,Name14614657,False,True,False,Severe
USA,Medium,Telecommunications,Satellite,"Perry, PA, USA",,42099.0,PA,Name14614658,False,True,True,High
USA,Medium,Telecommunications,Satellite,"Perry, PA, USA",,42099.0,PA,Name14614659,False,True,True,Severe
USA,Medium,Telecommunications,Satellite,"Perry, PA, USA",,42099.0,PA,Name14614660,False,True,False,Medium
USA,Medium,Telecommunications,Satellite,"Perry, PA, USA",,42099.0,PA,Name14614661,True,True,False,Medium
USA,Medium,Telecommunications,Satellite,"Perry, PA, USA",,42099.0,PA,Name14614662,True,False,False,High
USA,Medium,Telecommunications,Satellite,"Perry, PA, USA",,42099.0,PA,Name14614663,False,False,True,High
USA,Medium,Telecommunications,Satellite,"Perry, PA, USA",,42099.0,PA,Name14614664,True,False,False,Severe
USA,Medium,Materials,Chemicals,"Perry, PA, USA",,42099.0,PA,Name14614665,False,False,True,Low
USA,Medium,Materials,Chemicals,"Perry, PA, USA",,42099.0,PA,Name14614666,True,False,False,Severe
USA,Medium,Materials,Chemicals,"Perry, PA, USA",,42099.0,PA,Name14614667,True,True,False,Low
USA,Medium,Materials,Chemicals,"Perry, PA, USA",,42099.0,PA,Name14614668,True,True,False,Severe
USA,Medium,Materials,Chemicals,"Perry, PA, USA",,42099.0,PA,Name14614669,True,False,False,Medium
USA,Medium,Materials,Chemicals,"Perry, PA, USA",,42099.0,PA,Name14614670,True,False,False,Low
USA,Medium,Materials,Chemicals,"Perry, PA, USA",,42099.0,PA,Name14614671,True,False,False,Low
USA,Medium,Materials,Chemicals,"Perry, PA, USA",,42099.0,PA,Name14614672,True,True,False,Medium
USA,Medium,Materials,Chemicals,"Perry, PA, USA",,42099.0,PA,Name14614673,False,False,True,Severe
USA,Medium,Materials,Chemicals,"Perry, PA, USA",,42099.0,PA,Name14614674,True,False,False,Low
USA,Medium,Materials,Chemicals,"Perry, PA, USA",,42099.0,PA,Name14614675,True,True,False,High
USA,Medium,Materials,Chemicals,"Perry, PA, USA",,42099.0,PA,Name14614676,False,True,False,Medium
USA,Medium,Materials,Chemicals,"Perry, PA, USA",,42099.0,PA,Name14614677,True,False,False,High
USA,Medium,Materials,Chemicals,"Perry, PA, USA",,42099.0,PA,Name14614678,True,False,False,Medium
USA,Medium,Materials,Chemicals,"Perry, PA, USA",,42099.0,PA,Name14614679,False,True,False,Low
USA,Medium,Materials,Chemicals,"Perry, PA, USA",,42099.0,PA,Name14614680,False,False,True,High
USA,Medium,Materials,Chemicals,"Perry, PA, USA",,42099.0,PA,Name14614681,False,True,False,Low
USA,Medium,Materials,Chemicals,"Perry, PA, USA",,42099.0,PA,Name14614682,True,False,False,High
USA,Medium,Materials,Chemicals,"Perry, PA, USA",,42099.0,PA,Name14614683,False,False,True,Medium
USA,Medium,Materials,Metals & Mining,"Perry, PA, USA",,42099.0,PA,Name14614684,False,False,True,Severe
USA,Medium,Materials,Metals & Mining,"Perry, PA, USA",,42099.0,PA,Name14614685,True,False,False,Severe
USA,Medium,Materials,Metals & Mining,"Perry, PA, USA",,42099.0,PA,Name14614686,False,False,True,Low
USA,Medium,Materials,Metals & Mining,"Perry, PA, USA",,42099.0,PA,Name14614689,False,False,True,High
USA,Medium,Materials,Construction Materials,"Perry, PA, USA",,42099.0,PA,Name14614691,False,True,True,High
USA,Medium,Materials,Construction Materials,"Perry, PA, USA",,42099.0,PA,Name14614692,True,True,False,Severe
USA,Medium,Materials,Construction Materials,"Perry, PA, USA",,42099.0,PA,Name14614693,False,True,True,High
USA,Medium,Materials,Construction Materials,"Perry, PA, USA",,42099.0,PA,Name14614694,True,True,False,Severe
USA,Medium,Materials,Construction Materials,"Perry, PA, USA",,42099.0,PA,Name14614695,True,True,False,Low
USA,Medium,Materials,Construction Materials,"Perry, PA, USA",,42099.0,PA,Name14614696,False,False,True,High
USA,Medium,Materials,Construction Materials,"Perry, PA, USA",,42099.0,PA,Name14614697,True,True,False,High
USA,Medium,Materials,Construction Materials,"Perry, PA, USA",,42099.0,PA,Name14614698,True,True,False,Low
USA,Medium,Materials,Construction Materials,"Perry, PA, USA",,42099.0,PA,Name14614699,True,False,False,High
USA,Medium,Industrials,Aerospace & Defense,"Perry, PA, USA",,42099.0,PA,Name14614700,False,True,True,Medium
USA,Medium,Industrials,Aerospace & Defense,"Perry, PA, USA",,42099.0,PA,Name14614701,False,True,True,Medium
USA,Medium,Industrials,Aerospace & Defense,"Perry, PA, USA",,42099.0,PA,Name14614702,True,True,False,Low
USA,Medium,Industrials,Aerospace & Defense,"Perry, PA, USA",,42099.0,PA,Name14614703,False,True,True,Low
USA,Medium,Industrials,Aerospace & Defense,"Perry, PA, USA",,42099.0,PA,Name14614704,True,False,False,Severe
USA,Medium,Industrials,Aerospace & Defense,"Perry, PA, USA",,42099.0,PA,Name14614705,True,True,False,Medium
USA,Medium,Industrials,Aerospace & Defense,"Perry, PA, USA",,42099.0,PA,Name14614706,True,True,False,Low
USA,Medium,Industrials,Aerospace & Defense,"Perry, PA, USA",,42099.0,PA,Name14614707,True,False,False,Severe
USA,Medium,Industrials,Aerospace & Defense,"Perry, PA, USA",,42099.0,PA,Name14614708,True,True,False,High
USA,Medium,Industrials,Aerospace & Defense,"Perry, PA, USA",,42099.0,PA,Name14614709,True,False,False,High
USA,Medium,Industrials,Aerospace & Defense,"Perry, PA, USA",,42099.0,PA,Name14614711,True,False,False,High
USA,Medium,Industrials,Aerospace & Defense,"Perry, PA, USA",,42099.0,PA,Name14614712,False,False,True,High
USA,Medium,Industrials,Aerospace & Defense,"Perry, PA, USA",,42099.0,PA,Name14614714,True,False,False,Medium
USA,Medium,Industrials,Aerospace & Defense,"Perry, PA, USA",,42099.0,PA,Name14614715,True,False,False,Medium
USA,Medium,Industrials,Aerospace & Defense,"Perry, PA, USA",,42099.0,PA,Name14614716,False,True,False,Medium
USA,Medium,Industrials,Aerospace & Defense,"Perry, PA, USA",,42099.0,PA,Name14614717,True,True,False,Severe
USA,Medium,Industrials,Aerospace & Defense,"Perry, PA, USA",,42099.0,PA,Name14614719,True,True,False,High
USA,Medium,Industrials,Aerospace & Defense,"Perry, PA, USA",,42099.0,PA,Name14614720,True,False,False,High
USA,Medium,Industrials,Aerospace & Defense,"Perry, PA, USA",,42099.0,PA,Name14614721,True,False,False,Medium
USA,Medium,Industrials,Aerospace & Defense,"Perry, PA, USA",,42099.0,PA,Name14614723,False,True,False,Severe
USA,Medium,Industrials,Aerospace & Defense,"Perry, PA, USA",,42099.0,PA,Name14614724,False,False,True,Medium
USA,Medium,Industrials,Aerospace & Defense,"Perry, PA, USA",,42099.0,PA,Name14614725,False,False,True,High
USA,Medium,Industrials,Aerospace & Defense,"Perry, PA, USA",,42099.0,PA,Name14614726,True,True,False,Low
USA,Medium,Industrials,Aerospace & Defense,"Perry, PA, USA",,42099.0,PA,Name14614727,True,False,False,Medium
USA,Medium,Industrials,Aerospace & Defense,"Perry, PA, USA",,42099.0,PA,Name14614728,True,True,False,Medium
USA,Medium,Industrials,Aerospace & Defense,"Perry, PA, USA",,42099.0,PA,Name14614729,False,True,False,Medium
USA,Medium,Industrials,Machinery,"Perry, PA, USA",,42099.0,PA,Name14614730,False,True,False,Medium
USA,Medium,Industrials,Machinery,"Perry, PA, USA",,42099.0,PA,Name14614731,True,True,False,Severe
USA,Medium,Industrials,Machinery,"Perry, PA, USA",,42099.0,PA,Name14614732,True,True,False,Low
USA,Medium,Industrials,Machinery,"Perry, PA, USA",,42099.0,PA,Name14614733,True,False,False,Low
USA,Medium,Industrials,Machinery,"Perry, PA, USA",,42099.0,PA,Name14614734,True,True,False,High
USA,Medium,Industrials,Machinery,"Perry, PA, USA",,42099.0,PA,Name14614735,True,True,False,Severe
USA,Medium,Industrials,Machinery,"Perry, PA, USA",,42099.0,PA,Name14614736,True,True,False,Low
USA,Medium,Industrials,Machinery,"Perry, PA, USA",,42099.0,PA,Name14614738,True,True,False,High
USA,Medium,Industrials,Machinery,"Perry, PA, USA",,42099.0,PA,Name14614739,False,True,False,High
USA,Medium,Industrials,Machinery,"Perry, PA, USA",,42099.0,PA,Name14614740,True,True,False,Medium
USA,Medium,Industrials,Machinery,"Perry, PA, USA",,42099.0,PA,Name14614742,False,True,True,Severe
USA,Medium,Industrials,Machinery,"Perry, PA, USA",,42099.0,PA,Name14614743,True,False,False,High
USA,Medium,Industrials,Machinery,"Perry, PA, USA",,42099.0,PA,Name14614744,False,True,True,Low
USA,Medium,Industrials,Machinery,"Perry, PA, USA",,42099.0,PA,Name14614745,True,False,False,Low
USA,Medium,Industrials,Machinery,"Perry, PA, USA",,42099.0,PA,Name14614746,False,True,False,Medium
USA,Medium,Industrials,Machinery,"Perry, PA, USA",,42099.0,PA,Name14614747,False,True,False,Medium
USA,Medium,Industrials,Industrial Services,"Perry, PA, USA",,42099.0,PA,Name14614748,True,False,False,High
USA,Medium,Industrials,Industrial Services,"Perry, PA, USA",,42099.0,PA,Name14614749,True,True,False,Medium
USA,Medium,Industrials,Industrial Services,"Perry, PA, USA",,42099.0,PA,Name14614751,True,False,False,Severe
USA,Medium,Industrials,Industrial Services,"Perry, PA, USA",,42099.0,PA,Name14614752,True,False,False,Low
USA,Medium,Industrials,Industrial Services,"Perry, PA, USA",,42099.0,PA,Name14614753,True,True,False,Medium
USA,Medium,Industrials,Industrial Services,"Perry, PA, USA",,42099.0,PA,Name14614754,False,True,True,Low
USA,Medium,Industrials,Industrial Services,"Perry, PA, USA",,42099.0,PA,Name14614755,True,False,False,Medium
USA,Medium,Industrials,Industrial Services,"Perry, PA, USA",,42099.0,PA,Name14614756,True,False,False,Low
USA,Medium,Industrials,Industrial Services,"Perry, PA, USA",,42099.0,PA,Name14614757,True,True,False,High
USA,Medium,Industrials,Industrial Services,"Perry, PA, USA",,42099.0,PA,Name14614758,True,True,False,Low
USA,Medium,Industrials,Industrial Services,"Perry, PA, USA",,42099.0,PA,Name14614759,False,True,True,High
USA,Medium,Industrials,Industrial Services,"Perry, PA, USA",,42099.0,PA,Name14614760,True,True,False,High
USA,Medium,Industrials,Industrial Services,"Perry, PA, USA",,42099.0,PA,Name14614761,True,True,False,Medium
USA,Medium,Industrials,Industrial Services,"Perry, PA, USA",,42099.0,PA,Name14614762,False,True,True,High
USA,Medium,Industrials,Industrial Services,"Perry, PA, USA",,42099.0,PA,Name14614763,False,True,False,Medium
USA,Medium,Industrials,Industrial Services,"Perry, PA, USA",,42099.0,PA,Name14614764,True,False,False,Medium
USA,Medium,Industrials,Industrial Services,"Perry, PA, USA",,42099.0,PA,Name14614766,True,False,False,Low
USA,Medium,Industrials,Industrial Services,"Perry, PA, USA",,42099.0,PA,Name14614767,True,False,False,High
USA,Medium,Industrials,Industrial Services,"Perry, PA, USA",,42099.0,PA,Name14614768,False,False,True,Low
USA,Medium,Industrials,Industrial Services,"Perry, PA, USA",,42099.0,PA,Name14614769,False,False,True,High
USA,Medium,Industrials,Industrial Services,"Perry, PA, USA",,42099.0,PA,Name14614770,True,False,False,Severe
USA,Medium,Industrials,Industrial Services,"Perry, PA, USA",,42099.0,PA,Name14614771,True,False,False,Medium
USA,Medium,Industrials,Industrial Services,"Perry, PA, USA",,42099.0,PA,Name14614772,True,True,False,High
USA,Medium,Industrials,Industrial Services,"Perry, PA, USA",,42099.0,PA,Name14614773,True,False,False,Medium
USA,Medium,Industrials,Industrial Services,"Perry, PA, USA",,42099.0,PA,Name14614774,True,False,False,Medium
USA,Medium,Industrials,Industrial Services,"Perry, PA, USA",,42099.0,PA,Name14614775,False,True,True,Low
USA,Medium,Industrials,Industrial Services,"Perry, PA, USA",,42099.0,PA,Name14614776,True,True,False,Low
USA,Medium,Industrials,Industrial Services,"Perry, PA, USA",,42099.0,PA,Name14614777,False,True,True,Severe
USA,Medium,Industrials,Industrial Services,"Perry, PA, USA",,42099.0,PA,Name14614778,True,True,False,High
USA,Medium,Industrials,Industrial Services,"Perry, PA, USA",,42099.0,PA,Name14614780,True,True,False,High
USA,Medium,Industrials,Industrial Services,"Perry, PA, USA",,42099.0,PA,Name14614781,True,False,False,High
USA,Medium,Industrials,Industrial Services,"Perry, PA, USA",,42099.0,PA,Name14614782,True,True,False,High
USA,Medium,Industrials,Industrial Services,"Perry, PA, USA",,42099.0,PA,Name14614783,True,True,False,Medium
USA,Medium,Industrials,Industrial Services,"Perry, PA, USA",,42099.0,PA,Name14614784,True,False,False,Low
USA,Medium,Industrials,Industrial Services,"Perry, PA, USA",,42099.0,PA,Name14614785,False,False,True,Low
USA,Medium,Industrials,Industrial Services,"Perry, PA, USA",,42099.0,PA,Name14614786,False,True,True,Medium
USA,Medium,Industrials,Industrial Services,"Perry, PA, USA",,42099.0,PA,Name14614787,True,True,False,Low
USA,Medium,Industrials,Industrial Services,"Perry, PA, USA",,42099.0,PA,Name14614788,False,True,False,High
USA,Medium,Industrials,Industrial Services,"Perry, PA, USA",,42099.0,PA,Name14614789,True,False,False,High
USA,Medium,Industrials,Industrial Services,"Perry, PA, USA",,42099.0,PA,Name14614790,True,True,False,High
USA,Medium,Industrials,Industrial Services,"Perry, PA, USA",,42099.0,PA,Name14614791,False,True,True,High
USA,Medium,Industrials,Industrial Services,"Perry, PA, USA",,42099.0,PA,Name14614794,True,False,False,Medium
USA,Medium,Consumer Services,Retail,"Perry, PA, USA",,42099.0,PA,Name14614795,False,True,False,Severe
USA,Medium,Consumer Services,Retail,"Perry, PA, USA",,42099.0,PA,Name14614796,False,True,True,Medium
USA,Medium,Consumer Services,Retail,"Perry, PA, USA",,42099.0,PA,Name14614797,True,False,False,Low
USA,Medium,Consumer Services,Retail,"Perry, PA, USA",,42099.0,PA,Name14614798,True,False,False,Medium
USA,Medium,Consumer Services,Retail,"Perry, PA, USA",,42099.0,PA,Name14614799,False,True,False,Low
USA,Medium,Consumer Services,Retail,"Perry, PA, USA",,42099.0,PA,Name14614801,True,False,False,Low
USA,Medium,Consumer Services,Retail,"Perry, PA, USA",,42099.0,PA,Name14614802,False,False,True,Severe
USA,Medium,Consumer Services,Retail,"Perry, PA, USA",,42099.0,PA,Name14614803,False,True,True,Medium
USA,Medium,Consumer Services,Retail,"Perry, PA, USA",,42099.0,PA,Name14614804,False,False,True,Severe
USA,Medium,Consumer Services,Retail,"Perry, PA, USA",,42099.0,PA,Name14614805,True,True,False,Low
USA,Medium,Consumer Services,Retail,"Perry, PA, USA",,42099.0,PA,Name14614807,True,False,False,Low
USA,Medium,Consumer Services,Retail,"Perry, PA, USA",,42099.0,PA,Name14614808,False,True,True,Medium
USA,Medium,Consumer Services,Retail,"Perry, PA, USA",,42099.0,PA,Name14614809,True,True,False,Severe
USA,Medium,Consumer Services,Retail,"Perry, PA, USA",,42099.0,PA,Name14614810,True,False,False,Low
USA,Medium,Consumer Services,Retail,"Perry, PA, USA",,42099.0,PA,Name14614811,False,True,False,High
USA,Medium,Consumer Services,Retail,"Perry, PA, USA",,42099.0,PA,Name14614812,True,False,False,Low
USA,Medium,Consumer Services,Retail,"Perry, PA, USA",,42099.0,PA,Name14614813,True,False,False,Low
USA,Medium,Consumer Services,Retail,"Perry, PA, USA",,42099.0,PA,Name14614814,False,True,True,Low
USA,Medium,Consumer Services,Retail,"Perry, PA, USA",,42099.0,PA,Name14614815,True,False,False,Severe
USA,Medium,Consumer Services,Travel & Leisure,"Perry, PA, USA",,42099.0,PA,Name14614818,False,True,True,Medium
USA,Medium,Consumer Services,Travel & Leisure,"Perry, PA, USA",,42099.0,PA,Name14614819,True,False,False,High
USA,Medium,Consumer Services,Travel & Leisure,"Perry, PA, USA",,42099.0,PA,Name14614820,False,True,False,Severe
USA,Medium,Consumer Services,Travel & Leisure,"Perry, PA, USA",,42099.0,PA,Name14614821,True,True,False,Low
USA,Medium,Consumer Services,Travel & Leisure,"Perry, PA, USA",,42099.0,PA,Name14614822,True,True,False,Medium
USA,Medium,Consumer Services,Travel & Leisure,"Perry, PA, USA",,42099.0,PA,Name14614824,True,False,False,High
USA,Medium,Consumer Services,Travel & Leisure,"Perry, PA, USA",,42099.0,PA,Name14614825,False,True,True,High
USA,Medium,Consumer Services,Travel & Leisure,"Perry, PA, USA",,42099.0,PA,Name14614826,True,False,False,Severe
USA,Medium,Consumer Services,Travel & Leisure,"Perry, PA, USA",,42099.0,PA,Name14614827,False,False,True,Severe
USA,Medium,Consumer Services,Travel & Leisure,"Perry, PA, USA",,42099.0,PA,Name14614828,True,False,False,Medium
USA,Medium,Consumer Services,Travel & Leisure,"Perry, PA, USA",,42099.0,PA,Name14614829,False,True,False,Low
USA,Medium,Consumer Services,Travel & Leisure,"Perry, PA, USA",,42099.0,PA,Name14614831,False,True,False,Medium
USA,Medium,Consumer Services,Travel & Leisure,"Perry, PA, USA",,42099.0,PA,Name14614832,False,True,True,High
USA,Medium,Consumer Services,Travel & Leisure,"Perry, PA, USA",,42099.0,PA,Name14614833,False,True,False,Low
USA,Medium,Consumer Services,Travel & Leisure,"Perry, PA, USA",,42099.0,PA,Name14614834,True,False,False,Low
USA,Medium,Consumer Services,Travel & Leisure,"Perry, PA, USA",,42099.0,PA,Name14614835,True,True,False,High
USA,Medium,Consumer Services,Travel & Leisure,"Perry, PA, USA",,42099.0,PA,Name14614836,False,True,False,High
USA,Medium,Consumer Services,Travel & Leisure,"Perry, PA, USA",,42099.0,PA,Name14614838,True,True,False,High
USA,Medium,Consumer Services,Travel & Leisure,"Perry, PA, USA",,42099.0,PA,Name14614839,False,True,False,High
USA,Medium,Consumer Services,Travel & Leisure,"Perry, PA, USA",,42099.0,PA,Name14614840,True,False,False,High
USA,Medium,Consumer Services,Travel & Leisure,"Perry, PA, USA",,42099.0,PA,Name14614841,False,True,False,Severe
USA,Medium,Consumer Services,Travel & Leisure,"Perry, PA, USA",,42099.0,PA,Name14614842,True,False,False,Low
USA,Medium,Consumer Services,Travel & Leisure,"Perry, PA, USA",,42099.0,PA,Name14614843,False,True,False,Low
USA,Medium,Consumer Services,Travel & Leisure,"Perry, PA, USA",,42099.0,PA,Name14614844,False,False,True,Severe
USA,Medium,Consumer Services,Travel & Leisure,"Perry, PA, USA",,42099.0,PA,Name14614845,False,True,True,Low
USA,Medium,Consumer Services,Media,"Perry, PA, USA",,42099.0,PA,Name14614846,True,True,False,Low
USA,Medium,Consumer Services,Media,"Perry, PA, USA",,42099.0,PA,Name14614848,True,True,False,Medium
USA,Medium,Consumer Services,Media,"Perry, PA, USA",,42099.0,PA,Name14614849,False,True,False,Medium
USA,Medium,Consumer Services,Media,"Perry, PA, USA",,42099.0,PA,Name14614850,False,True,False,High
USA,Medium,Consumer Services,Media,"Perry, PA, USA",,42099.0,PA,Name14614851,False,True,True,High
USA,Medium,Consumer Services,Media,"Perry, PA, USA",,42099.0,PA,Name14614852,False,False,True,Low
USA,Medium,Consumer Services,Media,"Perry, PA, USA",,42099.0,PA,Name14614853,True,False,False,High
USA,Medium,Consumer Services,Media,"Perry, PA, USA",,42099.0,PA,Name14614854,False,False,True,Medium
USA,Medium,Consumer Services,Media,"Perry, PA, USA",,42099.0,PA,Name14614855,False,True,False,Medium
USA,Medium,Consumer Services,Media,"Perry, PA, USA",,42099.0,PA,Name14614857,True,False,False,Severe
USA,Medium,Consumer Services,Media,"Perry, PA, USA",,42099.0,PA,Name14614859,False,True,False,Medium
USA,Medium,Consumer Services,Media,"Perry, PA, USA",,42099.0,PA,Name14614860,False,True,True,Severe
USA,Medium,Consumer Services,Media,"Perry, PA, USA",,42099.0,PA,Name14614861,True,False,False,High
USA,Medium,Consumer Services,Media,"Perry, PA, USA",,42099.0,PA,Name14614862,True,True,False,Low
USA,Medium,Consumer Services,Media,"Perry, PA, USA",,42099.0,PA,Name14614863,False,False,True,Low
USA,Medium,Consumer Services,Media,"Perry, PA, USA",,42099.0,PA,Name14614864,True,True,False,High
USA,Medium,Consumer Services,Media,"Perry, PA, USA",,42099.0,PA,Name14614865,False,False,True,Low
USA,Medium,Consumer Services,Media,"Perry, PA, USA",,42099.0,PA,Name14614866,False,True,False,Low
USA,Medium,Consumer Services,Media,"Perry, PA, USA",,42099.0,PA,Name14614867,True,False,False,Low
USA,Medium,Consumer Services,Media,"Perry, PA, USA",,42099.0,PA,Name14614868,False,True,False,High
USA,Medium,Consumer Services,Media,"Perry, PA, USA",,42099.0,PA,Name14614869,False,True,True,Low
USA,Medium,Consumer Services,Media,"Perry, PA, USA",,42099.0,PA,Name14614870,True,False,False,Medium
USA,Medium,Consumer Services,Media,"Perry, PA, USA",,42099.0,PA,Name14614871,True,False,False,Medium
USA,Medium,Consumer Services,Media,"Perry, PA, USA",,42099.0,PA,Name14614872,False,True,True,High
USA,Medium,Consumer Services,Media,"Perry, PA, USA",,42099.0,PA,Name14614873,True,True,False,Low
USA,Medium,Consumer Services,Media,"Perry, PA, USA",,42099.0,PA,Name14614874,True,False,False,Low
USA,Medium,Consumer Services,Media,"Perry, PA, USA",,42099.0,PA,Name14614875,True,True,False,Medium
USA,Medium,Transportation,Airlines,"Perry, PA, USA",,42099.0,PA,Name14614876,False,False,True,Severe
USA,Medium,Transportation,Airlines,"Perry, PA, USA",,42099.0,PA,Name14614878,True,True,False,Low
USA,Medium,Transportation,Airlines,"Perry, PA, USA",,42099.0,PA,Name14614879,True,True,False,Severe
USA,Medium,Transportation,Airlines,"Perry, PA, USA",,42099.0,PA,Name14614882,True,True,False,Severe
USA,Medium,Transportation,Railroads,"Perry, PA, USA",,42099.0,PA,Name14614884,True,True,False,High
USA,Medium,Transportation,Railroads,"Perry, PA, USA",,42099.0,PA,Name14614885,True,True,False,Low
USA,Medium,Transportation,Railroads,"Perry, PA, USA",,42099.0,PA,Name14614887,True,False,False,Severe
USA,Medium,Transportation,Railroads,"Perry, PA, USA",,42099.0,PA,Name14614888,True,False,False,Severe
USA,Medium,Transportation,Railroads,"Perry, PA, USA",,42099.0,PA,Name14614889,False,False,True,Medium
USA,Medium,Transportation,Railroads,"Perry, PA, USA",,42099.0,PA,Name14614890,True,True,False,Low
USA,Medium,Transportation,Railroads,"Perry, PA, USA",,42099.0,PA,Name14614891,False,True,False,Severe
USA,Medium,Transportation,Railroads,"Perry, PA, USA",,42099.0,PA,Name14614892,False,True,False,Severe
USA,Medium,Transportation,Railroads,"Perry, PA, USA",,42099.0,PA,Name14614893,True,True,False,Severe
USA,Medium,Transportation,Railroads,"Perry, PA, USA",,42099.0,PA,Name14614894,True,False,False,Low
USA,Medium,Transportation,Railroads,"Perry, PA, USA",,42099.0,PA,Name14614895,False,False,True,Severe
USA,Medium,Transportation,Railroads,"Perry, PA, USA",,42099.0,PA,Name14614896,True,True,False,High
USA,Medium,Transportation,Railroads,"Perry, PA, USA",,42099.0,PA,Name14614897,True,False,False,High
USA,Medium,Transportation,Logistics,"Perry, PA, USA",,42099.0,PA,Name14614898,True,False,False,High
USA,Medium,Transportation,Logistics,"Perry, PA, USA",,42099.0,PA,Name14614899,True,True,False,Severe
USA,Medium,Transportation,Logistics,"Perry, PA, USA",,42099.0,PA,Name14614900,True,True,False,High
USA,Medium,Transportation,Logistics,"Perry, PA, USA",,42099.0,PA,Name14614901,True,False,False,Low
USA,Medium,Transportation,Logistics,"Perry, PA, USA",,42099.0,PA,Name14614902,False,True,False,Medium
USA,Medium,Transportation,Logistics,"Perry, PA, USA",,42099.0,PA,Name14614903,False,True,False,Severe
USA,Medium,Transportation,Logistics,"Perry, PA, USA",,42099.0,PA,Name14614904,True,False,False,Low
USA,Medium,Transportation,Logistics,"Perry, PA, USA",,42099.0,PA,Name14614905,False,False,True,Low
USA,Medium,Transportation,Logistics,"Perry, PA, USA",,42099.0,PA,Name14614906,False,False,True,Severe
USA,Medium,Transportation,Logistics,"Perry, PA, USA",,42099.0,PA,Name14614907,False,True,True,Low
USA,Small,Technology,Software,"Perry, PA, USA",,42099.0,PA,Name14614908,True,True,False,Low
USA,Small,Technology,Software,"Perry, PA, USA",,42099.0,PA,Name14614910,False,True,False,Medium
USA,Small,Technology,Software,"Perry, PA, USA",,42099.0,PA,Name14614911,True,False,False,Severe
USA,Small,Technology,Software,"Perry, PA, USA",,42099.0,PA,Name14614912,False,True,False,High
USA,Small,Technology,Hardware,"Perry, PA, USA",,42099.0,PA,Name14614913,True,True,False,Low
USA,Small,Technology,Hardware,"Perry, PA, USA",,42099.0,PA,Name14614914,False,True,True,Severe
USA,Small,Technology,Hardware,"Perry, PA, USA",,42099.0,PA,Name14614915,True,False,False,Severe
USA,Small,Technology,Hardware,"Perry, PA, USA",,42099.0,PA,Name14614916,True,False,False,Low
USA,Small,Technology,Hardware,"Perry, PA, USA",,42099.0,PA,Name14614917,True,True,False,Medium
USA,Small,Technology,Hardware,"Perry, PA, USA",,42099.0,PA,Name14614918,False,True,True,High
USA,Small,Technology,Hardware,"Perry, PA, USA",,42099.0,PA,Name14614919,True,True,False,Low
USA,Small,Technology,Hardware,"Perry, PA, USA",,42099.0,PA,Name14614920,True,True,False,High
USA,Small,Technology,Hardware,"Perry, PA, USA",,42099.0,PA,Name14614921,False,True,True,High
USA,Small,Technology,Hardware,"Perry, PA, USA",,42099.0,PA,Name14614922,False,True,False,Medium
USA,Small,Technology,Hardware,"Perry, PA, USA",,42099.0,PA,Name14614923,True,True,False,Severe
USA,Small,Technology,Hardware,"Perry, PA, USA",,42099.0,PA,Name14614924,True,True,False,Severe
USA,Small,Technology,Hardware,"Perry, PA, USA",,42099.0,PA,Name14614925,True,True,False,Severe
USA,Small,Technology,Hardware,"Perry, PA, USA",,42099.0,PA,Name14614926,True,True,False,High
USA,Small,Technology,Hardware,"Perry, PA, USA",,42099.0,PA,Name14614927,False,False,True,Medium
USA,Small,Technology,Hardware,"Perry, PA, USA",,42099.0,PA,Name14614928,False,True,False,Low
USA,Small,Technology,Hardware,"Perry, PA, USA",,42099.0,PA,Name14614929,False,True,True,Medium
USA,Small,Technology,Hardware,"Perry, PA, USA",,42099.0,PA,Name14614930,True,True,False,High
USA,Small,Technology,Hardware,"Perry, PA, USA",,42099.0,PA,Name14614931,True,True,False,Low
USA,Small,Technology,Hardware,"Perry, PA, USA",,42099.0,PA,Name14614932,False,True,False,High
USA,Small,Technology,Hardware,"Perry, PA, USA",,42099.0,PA,Name14614933,True,True,False,Medium
USA,Small,Technology,Hardware,"Perry, PA, USA",,42099.0,PA,Name14614934,True,False,False,Severe
USA,Small,Technology,IT Services,"Perry, PA, USA",,42099.0,PA,Name14614935,False,True,True,High
USA,Small,Technology,IT Services,"Perry, PA, USA",,42099.0,PA,Name14614936,False,True,False,Severe
USA,Small,Technology,IT Services,"Perry, PA, USA",,42099.0,PA,Name14614937,False,True,False,Low
USA,Small,Technology,IT Services,"Perry, PA, USA",,42099.0,PA,Name14614938,False,True,False,Low
USA,Small,Technology,IT Services,"Perry, PA, USA",,42099.0,PA,Name14614939,False,True,False,High
USA,Small,Technology,IT Services,"Perry, PA, USA",,42099.0,PA,Name14614940,True,True,False,Low
USA,Small,Technology,IT Services,"Perry, PA, USA",,42099.0,PA,Name14614941,True,True,False,Medium
USA,Small,Technology,IT Services,"Perry, PA, USA",,42099.0,PA,Name14614942,False,True,True,Medium
USA,Small,Technology,IT Services,"Perry, PA, USA",,42099.0,PA,Name14614943,True,False,False,Low
USA,Small,Technology,IT Services,"Perry, PA, USA",,42099.0,PA,Name14614944,False,True,False,Medium
USA,Small,Technology,IT Services,"Perry, PA, USA",,42099.0,PA,Name14614945,False,True,False,High
USA,Small,Technology,IT Services,"Perry, PA, USA",,42099.0,PA,Name14614946,True,False,False,Low
USA,Small,Technology,IT Services,"Perry, PA, USA",,42099.0,PA,Name14614947,False,True,True,Severe
USA,Small,Technology,IT Services,"Perry, PA, USA",,42099.0,PA,Name14614948,False,True,True,High
USA,Small,Technology,IT Services,"Perry, PA, USA",,42099.0,PA,Name14614949,True,False,False,High
USA,Small,Technology,IT Services,"Perry, PA, USA",,42099.0,PA,Name14614950,True,True,False,High
USA,Small,Technology,IT Services,"Perry, PA, USA",,42099.0,PA,Name14614951,False,True,True,Low
USA,Small,Technology,IT Services,"Perry, PA, USA",,42099.0,PA,Name14614952,False,True,True,Severe
USA,Small,Technology,IT Services,"Perry, PA, USA",,42099.0,PA,Name14614953,True,True,False,Severe
USA,Small,Technology,IT Services,"Perry, PA, USA",,42099.0,PA,Name14614954,True,True,False,Severe
USA,Small,Technology,IT Services,"Perry, PA, USA",,42099.0,PA,Name14614955,True,True,False,High
USA,Small,Technology,IT Services,"Perry, PA, USA",,42099.0,PA,Name14614956,True,True,False,High
USA,Small,Technology,IT Services,"Perry, PA, USA",,42099.0,PA,Name14614957,False,True,True,Low
USA,Small,Technology,IT Services,"Perry, PA, USA",,42099.0,PA,Name14614958,False,True,False,Low
USA,Small,Technology,IT Services,"Perry, PA, USA",,42099.0,PA,Name14614960,True,False,False,Medium
USA,Small,Technology,IT Services,"Perry, PA, USA",,42099.0,PA,Name14614961,True,True,False,Medium
USA,Small,Healthcare,Pharmaceuticals,"Perry, PA, USA",,42099.0,PA,Name14614963,True,True,False,High
USA,Small,Healthcare,Pharmaceuticals,"Perry, PA, USA",,42099.0,PA,Name14614964,True,True,False,Medium
USA,Small,Healthcare,Pharmaceuticals,"Perry, PA, USA",,42099.0,PA,Name14614965,True,True,False,Low
USA,Small,Healthcare,Pharmaceuticals,"Perry, PA, USA",,42099.0,PA,Name14614966,False,True,True,Medium
USA,Small,Healthcare,Pharmaceuticals,"Perry, PA, USA",,42099.0,PA,Name14614968,False,True,True,Severe
USA,Small,Healthcare,Pharmaceuticals,"Perry, PA, USA",,42099.0,PA,Name14614969,False,False,True,Severe
USA,Small,Healthcare,Pharmaceuticals,"Perry, PA, USA",,42099.0,PA,Name14614970,False,True,False,Low
USA,Small,Healthcare,Pharmaceuticals,"Perry, PA, USA",,42099.0,PA,Name14614972,True,True,False,Medium
USA,Small,Healthcare,Pharmaceuticals,"Perry, PA, USA",,42099.0,PA,Name14614973,True,False,False,Medium
USA,Small,Healthcare,Pharmaceuticals,"Perry, PA, USA",,42099.0,PA,Name14614975,True,False,False,Severe
USA,Small,Healthcare,Pharmaceuticals,"Perry, PA, USA",,42099.0,PA,Name14614976,True,False,False,High
USA,Small,Healthcare,Pharmaceuticals,"Perry, PA, USA",,42099.0,PA,Name14614977,True,True,False,High
USA,Small,Healthcare,Pharmaceuticals,"Perry, PA, USA",,42099.0,PA,Name14614978,True,True,False,Low
USA,Small,Healthcare,Pharmaceuticals,"Perry, PA, USA",,42099.0,PA,Name14614979,False,False,True,Severe
USA,Small,Healthcare,Medical Devices,"Perry, PA, USA",,42099.0,PA,Name14614980,False,False,True,Severe
USA,Small,Healthcare,Medical Devices,"Perry, PA, USA",,42099.0,PA,Name14614981,False,True,False,Low
USA,Small,Healthcare,Medical Devices,"Perry, PA, USA",,42099.0,PA,Name14614982,True,False,False,Severe
USA,Small,Healthcare,Medical Devices,"Perry, PA, USA",,42099.0,PA,Name14614983,False,True,True,Low
USA,Small,Healthcare,Medical Devices,"Perry, PA, USA",,42099.0,PA,Name14614984,False,True,True,High
USA,Small,Healthcare,Medical Devices,"Perry, PA, USA",,42099.0,PA,Name14614985,True,True,False,Low
USA,Small,Healthcare,Medical Devices,"Perry, PA, USA",,42099.0,PA,Name14614986,True,True,False,Severe
USA,Small,Healthcare,Medical Devices,"Perry, PA, USA",,42099.0,PA,Name14614987,False,True,False,Severe
USA,Small,Healthcare,Medical Devices,"Perry, PA, USA",,42099.0,PA,Name14614988,False,True,True,Low
USA,Small,Healthcare,Medical Devices,"Perry, PA, USA",,42099.0,PA,Name14614989,True,True,False,Severe
USA,Small,Healthcare,Medical Devices,"Perry, PA, USA",,42099.0,PA,Name14614991,True,True,False,Severe
USA,Small,Healthcare,Medical Devices,"Perry, PA, USA",,42099.0,PA,Name14614992,True,True,False,Medium
USA,Small,Healthcare,Medical Devices,"Perry, PA, USA",,42099.0,PA,Name14614993,True,False,False,Low
USA,Small,Healthcare,Medical Devices,"Perry, PA, USA",,42099.0,PA,Name14614994,False,True,False,Severe
USA,Small,Healthcare,Medical Devices,"Perry, PA, USA",,42099.0,PA,Name14614995,False,True,False,Low
USA,Small,Healthcare,Medical Devices,"Perry, PA, USA",,42099.0,PA,Name14614996,True,False,False,Low
USA,Small,Healthcare,Medical Devices,"Perry, PA, USA",,42099.0,PA,Name14614997,False,False,True,Medium
USA,Small,Healthcare,Medical Devices,"Perry, PA, USA",,42099.0,PA,Name14614998,True,False,False,High
USA,Small,Healthcare,Medical Devices,"Perry, PA, USA",,42099.0,PA,Name14614999,False,True,False,High
USA,Small,Healthcare,Medical Devices,"Perry, PA, USA",,42099.0,PA,Name14615000,True,True,False,High
USA,Small,Healthcare,Medical Devices,"Perry, PA, USA",,42099.0,PA,Name14615001,True,True,False,Severe
USA,Small,Healthcare,Medical Devices,"Perry, PA, USA",,42099.0,PA,Name14615002,True,True,False,High
USA,Small,Healthcare,Medical Devices,"Perry, PA, USA",,42099.0,PA,Name14615003,False,True,False,Medium
USA,Small,Healthcare,Medical Devices,"Perry, PA, USA",,42099.0,PA,Name14615004,True,False,False,Severe
USA,Small,Healthcare,Medical Devices,"Perry, PA, USA",,42099.0,PA,Name14615005,False,True,False,Severe
USA,Small,Healthcare,Medical Devices,"Perry, PA, USA",,42099.0,PA,Name14615006,True,False,False,Medium
USA,Small,Healthcare,Medical Devices,"Perry, PA, USA",,42099.0,PA,Name14615007,False,True,True,High
USA,Small,Healthcare,Medical Devices,"Perry, PA, USA",,42099.0,PA,Name14615008,False,True,True,Severe
USA,Small,Healthcare,Medical Devices,"Perry, PA, USA",,42099.0,PA,Name14615009,True,True,False,Medium
USA,Small,Healthcare,Medical Devices,"Perry, PA, USA",,42099.0,PA,Name14615010,False,False,True,Severe
USA,Small,Healthcare,Medical Devices,"Perry, PA, USA",,42099.0,PA,Name14615011,False,True,True,High
USA,Small,Healthcare,Medical Devices,"Perry, PA, USA",,42099.0,PA,Name14615013,True,True,False,High
USA,Small,Healthcare,Medical Devices,"Perry, PA, USA",,42099.0,PA,Name14615015,True,False,False,Medium
USA,Small,Healthcare,Medical Devices,"Perry, PA, USA",,42099.0,PA,Name14615016,True,False,False,High
USA,Small,Healthcare,Medical Devices,"Perry, PA, USA",,42099.0,PA,Name14615017,False,True,True,Medium
USA,Small,Healthcare,Medical Devices,"Perry, PA, USA",,42099.0,PA,Name14615018,False,True,False,Low
USA,Small,Healthcare,Medical Devices,"Perry, PA, USA",,42099.0,PA,Name14615020,True,True,False,Medium
USA,Small,Healthcare,Healthcare Services,"Perry, PA, USA",,42099.0,PA,Name14615021,True,True,False,Severe
USA,Small,Healthcare,Healthcare Services,"Perry, PA, USA",,42099.0,PA,Name14615022,True,True,False,Low
USA,Small,Healthcare,Healthcare Services,"Perry, PA, USA",,42099.0,PA,Name14615025,True,False,False,High
USA,Small,Healthcare,Healthcare Services,"Perry, PA, USA",,42099.0,PA,Name14615026,True,False,False,Low
USA,Small,Healthcare,Healthcare Services,"Perry, PA, USA",,42099.0,PA,Name14615027,False,False,True,High
USA,Small,Healthcare,Healthcare Services,"Perry, PA, USA",,42099.0,PA,Name14615028,True,False,False,Low
USA,Small,Healthcare,Healthcare Services,"Perry, PA, USA",,42099.0,PA,Name14615029,False,True,True,Severe
USA,Small,Healthcare,Healthcare Services,"Perry, PA, USA",,42099.0,PA,Name14615030,True,False,False,Medium
USA,Small,Healthcare,Healthcare Services,"Perry, PA, USA",,42099.0,PA,Name14615031,False,False,True,Severe
USA,Small,Healthcare,Healthcare Services,"Perry, PA, USA",,42099.0,PA,Name14615032,False,True,False,Medium
USA,Small,Healthcare,Healthcare Services,"Perry, PA, USA",,42099.0,PA,Name14615033,False,True,False,Low
USA,Small,Healthcare,Healthcare Services,"Perry, PA, USA",,42099.0,PA,Name14615035,False,True,False,High
USA,Small,Healthcare,Healthcare Services,"Perry, PA, USA",,42099.0,PA,Name14615036,True,False,False,Medium
USA,Small,Healthcare,Healthcare Services,"Perry, PA, USA",,42099.0,PA,Name14615038,True,True,False,Severe
USA,Small,Healthcare,Healthcare Services,"Perry, PA, USA",,42099.0,PA,Name14615039,False,True,False,Medium
USA,Small,Healthcare,Healthcare Services,"Perry, PA, USA",,42099.0,PA,Name14615040,False,True,False,Low
USA,Small,Healthcare,Healthcare Services,"Perry, PA, USA",,42099.0,PA,Name14615041,True,True,False,Severe
USA,Small,Healthcare,Healthcare Services,"Perry, PA, USA",,42099.0,PA,Name14615042,True,False,False,High
USA,Small,Healthcare,Healthcare Services,"Perry, PA, USA",,42099.0,PA,Name14615043,True,False,False,High
USA,Small,Healthcare,Healthcare Services,"Perry, PA, USA",,42099.0,PA,Name14615044,False,True,True,Medium
USA,Small,Healthcare,Healthcare Services,"Perry, PA, USA",,42099.0,PA,Name14615045,True,True,False,Medium
USA,Small,Healthcare,Healthcare Services,"Perry, PA, USA",,42099.0,PA,Name14615046,True,True,False,High
USA,Small,Healthcare,Healthcare Services,"Perry, PA, USA",,42099.0,PA,Name14615048,True,False,False,High
USA,Small,Healthcare,Healthcare Services,"Perry, PA, USA",,42099.0,PA,Name14615049,True,True,False,High
USA,Small,Healthcare,Healthcare Services,"Perry, PA, USA",,42099.0,PA,Name14615050,False,True,True,Severe
USA,Small,Healthcare,Healthcare Services,"Perry, PA, USA",,42099.0,PA,Name14615051,True,False,False,Severe
USA,Small,Healthcare,Healthcare Services,"Perry, PA, USA",,42099.0,PA,Name14615053,False,True,False,Low
USA,Small,Healthcare,Healthcare Services,"Perry, PA, USA",,42099.0,PA,Name14615054,True,False,False,Medium
USA,Small,Healthcare,Healthcare Services,"Perry, PA, USA",,42099.0,PA,Name14615055,False,True,True,Severe
USA,Small,Healthcare,Healthcare Services,"Perry, PA, USA",,42099.0,PA,Name14615056,True,False,False,Severe
USA,Small,Healthcare,Healthcare Services,"Perry, PA, USA",,42099.0,PA,Name14615057,True,True,False,Low
USA,Small,Healthcare,Healthcare Services,"Perry, PA, USA",,42099.0,PA,Name14615058,False,False,True,High
USA,Small,Healthcare,Healthcare Services,"Perry, PA, USA",,42099.0,PA,Name14615059,True,True,False,High
USA,Small,Healthcare,Healthcare Services,"Perry, PA, USA",,42099.0,PA,Name14615060,False,True,True,Medium
USA,Small,Healthcare,Healthcare Services,"Perry, PA, USA",,42099.0,PA,Name14615061,False,True,True,Low
USA,Small,Healthcare,Healthcare Services,"Perry, PA, USA",,42099.0,PA,Name14615062,False,True,True,Medium
USA,Small,Healthcare,Healthcare Services,"Perry, PA, USA",,42099.0,PA,Name14615063,False,True,False,Medium
USA,Small,Healthcare,Healthcare Services,"Perry, PA, USA",,42099.0,PA,Name14615064,False,True,False,Severe
USA,Small,Healthcare,Healthcare Services,"Perry, PA, USA",,42099.0,PA,Name14615065,True,True,False,Medium
USA,Small,Finance,Banking,"Perry, PA, USA",,42099.0,PA,Name14615066,True,False,False,High
USA,Small,Finance,Banking,"Perry, PA, USA",,42099.0,PA,Name14615067,True,True,False,Medium
USA,Small,Finance,Banking,"Perry, PA, USA",,42099.0,PA,Name14615068,False,True,False,Medium
USA,Small,Finance,Banking,"Perry, PA, USA",,42099.0,PA,Name14615069,True,True,False,Low
USA,Small,Finance,Banking,"Perry, PA, USA",,42099.0,PA,Name14615070,False,False,True,Severe
USA,Small,Finance,Banking,"Perry, PA, USA",,42099.0,PA,Name14615071,True,False,False,Medium
USA,Small,Finance,Insurance,"Perry, PA, USA",,42099.0,PA,Name14615072,False,True,True,Severe
USA,Small,Finance,Insurance,"Perry, PA, USA",,42099.0,PA,Name14615073,False,False,True,Severe
USA,Small,Finance,Insurance,"Perry, PA, USA",,42099.0,PA,Name14615074,True,False,False,Medium
USA,Small,Finance,Insurance,"Perry, PA, USA",,42099.0,PA,Name14615075,True,False,False,Low
USA,Small,Finance,Insurance,"Perry, PA, USA",,42099.0,PA,Name14615076,False,True,True,Medium
USA,Small,Finance,Insurance,"Perry, PA, USA",,42099.0,PA,Name14615077,False,True,True,High
USA,Small,Finance,Insurance,"Perry, PA, USA",,42099.0,PA,Name14615078,False,False,True,High
USA,Small,Finance,Insurance,"Perry, PA, USA",,42099.0,PA,Name14615079,False,True,False,Low
USA,Small,Finance,Insurance,"Perry, PA, USA",,42099.0,PA,Name14615081,True,False,False,High
USA,Small,Finance,Insurance,"Perry, PA, USA",,42099.0,PA,Name14615082,False,False,True,Medium
USA,Small,Finance,Insurance,"Perry, PA, USA",,42099.0,PA,Name14615084,True,False,False,Medium
USA,Small,Finance,Insurance,"Perry, PA, USA",,42099.0,PA,Name14615085,True,True,False,Severe
USA,Small,Finance,Insurance,"Perry, PA, USA",,42099.0,PA,Name14615086,True,True,False,Low
USA,Small,Finance,Insurance,"Perry, PA, USA",,42099.0,PA,Name14615087,True,False,False,Severe
USA,Small,Finance,Insurance,"Perry, PA, USA",,42099.0,PA,Name14615089,True,True,False,Severe
USA,Small,Finance,Insurance,"Perry, PA, USA",,42099.0,PA,Name14615090,False,True,False,Medium
USA,Small,Finance,Insurance,"Perry, PA, USA",,42099.0,PA,Name14615091,True,True,False,Severe
USA,Small,Finance,Insurance,"Perry, PA, USA",,42099.0,PA,Name14615092,False,False,True,Low
USA,Small,Finance,Insurance,"Perry, PA, USA",,42099.0,PA,Name14615093,True,False,False,Severe
USA,Small,Finance,Insurance,"Perry, PA, USA",,42099.0,PA,Name14615094,False,True,False,Severe
USA,Small,Finance,Insurance,"Perry, PA, USA",,42099.0,PA,Name14615095,False,True,False,Low
USA,Small,Finance,Insurance,"Perry, PA, USA",,42099.0,PA,Name14615096,False,False,True,Severe
USA,Small,Finance,Insurance,"Perry, PA, USA",,42099.0,PA,Name14615098,False,False,True,Low
USA,Small,Finance,Insurance,"Perry, PA, USA",,42099.0,PA,Name14615099,False,False,True,Low
USA,Small,Finance,Insurance,"Perry, PA, USA",,42099.0,PA,Name14615100,True,True,False,Low
USA,Small,Finance,Insurance,"Perry, PA, USA",,42099.0,PA,Name14615101,False,True,False,High
USA,Small,Finance,Insurance,"Perry, PA, USA",,42099.0,PA,Name14615103,True,False,False,Low
USA,Small,Finance,Insurance,"Perry, PA, USA",,42099.0,PA,Name14615104,True,False,False,Medium
USA,Small,Finance,Insurance,"Perry, PA, USA",,42099.0,PA,Name14615105,False,True,False,Severe
USA,Small,Finance,Insurance,"Perry, PA, USA",,42099.0,PA,Name14615106,True,False,False,Severe
USA,Small,Finance,Insurance,"Perry, PA, USA",,42099.0,PA,Name14615107,False,True,False,Medium
USA,Small,Finance,Insurance,"Perry, PA, USA",,42099.0,PA,Name14615109,False,False,True,Low
USA,Small,Finance,Insurance,"Perry, PA, USA",,42099.0,PA,Name14615111,False,False,True,Medium
USA,Small,Finance,Insurance,"Perry, PA, USA",,42099.0,PA,Name14615112,False,True,False,High
USA,Small,Finance,Insurance,"Perry, PA, USA",,42099.0,PA,Name14615114,True,False,False,Low
USA,Small,Finance,Investment Services,"Perry, PA, USA",,42099.0,PA,Name14615116,True,True,False,Medium
USA,Small,Finance,Investment Services,"Perry, PA, USA",,42099.0,PA,Name14615117,True,False,False,Medium
USA,Small,Finance,Investment Services,"Perry, PA, USA",,42099.0,PA,Name14615119,False,False,True,Severe
USA,Small,Finance,Investment Services,"Perry, PA, USA",,42099.0,PA,Name14615120,True,True,False,Low
USA,Small,Finance,Investment Services,"Perry, PA, USA",,42099.0,PA,Name14615121,True,True,False,Severe
USA,Small,Finance,Investment Services,"Perry, PA, USA",,42099.0,PA,Name14615122,True,True,False,Severe
USA,Small,Finance,Investment Services,"Perry, PA, USA",,42099.0,PA,Name14615123,True,True,False,Low
USA,Small,Finance,Investment Services,"Perry, PA, USA",,42099.0,PA,Name14615124,True,True,False,Low
USA,Small,Finance,Investment Services,"Perry, PA, USA",,42099.0,PA,Name14615125,False,True,False,Low
USA,Small,Finance,Investment Services,"Perry, PA, USA",,42099.0,PA,Name14615126,False,False,True,Low
USA,Small,Finance,Investment Services,"Perry, PA, USA",,42099.0,PA,Name14615127,True,True,False,High
USA,Small,Finance,Investment Services,"Perry, PA, USA",,42099.0,PA,Name14615128,True,False,False,Medium
USA,Small,Finance,Investment Services,"Perry, PA, USA",,42099.0,PA,Name14615129,False,True,True,High
USA,Small,Finance,Investment Services,"Perry, PA, USA",,42099.0,PA,Name14615130,False,True,True,Low
USA,Small,Finance,Investment Services,"Perry, PA, USA",,42099.0,PA,Name14615131,True,True,False,High
USA,Small,Finance,Investment Services,"Perry, PA, USA",,42099.0,PA,Name14615132,True,True,False,Low
USA,Small,Finance,Investment Services,"Perry, PA, USA",,42099.0,PA,Name14615133,True,True,False,Severe
USA,Small,Finance,Investment Services,"Perry, PA, USA",,42099.0,PA,Name14615134,False,True,False,Low
USA,Small,Finance,Investment Services,"Perry, PA, USA",,42099.0,PA,Name14615136,False,True,False,Medium
USA,Small,Finance,Investment Services,"Perry, PA, USA",,42099.0,PA,Name14615137,False,False,True,Low
USA,Small,Finance,Investment Services,"Perry, PA, USA",,42099.0,PA,Name14615138,True,False,False,High
USA,Small,Finance,Investment Services,"Perry, PA, USA",,42099.0,PA,Name14615139,False,False,True,High
USA,Small,Finance,Investment Services,"Perry, PA, USA",,42099.0,PA,Name14615140,True,True,False,Low
USA,Small,Finance,Investment Services,"Perry, PA, USA",,42099.0,PA,Name14615142,False,True,True,Severe
USA,Small,Finance,Investment Services,"Perry, PA, USA",,42099.0,PA,Name14615143,False,True,True,Low
USA,Small,Finance,Investment Services,"Perry, PA, USA",,42099.0,PA,Name14615144,False,True,False,Severe
USA,Small,Finance,Investment Services,"Perry, PA, USA",,42099.0,PA,Name14615145,True,True,False,High
USA,Small,Finance,Investment Services,"Perry, PA, USA",,42099.0,PA,Name14615146,False,True,False,Low
USA,Small,Finance,Investment Services,"Perry, PA, USA",,42099.0,PA,Name14615147,True,True,False,Low
USA,Small,Finance,Investment Services,"Perry, PA, USA",,42099.0,PA,Name14615148,False,False,True,Low
USA,Small,Finance,Investment Services,"Perry, PA, USA",,42099.0,PA,Name14615149,False,False,True,Low
USA,Small,Energy,Oil & Gas,"Perry, PA, USA",,42099.0,PA,Name14615150,False,True,True,Low
USA,Small,Energy,Oil & Gas,"Perry, PA, USA",,42099.0,PA,Name14615152,True,False,False,High
USA,Small,Energy,Oil & Gas,"Perry, PA, USA",,42099.0,PA,Name14615153,True,False,False,High
USA,Small,Energy,Oil & Gas,"Perry, PA, USA",,42099.0,PA,Name14615154,False,False,True,High
USA,Small,Energy,Oil & Gas,"Perry, PA, USA",,42099.0,PA,Name14615155,False,False,True,Severe
USA,Small,Energy,Oil & Gas,"Perry, PA, USA",,42099.0,PA,Name14615156,False,False,True,Medium
USA,Small,Energy,Oil & Gas,"Perry, PA, USA",,42099.0,PA,Name14615157,True,False,False,Medium
USA,Small,Energy,Oil & Gas,"Perry, PA, USA",,42099.0,PA,Name14615158,True,False,False,Severe
USA,Small,Energy,Oil & Gas,"Perry, PA, USA",,42099.0,PA,Name14615159,True,True,False,Low
USA,Small,Energy,Oil & Gas,"Perry, PA, USA",,42099.0,PA,Name14615160,False,False,True,High
USA,Small,Energy,Oil & Gas,"Perry, PA, USA",,42099.0,PA,Name14615161,False,True,False,Severe
USA,Small,Energy,Oil & Gas,"Perry, PA, USA",,42099.0,PA,Name14615162,False,True,False,Medium
USA,Small,Energy,Oil & Gas,"Perry, PA, USA",,42099.0,PA,Name14615163,True,True,False,Low
USA,Small,Energy,Oil & Gas,"Perry, PA, USA",,42099.0,PA,Name14615164,False,False,True,Low
USA,Small,Energy,Oil & Gas,"Perry, PA, USA",,42099.0,PA,Name14615165,False,True,True,High
USA,Small,Energy,Oil & Gas,"Perry, PA, USA",,42099.0,PA,Name14615166,False,True,True,High
USA,Small,Energy,Oil & Gas,"Perry, PA, USA",,42099.0,PA,Name14615167,False,False,True,Severe
USA,Small,Energy,Oil & Gas,"Perry, PA, USA",,42099.0,PA,Name14615169,True,False,False,Medium
USA,Small,Energy,Oil & Gas,"Perry, PA, USA",,42099.0,PA,Name14615170,True,False,False,Medium
USA,Small,Energy,Oil & Gas,"Perry, PA, USA",,42099.0,PA,Name14615171,True,False,False,Medium
USA,Small,Energy,Renewable Energy,"Perry, PA, USA",,42099.0,PA,Name14615173,False,False,True,Severe
USA,Small,Energy,Renewable Energy,"Perry, PA, USA",,42099.0,PA,Name14615174,True,False,False,Low
USA,Small,Energy,Renewable Energy,"Perry, PA, USA",,42099.0,PA,Name14615177,True,False,False,Severe
USA,Small,Energy,Renewable Energy,"Perry, PA, USA",,42099.0,PA,Name14615178,False,False,True,Medium
USA,Small,Energy,Renewable Energy,"Perry, PA, USA",,42099.0,PA,Name14615179,False,True,False,Medium
USA,Small,Energy,Renewable Energy,"Perry, PA, USA",,42099.0,PA,Name14615180,False,True,True,High
USA,Small,Energy,Renewable Energy,"Perry, PA, USA",,42099.0,PA,Name14615181,False,True,False,Medium
USA,Small,Energy,Renewable Energy,"Perry, PA, USA",,42099.0,PA,Name14615182,False,True,True,High
USA,Small,Energy,Renewable Energy,"Perry, PA, USA",,42099.0,PA,Name14615183,False,True,False,High
USA,Small,Energy,Renewable Energy,"Perry, PA, USA",,42099.0,PA,Name14615184,False,False,True,High
USA,Small,Energy,Renewable Energy,"Perry, PA, USA",,42099.0,PA,Name14615185,False,True,True,High
USA,Small,Energy,Renewable Energy,"Perry, PA, USA",,42099.0,PA,Name14615187,False,False,True,Low
USA,Small,Energy,Renewable Energy,"Perry, PA, USA",,42099.0,PA,Name14615188,True,False,False,Medium
USA,Small,Energy,Renewable Energy,"Perry, PA, USA",,42099.0,PA,Name14615189,False,False,True,Medium
USA,Small,Energy,Renewable Energy,"Perry, PA, USA",,42099.0,PA,Name14615191,True,False,False,Low
USA,Small,Energy,Renewable Energy,"Perry, PA, USA",,42099.0,PA,Name14615192,True,True,False,Medium
USA,Small,Energy,Renewable Energy,"Perry, PA, USA",,42099.0,PA,Name14615193,True,False,False,High
USA,Small,Energy,Renewable Energy,"Perry, PA, USA",,42099.0,PA,Name14615194,True,True,False,Low
USA,Small,Energy,Renewable Energy,"Perry, PA, USA",,42099.0,PA,Name14615195,True,False,False,High
USA,Small,Energy,Renewable Energy,"Perry, PA, USA",,42099.0,PA,Name14615196,False,True,True,Severe
USA,Small,Energy,Renewable Energy,"Perry, PA, USA",,42099.0,PA,Name14615198,False,True,True,Medium
USA,Small,Energy,Renewable Energy,"Perry, PA, USA",,42099.0,PA,Name14615199,True,True,False,Medium
USA,Small,Energy,Renewable Energy,"Perry, PA, USA",,42099.0,PA,Name14615200,False,True,False,High
USA,Small,Energy,Renewable Energy,"Perry, PA, USA",,42099.0,PA,Name14615202,True,True,False,Severe
USA,Small,Energy,Renewable Energy,"Perry, PA, USA",,42099.0,PA,Name14615203,False,False,True,High
USA,Small,Energy,Renewable Energy,"Perry, PA, USA",,42099.0,PA,Name14615204,True,True,False,High
USA,Small,Energy,Renewable Energy,"Perry, PA, USA",,42099.0,PA,Name14615205,False,True,True,Severe
USA,Small,Energy,Renewable Energy,"Perry, PA, USA",,42099.0,PA,Name14615206,False,True,True,Severe
USA,Small,Energy,Renewable Energy,"Perry, PA, USA",,42099.0,PA,Name14615207,True,True,False,Severe
USA,Small,Energy,Renewable Energy,"Perry, PA, USA",,42099.0,PA,Name14615208,False,True,False,High
USA,Small,Energy,Renewable Energy,"Perry, PA, USA",,42099.0,PA,Name14615209,True,True,False,Medium
USA,Small,Energy,Renewable Energy,"Perry, PA, USA",,42099.0,PA,Name14615211,True,True,False,Low
USA,Small,Energy,Energy Exploration,"Perry, PA, USA",,42099.0,PA,Name14615212,False,True,True,Low
USA,Small,Energy,Energy Exploration,"Perry, PA, USA",,42099.0,PA,Name14615213,True,False,False,Medium
USA,Small,Energy,Energy Exploration,"Perry, PA, USA",,42099.0,PA,Name14615214,False,True,False,Low
USA,Small,Energy,Energy Exploration,"Perry, PA, USA",,42099.0,PA,Name14615215,False,False,True,Medium
USA,Small,Energy,Energy Exploration,"Perry, PA, USA",,42099.0,PA,Name14615216,True,True,False,Medium
USA,Small,Energy,Energy Exploration,"Perry, PA, USA",,42099.0,PA,Name14615218,False,False,True,Severe
USA,Small,Energy,Energy Exploration,"Perry, PA, USA",,42099.0,PA,Name14615219,True,True,False,High
USA,Small,Energy,Energy Exploration,"Perry, PA, USA",,42099.0,PA,Name14615220,False,False,True,Severe
USA,Small,Energy,Energy Exploration,"Perry, PA, USA",,42099.0,PA,Name14615221,True,True,False,Severe
USA,Small,Energy,Energy Exploration,"Perry, PA, USA",,42099.0,PA,Name14615222,False,True,True,Low
USA,Small,Energy,Energy Exploration,"Perry, PA, USA",,42099.0,PA,Name14615223,True,False,False,Medium
USA,Small,Energy,Energy Exploration,"Perry, PA, USA",,42099.0,PA,Name14615224,True,False,False,Low
USA,Small,Energy,Energy Exploration,"Perry, PA, USA",,42099.0,PA,Name14615225,False,False,True,High
USA,Small,Energy,Energy Exploration,"Perry, PA, USA",,42099.0,PA,Name14615226,False,True,True,Medium
USA,Small,Energy,Energy Exploration,"Perry, PA, USA",,42099.0,PA,Name14615227,True,False,False,Low
USA,Small,Energy,Energy Exploration,"Perry, PA, USA",,42099.0,PA,Name14615228,True,False,False,Severe
USA,Small,Energy,Energy Exploration,"Perry, PA, USA",,42099.0,PA,Name14615229,True,False,False,Medium
USA,Small,Energy,Energy Exploration,"Perry, PA, USA",,42099.0,PA,Name14615230,True,True,False,High
USA,Small,Energy,Energy Exploration,"Perry, PA, USA",,42099.0,PA,Name14615231,True,False,False,Low
USA,Small,Energy,Energy Exploration,"Perry, PA, USA",,42099.0,PA,Name14615232,True,True,False,Medium
USA,Small,Energy,Energy Exploration,"Perry, PA, USA",,42099.0,PA,Name14615233,True,True,False,Medium
USA,Small,Energy,Energy Exploration,"Perry, PA, USA",,42099.0,PA,Name14615234,False,True,False,Severe
USA,Small,Energy,Energy Exploration,"Perry, PA, USA",,42099.0,PA,Name14615236,True,False,False,Medium
USA,Small,Energy,Energy Exploration,"Perry, PA, USA",,42099.0,PA,Name14615237,True,True,False,Medium
USA,Small,Energy,Energy Exploration,"Perry, PA, USA",,42099.0,PA,Name14615238,True,False,False,Medium
USA,Small,Consumer Goods,Food & Beverage,"Perry, PA, USA",,42099.0,PA,Name14615240,True,True,False,Low
USA,Small,Consumer Goods,Food & Beverage,"Perry, PA, USA",,42099.0,PA,Name14615241,False,True,True,Severe
USA,Small,Consumer Goods,Food & Beverage,"Perry, PA, USA",,42099.0,PA,Name14615242,True,True,False,Medium
USA,Small,Consumer Goods,Food & Beverage,"Perry, PA, USA",,42099.0,PA,Name14615245,True,True,False,Low
USA,Small,Consumer Goods,Food & Beverage,"Perry, PA, USA",,42099.0,PA,Name14615246,False,False,True,High
USA,Small,Consumer Goods,Food & Beverage,"Perry, PA, USA",,42099.0,PA,Name14615247,True,False,False,High
USA,Small,Consumer Goods,Food & Beverage,"Perry, PA, USA",,42099.0,PA,Name14615248,False,True,True,High
USA,Small,Consumer Goods,Food & Beverage,"Perry, PA, USA",,42099.0,PA,Name14615249,True,True,False,High
USA,Small,Consumer Goods,Food & Beverage,"Perry, PA, USA",,42099.0,PA,Name14615251,True,True,False,Low
USA,Small,Consumer Goods,Food & Beverage,"Perry, PA, USA",,42099.0,PA,Name14615253,True,True,False,Low
USA,Small,Consumer Goods,Food & Beverage,"Perry, PA, USA",,42099.0,PA,Name14615255,False,False,True,Medium
USA,Small,Consumer Goods,Food & Beverage,"Perry, PA, USA",,42099.0,PA,Name14615256,False,True,True,High
USA,Small,Consumer Goods,Food & Beverage,"Perry, PA, USA",,42099.0,PA,Name14615257,True,False,False,Severe
USA,Small,Consumer Goods,Food & Beverage,"Perry, PA, USA",,42099.0,PA,Name14615258,True,True,False,Medium
USA,Small,Consumer Goods,Food & Beverage,"Perry, PA, USA",,42099.0,PA,Name14615259,False,False,True,Low
USA,Small,Consumer Goods,Food & Beverage,"Perry, PA, USA",,42099.0,PA,Name14615261,True,False,False,Medium
USA,Small,Consumer Goods,Food & Beverage,"Perry, PA, USA",,42099.0,PA,Name14615263,True,True,False,Low
USA,Small,Consumer Goods,Food & Beverage,"Perry, PA, USA",,42099.0,PA,Name14615264,False,True,False,Medium
USA,Small,Consumer Goods,Food & Beverage,"Perry, PA, USA",,42099.0,PA,Name14615265,False,True,True,High
USA,Small,Consumer Goods,Food & Beverage,"Perry, PA, USA",,42099.0,PA,Name14615266,True,True,False,Severe
USA,Small,Consumer Goods,Household Products,"Perry, PA, USA",,42099.0,PA,Name14615267,True,False,False,Low
USA,Small,Consumer Goods,Household Products,"Perry, PA, USA",,42099.0,PA,Name14615268,True,True,False,Medium
USA,Small,Consumer Goods,Household Products,"Perry, PA, USA",,42099.0,PA,Name14615269,True,True,False,Low
USA,Small,Consumer Goods,Household Products,"Perry, PA, USA",,42099.0,PA,Name14615270,True,False,False,Medium
USA,Small,Consumer Goods,Household Products,"Perry, PA, USA",,42099.0,PA,Name14615271,True,False,False,Medium
USA,Small,Consumer Goods,Household Products,"Perry, PA, USA",,42099.0,PA,Name14615272,True,False,False,High
USA,Small,Consumer Goods,Household Products,"Perry, PA, USA",,42099.0,PA,Name14615273,True,False,False,Medium
USA,Small,Consumer Goods,Household Products,"Perry, PA, USA",,42099.0,PA,Name14615274,False,True,True,Medium
USA,Small,Consumer Goods,Household Products,"Perry, PA, USA",,42099.0,PA,Name14615275,False,False,True,High
USA,Small,Consumer Goods,Apparel,"Perry, PA, USA",,42099.0,PA,Name14615276,False,False,True,High
USA,Small,Consumer Goods,Apparel,"Perry, PA, USA",,42099.0,PA,Name14615278,True,False,False,Medium
USA,Small,Consumer Goods,Apparel,"Perry, PA, USA",,42099.0,PA,Name14615279,True,True,False,High
USA,Small,Consumer Goods,Apparel,"Perry, PA, USA",,42099.0,PA,Name14615280,False,True,True,Severe
USA,Small,Consumer Goods,Apparel,"Perry, PA, USA",,42099.0,PA,Name14615281,True,False,False,Low
USA,Small,Consumer Goods,Apparel,"Perry, PA, USA",,42099.0,PA,Name14615282,False,False,True,Low
USA,Small,Consumer Goods,Apparel,"Perry, PA, USA",,42099.0,PA,Name14615283,False,True,False,Severe
USA,Small,Consumer Goods,Apparel,"Perry, PA, USA",,42099.0,PA,Name14615284,True,True,False,High
USA,Small,Utilities,Electric,"Perry, PA, USA",,42099.0,PA,Name14615286,False,False,True,Severe
USA,Small,Utilities,Electric,"Perry, PA, USA",,42099.0,PA,Name14615288,True,True,False,Severe
USA,Small,Utilities,Electric,"Perry, PA, USA",,42099.0,PA,Name14615289,True,True,False,High
USA,Small,Utilities,Water,"Perry, PA, USA",,42099.0,PA,Name14615290,True,False,False,Severe
USA,Small,Utilities,Water,"Perry, PA, USA",,42099.0,PA,Name14615291,True,False,False,Severe
USA,Small,Utilities,Water,"Perry, PA, USA",,42099.0,PA,Name14615293,True,False,False,Severe
USA,Small,Utilities,Water,"Perry, PA, USA",,42099.0,PA,Name14615294,True,False,False,Severe
USA,Small,Utilities,Water,"Perry, PA, USA",,42099.0,PA,Name14615295,True,False,False,Medium
USA,Small,Utilities,Water,"Perry, PA, USA",,42099.0,PA,Name14615296,False,True,False,Low
USA,Small,Utilities,Water,"Perry, PA, USA",,42099.0,PA,Name14615297,False,True,True,High
USA,Small,Utilities,Water,"Perry, PA, USA",,42099.0,PA,Name14615298,False,True,True,Low
USA,Small,Utilities,Water,"Perry, PA, USA",,42099.0,PA,Name14615299,True,True,False,Severe
USA,Small,Utilities,Water,"Perry, PA, USA",,42099.0,PA,Name14615300,False,False,True,Low
USA,Small,Utilities,Water,"Perry, PA, USA",,42099.0,PA,Name14615301,True,True,False,High
USA,Small,Utilities,Water,"Perry, PA, USA",,42099.0,PA,Name14615302,False,True,True,Low
USA,Small,Utilities,Water,"Perry, PA, USA",,42099.0,PA,Name14615303,True,False,False,Severe
USA,Small,Utilities,Water,"Perry, PA, USA",,42099.0,PA,Name14615304,True,False,False,High
USA,Small,Utilities,Water,"Perry, PA, USA",,42099.0,PA,Name14615305,False,False,True,Low
USA,Small,Utilities,Water,"Perry, PA, USA",,42099.0,PA,Name14615306,False,True,False,High
USA,Small,Utilities,Water,"Perry, PA, USA",,42099.0,PA,Name14615307,False,True,False,Severe
USA,Small,Utilities,Water,"Perry, PA, USA",,42099.0,PA,Name14615308,False,False,True,Severe
USA,Small,Utilities,Water,"Perry, PA, USA",,42099.0,PA,Name14615310,False,False,True,Low
USA,Small,Utilities,Water,"Perry, PA, USA",,42099.0,PA,Name14615311,True,True,False,Severe
USA,Small,Utilities,Water,"Perry, PA, USA",,42099.0,PA,Name14615312,False,True,True,High
USA,Small,Utilities,Water,"Perry, PA, USA",,42099.0,PA,Name14615313,False,True,False,Medium
USA,Small,Utilities,Water,"Perry, PA, USA",,42099.0,PA,Name14615315,False,True,True,Low
USA,Small,Utilities,Water,"Perry, PA, USA",,42099.0,PA,Name14615316,True,False,False,Low
USA,Small,Utilities,Water,"Perry, PA, USA",,42099.0,PA,Name14615318,True,False,False,Medium
USA,Small,Utilities,Gas,"Perry, PA, USA",,42099.0,PA,Name14615319,True,False,False,Severe
USA,Small,Utilities,Gas,"Perry, PA, USA",,42099.0,PA,Name14615320,False,True,True,High
USA,Small,Utilities,Gas,"Perry, PA, USA",,42099.0,PA,Name14615321,True,False,False,Medium
USA,Small,Utilities,Gas,"Perry, PA, USA",,42099.0,PA,Name14615324,False,False,True,High
USA,Small,Utilities,Gas,"Perry, PA, USA",,42099.0,PA,Name14615325,True,False,False,Medium
USA,Small,Utilities,Gas,"Perry, PA, USA",,42099.0,PA,Name14615327,True,False,False,Medium
USA,Small,Utilities,Gas,"Perry, PA, USA",,42099.0,PA,Name14615328,True,False,False,Medium
USA,Small,Utilities,Gas,"Perry, PA, USA",,42099.0,PA,Name14615329,True,False,False,Medium
USA,Small,Real Estate,Residential,"Perry, PA, USA",,42099.0,PA,Name14615330,True,True,False,Medium
USA,Small,Real Estate,Residential,"Perry, PA, USA",,42099.0,PA,Name14615331,False,True,False,Medium
USA,Small,Real Estate,Residential,"Perry, PA, USA",,42099.0,PA,Name14615333,True,False,False,Medium
USA,Small,Real Estate,Residential,"Perry, PA, USA",,42099.0,PA,Name14615334,True,True,False,Severe
USA,Small,Real Estate,Commercial,"Perry, PA, USA",,42099.0,PA,Name14615335,False,True,True,Medium
USA,Small,Real Estate,Commercial,"Perry, PA, USA",,42099.0,PA,Name14615336,True,True,False,Severe
USA,Small,Real Estate,Commercial,"Perry, PA, USA",,42099.0,PA,Name14615337,True,True,False,Severe
USA,Small,Real Estate,Commercial,"Perry, PA, USA",,42099.0,PA,Name14615339,False,True,True,Low
USA,Small,Real Estate,Commercial,"Perry, PA, USA",,42099.0,PA,Name14615340,False,False,True,High
USA,Small,Real Estate,Commercial,"Perry, PA, USA",,42099.0,PA,Name14615341,True,True,False,Medium
USA,Small,Real Estate,Commercial,"Perry, PA, USA",,42099.0,PA,Name14615343,False,True,False,Medium
USA,Small,Real Estate,Commercial,"Perry, PA, USA",,42099.0,PA,Name14615345,True,False,False,High
USA,Small,Real Estate,Commercial,"Perry, PA, USA",,42099.0,PA,Name14615346,False,True,False,Severe
USA,Small,Real Estate,Commercial,"Perry, PA, USA",,42099.0,PA,Name14615347,False,False,True,Medium
USA,Small,Real Estate,Commercial,"Perry, PA, USA",,42099.0,PA,Name14615348,False,True,False,High
USA,Small,Real Estate,Commercial,"Perry, PA, USA",,42099.0,PA,Name14615349,True,True,False,Low
USA,Small,Real Estate,Commercial,"Perry, PA, USA",,42099.0,PA,Name14615350,True,False,False,Medium
USA,Small,Real Estate,Commercial,"Perry, PA, USA",,42099.0,PA,Name14615351,True,True,False,Medium
USA,Small,Real Estate,Commercial,"Perry, PA, USA",,42099.0,PA,Name14615352,True,False,False,Low
USA,Small,Real Estate,Commercial,"Perry, PA, USA",,42099.0,PA,Name14615353,False,False,True,Medium
USA,Small,Real Estate,Commercial,"Perry, PA, USA",,42099.0,PA,Name14615355,True,True,False,Severe
USA,Small,Real Estate,Commercial,"Perry, PA, USA",,42099.0,PA,Name14615356,True,False,False,Severe
USA,Small,Real Estate,Commercial,"Perry, PA, USA",,42099.0,PA,Name14615357,True,True,False,Severe
USA,Small,Real Estate,Commercial,"Perry, PA, USA",,42099.0,PA,Name14615358,False,False,True,Medium
USA,Small,Real Estate,Commercial,"Perry, PA, USA",,42099.0,PA,Name14615360,True,False,False,High
USA,Small,Real Estate,Commercial,"Perry, PA, USA",,42099.0,PA,Name14615361,True,True,False,Severe
USA,Small,Real Estate,Commercial,"Perry, PA, USA",,42099.0,PA,Name14615362,False,True,False,Medium
USA,Small,Real Estate,Commercial,"Perry, PA, USA",,42099.0,PA,Name14615363,True,False,False,Low
USA,Small,Real Estate,Industrial,"Perry, PA, USA",,42099.0,PA,Name14615364,False,True,False,Severe
USA,Small,Real Estate,Industrial,"Perry, PA, USA",,42099.0,PA,Name14615365,True,False,False,Severe
USA,Small,Real Estate,Industrial,"Perry, PA, USA",,42099.0,PA,Name14615367,False,True,False,Medium
USA,Small,Real Estate,Industrial,"Perry, PA, USA",,42099.0,PA,Name14615368,False,True,False,Low
USA,Small,Real Estate,Industrial,"Perry, PA, USA",,42099.0,PA,Name14615370,False,True,False,High
USA,Small,Real Estate,Industrial,"Perry, PA, USA",,42099.0,PA,Name14615371,False,False,True,High
USA,Small,Real Estate,Industrial,"Perry, PA, USA",,42099.0,PA,Name14615372,True,True,False,Medium
USA,Small,Real Estate,Industrial,"Perry, PA, USA",,42099.0,PA,Name14615373,True,True,False,Medium
USA,Small,Real Estate,Industrial,"Perry, PA, USA",,42099.0,PA,Name14615374,True,True,False,Severe
USA,Small,Real Estate,Industrial,"Perry, PA, USA",,42099.0,PA,Name14615375,True,True,False,Medium
USA,Small,Real Estate,Industrial,"Perry, PA, USA",,42099.0,PA,Name14615376,True,True,False,Severe
USA,Small,Real Estate,Industrial,"Perry, PA, USA",,42099.0,PA,Name14615377,True,False,False,Medium
USA,Small,Real Estate,Industrial,"Perry, PA, USA",,42099.0,PA,Name14615378,True,True,False,Medium
USA,Small,Real Estate,Industrial,"Perry, PA, USA",,42099.0,PA,Name14615379,False,True,True,Severe
USA,Small,Real Estate,Industrial,"Perry, PA, USA",,42099.0,PA,Name14615380,True,False,False,High
USA,Small,Telecommunications,Mobile,"Perry, PA, USA",,42099.0,PA,Name14615381,True,False,False,Medium
USA,Small,Telecommunications,Mobile,"Perry, PA, USA",,42099.0,PA,Name14615382,True,True,False,Severe
USA,Small,Telecommunications,Mobile,"Perry, PA, USA",,42099.0,PA,Name14615383,True,False,False,Severe
USA,Small,Telecommunications,Mobile,"Perry, PA, USA",,42099.0,PA,Name14615384,True,True,False,Severe
USA,Small,Telecommunications,Mobile,"Perry, PA, USA",,42099.0,PA,Name14615385,True,True,False,Low
USA,Small,Telecommunications,Mobile,"Perry, PA, USA",,42099.0,PA,Name14615386,False,True,True,Medium
USA,Small,Telecommunications,Mobile,"Perry, PA, USA",,42099.0,PA,Name14615388,True,True,False,High
USA,Small,Telecommunications,Mobile,"Perry, PA, USA",,42099.0,PA,Name14615389,False,True,True,High
USA,Small,Telecommunications,Mobile,"Perry, PA, USA",,42099.0,PA,Name14615390,False,True,True,Medium
USA,Small,Telecommunications,Mobile,"Perry, PA, USA",,42099.0,PA,Name14615392,False,True,False,Medium
USA,Small,Telecommunications,Mobile,"Perry, PA, USA",,42099.0,PA,Name14615393,False,False,True,Severe
USA,Small,Telecommunications,Mobile,"Perry, PA, USA",,42099.0,PA,Name14615394,True,False,False,High
USA,Small,Telecommunications,Mobile,"Perry, PA, USA",,42099.0,PA,Name14615395,True,False,False,High
USA,Small,Telecommunications,Mobile,"Perry, PA, USA",,42099.0,PA,Name14615396,True,True,False,Medium
USA,Small,Telecommunications,Mobile,"Perry, PA, USA",,42099.0,PA,Name14615397,True,False,False,Medium
USA,Small,Telecommunications,Mobile,"Perry, PA, USA",,42099.0,PA,Name14615398,False,True,False,Low
USA,Small,Telecommunications,Mobile,"Perry, PA, USA",,42099.0,PA,Name14615399,True,False,False,Medium
USA,Small,Telecommunications,Mobile,"Perry, PA, USA",,42099.0,PA,Name14615400,True,False,False,Severe
USA,Small,Telecommunications,Mobile,"Perry, PA, USA",,42099.0,PA,Name14615401,True,False,False,High
USA,Small,Telecommunications,Mobile,"Perry, PA, USA",,42099.0,PA,Name14615402,True,True,False,Severe
USA,Small,Telecommunications,Mobile,"Perry, PA, USA",,42099.0,PA,Name14615403,False,False,True,Low
USA,Small,Telecommunications,Mobile,"Perry, PA, USA",,42099.0,PA,Name14615404,True,True,False,Low
USA,Small,Telecommunications,Mobile,"Perry, PA, USA",,42099.0,PA,Name14615405,False,True,False,Severe
USA,Small,Telecommunications,Mobile,"Perry, PA, USA",,42099.0,PA,Name14615406,True,True,False,Medium
USA,Small,Telecommunications,Broadband,"Perry, PA, USA",,42099.0,PA,Name14615407,True,False,False,Severe
USA,Small,Telecommunications,Broadband,"Perry, PA, USA",,42099.0,PA,Name14615408,True,False,False,High
USA,Small,Telecommunications,Broadband,"Perry, PA, USA",,42099.0,PA,Name14615409,True,True,False,Severe
USA,Small,Telecommunications,Broadband,"Perry, PA, USA",,42099.0,PA,Name14615410,True,False,False,Medium
USA,Small,Telecommunications,Broadband,"Perry, PA, USA",,42099.0,PA,Name14615411,False,False,True,Medium
USA,Small,Telecommunications,Broadband,"Perry, PA, USA",,42099.0,PA,Name14615412,True,False,False,High
USA,Small,Telecommunications,Broadband,"Perry, PA, USA",,42099.0,PA,Name14615413,False,False,True,High
USA,Small,Telecommunications,Broadband,"Perry, PA, USA",,42099.0,PA,Name14615414,True,True,False,High
USA,Small,Telecommunications,Broadband,"Perry, PA, USA",,42099.0,PA,Name14615415,True,True,False,High
USA,Small,Telecommunications,Broadband,"Perry, PA, USA",,42099.0,PA,Name14615416,True,False,False,High
USA,Small,Telecommunications,Broadband,"Perry, PA, USA",,42099.0,PA,Name14615417,False,True,False,Medium
USA,Small,Telecommunications,Broadband,"Perry, PA, USA",,42099.0,PA,Name14615418,True,True,False,High
USA,Small,Telecommunications,Broadband,"Perry, PA, USA",,42099.0,PA,Name14615419,False,False,True,Severe
USA,Small,Telecommunications,Broadband,"Perry, PA, USA",,42099.0,PA,Name14615420,True,True,False,Severe
USA,Small,Telecommunications,Broadband,"Perry, PA, USA",,42099.0,PA,Name14615421,False,True,True,Low
USA,Small,Telecommunications,Broadband,"Perry, PA, USA",,42099.0,PA,Name14615422,False,False,True,Medium
USA,Small,Telecommunications,Broadband,"Perry, PA, USA",,42099.0,PA,Name14615423,False,True,True,Low
USA,Small,Telecommunications,Broadband,"Perry, PA, USA",,42099.0,PA,Name14615424,True,False,False,Severe
USA,Small,Telecommunications,Broadband,"Perry, PA, USA",,42099.0,PA,Name14615426,False,False,True,High
USA,Small,Telecommunications,Broadband,"Perry, PA, USA",,42099.0,PA,Name14615428,False,False,True,Medium
USA,Small,Telecommunications,Broadband,"Perry, PA, USA",,42099.0,PA,Name14615429,False,True,False,High
USA,Small,Telecommunications,Satellite,"Perry, PA, USA",,42099.0,PA,Name14615430,False,True,True,High
USA,Small,Telecommunications,Satellite,"Perry, PA, USA",,42099.0,PA,Name14615431,False,True,True,High
USA,Small,Telecommunications,Satellite,"Perry, PA, USA",,42099.0,PA,Name14615432,True,True,False,High
USA,Small,Telecommunications,Satellite,"Perry, PA, USA",,42099.0,PA,Name14615433,False,True,False,Medium
USA,Small,Telecommunications,Satellite,"Perry, PA, USA",,42099.0,PA,Name14615435,True,True,False,Medium
USA,Small,Telecommunications,Satellite,"Perry, PA, USA",,42099.0,PA,Name14615436,True,True,False,Low
USA,Small,Telecommunications,Satellite,"Perry, PA, USA",,42099.0,PA,Name14615437,True,True,False,Low
USA,Small,Telecommunications,Satellite,"Perry, PA, USA",,42099.0,PA,Name14615438,True,False,False,Low
USA,Small,Telecommunications,Satellite,"Perry, PA, USA",,42099.0,PA,Name14615439,True,False,False,Medium
USA,Small,Telecommunications,Satellite,"Perry, PA, USA",,42099.0,PA,Name14615440,False,True,False,Medium
USA,Small,Telecommunications,Satellite,"Perry, PA, USA",,42099.0,PA,Name14615441,False,True,False,Low
USA,Small,Telecommunications,Satellite,"Perry, PA, USA",,42099.0,PA,Name14615444,False,True,True,Medium
USA,Small,Telecommunications,Satellite,"Perry, PA, USA",,42099.0,PA,Name14615446,True,True,False,Severe
USA,Small,Telecommunications,Satellite,"Perry, PA, USA",,42099.0,PA,Name14615447,True,True,False,Medium
USA,Small,Telecommunications,Satellite,"Perry, PA, USA",,42099.0,PA,Name14615448,True,False,False,Severe
USA,Small,Telecommunications,Satellite,"Perry, PA, USA",,42099.0,PA,Name14615450,True,True,False,Severe
USA,Small,Telecommunications,Satellite,"Perry, PA, USA",,42099.0,PA,Name14615451,False,False,True,Severe
USA,Small,Materials,Chemicals,"Perry, PA, USA",,42099.0,PA,Name14615452,False,True,True,Medium
USA,Small,Materials,Chemicals,"Perry, PA, USA",,42099.0,PA,Name14615453,True,False,False,Severe
USA,Small,Materials,Chemicals,"Perry, PA, USA",,42099.0,PA,Name14615454,True,False,False,Medium
USA,Small,Materials,Chemicals,"Perry, PA, USA",,42099.0,PA,Name14615455,False,False,True,Severe
USA,Small,Materials,Chemicals,"Perry, PA, USA",,42099.0,PA,Name14615456,True,False,False,Medium
USA,Small,Materials,Chemicals,"Perry, PA, USA",,42099.0,PA,Name14615457,False,True,False,Low
USA,Small,Materials,Chemicals,"Perry, PA, USA",,42099.0,PA,Name14615458,True,True,False,Severe
USA,Small,Materials,Chemicals,"Perry, PA, USA",,42099.0,PA,Name14615459,True,False,False,Medium
USA,Small,Materials,Chemicals,"Perry, PA, USA",,42099.0,PA,Name14615460,True,False,False,Low
USA,Small,Materials,Chemicals,"Perry, PA, USA",,42099.0,PA,Name14615461,False,True,True,Medium
USA,Small,Materials,Chemicals,"Perry, PA, USA",,42099.0,PA,Name14615462,True,False,False,Severe
USA,Small,Materials,Chemicals,"Perry, PA, USA",,42099.0,PA,Name14615463,False,True,True,Severe
USA,Small,Materials,Chemicals,"Perry, PA, USA",,42099.0,PA,Name14615464,True,False,False,Medium
USA,Small,Materials,Chemicals,"Perry, PA, USA",,42099.0,PA,Name14615465,True,True,False,Severe
USA,Small,Materials,Chemicals,"Perry, PA, USA",,42099.0,PA,Name14615466,False,False,True,Severe
USA,Small,Materials,Chemicals,"Perry, PA, USA",,42099.0,PA,Name14615467,True,False,False,Medium
USA,Small,Materials,Chemicals,"Perry, PA, USA",,42099.0,PA,Name14615468,True,True,False,Severe
USA,Small,Materials,Chemicals,"Perry, PA, USA",,42099.0,PA,Name14615469,True,True,False,Medium
USA,Small,Materials,Chemicals,"Perry, PA, USA",,42099.0,PA,Name14615470,True,False,False,Low
USA,Small,Materials,Chemicals,"Perry, PA, USA",,42099.0,PA,Name14615471,False,True,True,Low
USA,Small,Materials,Chemicals,"Perry, PA, USA",,42099.0,PA,Name14615472,True,False,False,Medium
USA,Small,Materials,Chemicals,"Perry, PA, USA",,42099.0,PA,Name14615473,False,True,True,Low
USA,Small,Materials,Metals & Mining,"Perry, PA, USA",,42099.0,PA,Name14615475,False,False,True,Low
USA,Small,Materials,Metals & Mining,"Perry, PA, USA",,42099.0,PA,Name14615477,True,True,False,Medium
USA,Small,Materials,Metals & Mining,"Perry, PA, USA",,42099.0,PA,Name14615478,True,False,False,Medium
USA,Small,Materials,Metals & Mining,"Perry, PA, USA",,42099.0,PA,Name14615479,False,False,True,Severe
USA,Small,Materials,Metals & Mining,"Perry, PA, USA",,42099.0,PA,Name14615480,False,False,True,Severe
USA,Small,Materials,Metals & Mining,"Perry, PA, USA",,42099.0,PA,Name14615482,False,True,True,High
USA,Small,Materials,Metals & Mining,"Perry, PA, USA",,42099.0,PA,Name14615483,False,True,False,Low
USA,Small,Materials,Metals & Mining,"Perry, PA, USA",,42099.0,PA,Name14615484,True,False,False,Low
USA,Small,Materials,Metals & Mining,"Perry, PA, USA",,42099.0,PA,Name14615485,False,True,True,Low
USA,Small,Materials,Metals & Mining,"Perry, PA, USA",,42099.0,PA,Name14615486,False,False,True,Medium
USA,Small,Materials,Metals & Mining,"Perry, PA, USA",,42099.0,PA,Name14615487,False,True,False,Low
USA,Small,Materials,Metals & Mining,"Perry, PA, USA",,42099.0,PA,Name14615488,False,True,True,Medium
USA,Small,Materials,Metals & Mining,"Perry, PA, USA",,42099.0,PA,Name14615489,True,False,False,High
USA,Small,Materials,Metals & Mining,"Perry, PA, USA",,42099.0,PA,Name14615490,False,True,True,High
USA,Small,Materials,Metals & Mining,"Perry, PA, USA",,42099.0,PA,Name14615491,True,True,False,Low
USA,Small,Materials,Metals & Mining,"Perry, PA, USA",,42099.0,PA,Name14615492,True,True,False,Medium
USA,Small,Materials,Metals & Mining,"Perry, PA, USA",,42099.0,PA,Name14615494,False,False,True,Low
USA,Small,Materials,Metals & Mining,"Perry, PA, USA",,42099.0,PA,Name14615495,False,False,True,Severe
USA,Small,Materials,Metals & Mining,"Perry, PA, USA",,42099.0,PA,Name14615496,False,False,True,Low
USA,Small,Materials,Metals & Mining,"Perry, PA, USA",,42099.0,PA,Name14615497,False,False,True,Low
USA,Small,Materials,Metals & Mining,"Perry, PA, USA",,42099.0,PA,Name14615498,True,False,False,High
USA,Small,Materials,Metals & Mining,"Perry, PA, USA",,42099.0,PA,Name14615499,True,True,False,Medium
USA,Small,Materials,Metals & Mining,"Perry, PA, USA",,42099.0,PA,Name14615500,True,False,False,Medium
USA,Small,Materials,Metals & Mining,"Perry, PA, USA",,42099.0,PA,Name14615501,True,True,False,Severe
USA,Small,Materials,Metals & Mining,"Perry, PA, USA",,42099.0,PA,Name14615502,True,False,False,High
USA,Small,Materials,Metals & Mining,"Perry, PA, USA",,42099.0,PA,Name14615503,False,False,True,High
USA,Small,Materials,Metals & Mining,"Perry, PA, USA",,42099.0,PA,Name14615504,True,False,False,Severe
USA,Small,Materials,Metals & Mining,"Perry, PA, USA",,42099.0,PA,Name14615505,True,True,False,Low
USA,Small,Materials,Metals & Mining,"Perry, PA, USA",,42099.0,PA,Name14615506,False,True,False,Medium
USA,Small,Materials,Construction Materials,"Perry, PA, USA",,42099.0,PA,Name14615507,False,True,True,Low
USA,Small,Materials,Construction Materials,"Perry, PA, USA",,42099.0,PA,Name14615508,False,True,False,Medium
USA,Small,Materials,Construction Materials,"Perry, PA, USA",,42099.0,PA,Name14615509,True,False,False,High
USA,Small,Materials,Construction Materials,"Perry, PA, USA",,42099.0,PA,Name14615510,False,False,True,Medium
USA,Small,Materials,Construction Materials,"Perry, PA, USA",,42099.0,PA,Name14615511,True,False,False,Severe
USA,Small,Materials,Construction Materials,"Perry, PA, USA",,42099.0,PA,Name14615513,True,True,False,Low
USA,Small,Materials,Construction Materials,"Perry, PA, USA",,42099.0,PA,Name14615514,False,True,True,High
USA,Small,Materials,Construction Materials,"Perry, PA, USA",,42099.0,PA,Name14615515,True,False,False,Severe
USA,Small,Materials,Construction Materials,"Perry, PA, USA",,42099.0,PA,Name14615516,True,True,False,Severe
USA,Small,Materials,Construction Materials,"Perry, PA, USA",,42099.0,PA,Name14615518,True,True,False,High
USA,Small,Materials,Construction Materials,"Perry, PA, USA",,42099.0,PA,Name14615520,False,False,True,Low
USA,Small,Materials,Construction Materials,"Perry, PA, USA",,42099.0,PA,Name14615521,True,False,False,Low
USA,Small,Industrials,Aerospace & Defense,"Perry, PA, USA",,42099.0,PA,Name14615522,False,False,True,High
USA,Small,Industrials,Aerospace & Defense,"Perry, PA, USA",,42099.0,PA,Name14615523,False,False,True,Medium
USA,Small,Industrials,Aerospace & Defense,"Perry, PA, USA",,42099.0,PA,Name14615524,True,True,False,Severe
USA,Small,Industrials,Aerospace & Defense,"Perry, PA, USA",,42099.0,PA,Name14615525,True,False,False,Medium
USA,Small,Industrials,Aerospace & Defense,"Perry, PA, USA",,42099.0,PA,Name14615526,True,False,False,High
USA,Small,Industrials,Aerospace & Defense,"Perry, PA, USA",,42099.0,PA,Name14615527,True,True,False,Low
USA,Small,Industrials,Aerospace & Defense,"Perry, PA, USA",,42099.0,PA,Name14615529,True,False,False,Severe
USA,Small,Industrials,Aerospace & Defense,"Perry, PA, USA",,42099.0,PA,Name14615530,True,True,False,Severe
USA,Small,Industrials,Aerospace & Defense,"Perry, PA, USA",,42099.0,PA,Name14615531,True,False,False,Medium
USA,Small,Industrials,Aerospace & Defense,"Perry, PA, USA",,42099.0,PA,Name14615532,False,True,False,Low
USA,Small,Industrials,Aerospace & Defense,"Perry, PA, USA",,42099.0,PA,Name14615533,False,True,True,Medium
USA,Small,Industrials,Aerospace & Defense,"Perry, PA, USA",,42099.0,PA,Name14615535,False,False,True,Medium
USA,Small,Industrials,Aerospace & Defense,"Perry, PA, USA",,42099.0,PA,Name14615536,True,True,False,Low
USA,Small,Industrials,Aerospace & Defense,"Perry, PA, USA",,42099.0,PA,Name14615537,False,True,False,Low
USA,Small,Industrials,Aerospace & Defense,"Perry, PA, USA",,42099.0,PA,Name14615538,False,False,True,Severe
USA,Small,Industrials,Aerospace & Defense,"Perry, PA, USA",,42099.0,PA,Name14615539,False,False,True,Medium
USA,Small,Industrials,Aerospace & Defense,"Perry, PA, USA",,42099.0,PA,Name14615540,True,False,False,Severe
USA,Small,Industrials,Aerospace & Defense,"Perry, PA, USA",,42099.0,PA,Name14615542,False,False,True,Low
USA,Small,Industrials,Aerospace & Defense,"Perry, PA, USA",,42099.0,PA,Name14615543,True,False,False,Severe
USA,Small,Industrials,Aerospace & Defense,"Perry, PA, USA",,42099.0,PA,Name14615544,False,True,False,Low
USA,Small,Industrials,Aerospace & Defense,"Perry, PA, USA",,42099.0,PA,Name14615545,False,True,True,Medium
USA,Small,Industrials,Aerospace & Defense,"Perry, PA, USA",,42099.0,PA,Name14615546,False,True,False,High
USA,Small,Industrials,Aerospace & Defense,"Perry, PA, USA",,42099.0,PA,Name14615547,False,False,True,Medium
USA,Small,Industrials,Aerospace & Defense,"Perry, PA, USA",,42099.0,PA,Name14615548,False,False,True,High
USA,Small,Industrials,Aerospace & Defense,"Perry, PA, USA",,42099.0,PA,Name14615549,False,False,True,Severe
USA,Small,Industrials,Aerospace & Defense,"Perry, PA, USA",,42099.0,PA,Name14615550,True,True,False,Severe
USA,Small,Industrials,Aerospace & Defense,"Perry, PA, USA",,42099.0,PA,Name14615551,False,True,False,Low
USA,Small,Industrials,Aerospace & Defense,"Perry, PA, USA",,42099.0,PA,Name14615552,False,False,True,Medium
USA,Small,Industrials,Aerospace & Defense,"Perry, PA, USA",,42099.0,PA,Name14615553,False,False,True,Severe
USA,Small,Industrials,Machinery,"Perry, PA, USA",,42099.0,PA,Name14615554,True,False,False,Severe
USA,Small,Industrials,Machinery,"Perry, PA, USA",,42099.0,PA,Name14615555,True,False,False,Medium
USA,Small,Industrials,Machinery,"Perry, PA, USA",,42099.0,PA,Name14615556,False,True,True,High
USA,Small,Industrials,Machinery,"Perry, PA, USA",,42099.0,PA,Name14615557,False,False,True,Severe
USA,Small,Industrials,Machinery,"Perry, PA, USA",,42099.0,PA,Name14615559,False,False,True,High
USA,Small,Industrials,Machinery,"Perry, PA, USA",,42099.0,PA,Name14615560,True,True,False,Low
USA,Small,Industrials,Machinery,"Perry, PA, USA",,42099.0,PA,Name14615562,True,True,False,Severe
USA,Small,Industrials,Machinery,"Perry, PA, USA",,42099.0,PA,Name14615563,True,False,False,Severe
USA,Small,Industrials,Machinery,"Perry, PA, USA",,42099.0,PA,Name14615564,False,True,True,High
USA,Small,Industrials,Machinery,"Perry, PA, USA",,42099.0,PA,Name14615565,True,False,False,Medium
USA,Small,Industrials,Machinery,"Perry, PA, USA",,42099.0,PA,Name14615567,True,True,False,Medium
USA,Small,Industrials,Machinery,"Perry, PA, USA",,42099.0,PA,Name14615568,False,True,False,Low
USA,Small,Industrials,Machinery,"Perry, PA, USA",,42099.0,PA,Name14615570,True,False,False,Medium
USA,Small,Industrials,Machinery,"Perry, PA, USA",,42099.0,PA,Name14615571,True,False,False,Severe
USA,Small,Industrials,Machinery,"Perry, PA, USA",,42099.0,PA,Name14615572,True,True,False,Severe
USA,Small,Industrials,Machinery,"Perry, PA, USA",,42099.0,PA,Name14615573,True,True,False,Medium
USA,Small,Industrials,Machinery,"Perry, PA, USA",,42099.0,PA,Name14615574,False,True,True,Low
USA,Small,Industrials,Machinery,"Perry, PA, USA",,42099.0,PA,Name14615575,False,False,True,Severe
USA,Small,Industrials,Industrial Services,"Perry, PA, USA",,42099.0,PA,Name14615576,True,False,False,Low
USA,Small,Industrials,Industrial Services,"Perry, PA, USA",,42099.0,PA,Name14615577,False,False,True,Low
USA,Small,Industrials,Industrial Services,"Perry, PA, USA",,42099.0,PA,Name14615579,False,False,True,High
USA,Small,Industrials,Industrial Services,"Perry, PA, USA",,42099.0,PA,Name14615581,True,False,False,Medium
USA,Small,Industrials,Industrial Services,"Perry, PA, USA",,42099.0,PA,Name14615582,False,True,True,Medium
USA,Small,Industrials,Industrial Services,"Perry, PA, USA",,42099.0,PA,Name14615583,True,True,False,Low
USA,Small,Industrials,Industrial Services,"Perry, PA, USA",,42099.0,PA,Name14615584,False,True,True,Medium
USA,Small,Industrials,Industrial Services,"Perry, PA, USA",,42099.0,PA,Name14615585,False,False,True,High
USA,Small,Industrials,Industrial Services,"Perry, PA, USA",,42099.0,PA,Name14615586,True,True,False,Severe
USA,Small,Industrials,Industrial Services,"Perry, PA, USA",,42099.0,PA,Name14615587,False,True,False,Low
USA,Small,Industrials,Industrial Services,"Perry, PA, USA",,42099.0,PA,Name14615588,False,True,True,High
USA,Small,Industrials,Industrial Services,"Perry, PA, USA",,42099.0,PA,Name14615589,True,True,False,Low
USA,Small,Industrials,Industrial Services,"Perry, PA, USA",,42099.0,PA,Name14615590,True,False,False,Severe
USA,Small,Industrials,Industrial Services,"Perry, PA, USA",,42099.0,PA,Name14615591,False,True,False,Low
USA,Small,Industrials,Industrial Services,"Perry, PA, USA",,42099.0,PA,Name14615593,False,True,True,Severe
USA,Small,Industrials,Industrial Services,"Perry, PA, USA",,42099.0,PA,Name14615594,True,True,False,Severe
USA,Small,Industrials,Industrial Services,"Perry, PA, USA",,42099.0,PA,Name14615595,False,True,False,Severe
USA,Small,Industrials,Industrial Services,"Perry, PA, USA",,42099.0,PA,Name14615596,False,True,True,Low
USA,Small,Industrials,Industrial Services,"Perry, PA, USA",,42099.0,PA,Name14615597,False,False,True,Severe
USA,Small,Industrials,Industrial Services,"Perry, PA, USA",,42099.0,PA,Name14615598,False,True,True,Low
USA,Small,Industrials,Industrial Services,"Perry, PA, USA",,42099.0,PA,Name14615599,False,True,False,Medium
USA,Small,Industrials,Industrial Services,"Perry, PA, USA",,42099.0,PA,Name14615600,False,True,False,Medium
USA,Small,Industrials,Industrial Services,"Perry, PA, USA",,42099.0,PA,Name14615601,True,False,False,Severe
USA,Small,Industrials,Industrial Services,"Perry, PA, USA",,42099.0,PA,Name14615602,False,False,True,Low
USA,Small,Industrials,Industrial Services,"Perry, PA, USA",,42099.0,PA,Name14615603,True,True,False,Medium
USA,Small,Industrials,Industrial Services,"Perry, PA, USA",,42099.0,PA,Name14615604,False,True,True,Medium
USA,Small,Industrials,Industrial Services,"Perry, PA, USA",,42099.0,PA,Name14615605,False,True,True,Severe
USA,Small,Industrials,Industrial Services,"Perry, PA, USA",,42099.0,PA,Name14615606,True,True,False,High
USA,Small,Industrials,Industrial Services,"Perry, PA, USA",,42099.0,PA,Name14615608,False,True,True,Medium
USA,Small,Industrials,Industrial Services,"Perry, PA, USA",,42099.0,PA,Name14615609,True,False,False,Medium
USA,Small,Industrials,Industrial Services,"Perry, PA, USA",,42099.0,PA,Name14615610,False,True,True,High
USA,Small,Consumer Services,Retail,"Perry, PA, USA",,42099.0,PA,Name14615611,False,True,True,Severe
USA,Small,Consumer Services,Retail,"Perry, PA, USA",,42099.0,PA,Name14615612,True,True,False,Low
USA,Small,Consumer Services,Retail,"Perry, PA, USA",,42099.0,PA,Name14615613,False,True,True,Low
USA,Small,Consumer Services,Retail,"Perry, PA, USA",,42099.0,PA,Name14615614,False,True,False,Severe
USA,Small,Consumer Services,Retail,"Perry, PA, USA",,42099.0,PA,Name14615615,True,True,False,Medium
USA,Small,Consumer Services,Retail,"Perry, PA, USA",,42099.0,PA,Name14615616,False,True,True,Medium
USA,Small,Consumer Services,Retail,"Perry, PA, USA",,42099.0,PA,Name14615617,True,False,False,Severe
USA,Small,Consumer Services,Retail,"Perry, PA, USA",,42099.0,PA,Name14615618,False,True,True,Low
USA,Small,Consumer Services,Retail,"Perry, PA, USA",,42099.0,PA,Name14615619,False,False,True,Medium
USA,Small,Consumer Services,Travel & Leisure,"Perry, PA, USA",,42099.0,PA,Name14615620,True,True,False,High
USA,Small,Consumer Services,Travel & Leisure,"Perry, PA, USA",,42099.0,PA,Name14615621,False,False,True,Medium
USA,Small,Consumer Services,Travel & Leisure,"Perry, PA, USA",,42099.0,PA,Name14615622,True,False,False,Severe
USA,Small,Consumer Services,Travel & Leisure,"Perry, PA, USA",,42099.0,PA,Name14615623,False,True,True,Low
USA,Small,Consumer Services,Travel & Leisure,"Perry, PA, USA",,42099.0,PA,Name14615624,True,True,False,Low
USA,Small,Consumer Services,Travel & Leisure,"Perry, PA, USA",,42099.0,PA,Name14615625,False,True,False,Medium
USA,Small,Consumer Services,Travel & Leisure,"Perry, PA, USA",,42099.0,PA,Name14615627,True,False,False,Severe
USA,Small,Consumer Services,Travel & Leisure,"Perry, PA, USA",,42099.0,PA,Name14615628,True,True,False,Low
USA,Small,Consumer Services,Travel & Leisure,"Perry, PA, USA",,42099.0,PA,Name14615629,False,True,False,High
USA,Small,Consumer Services,Travel & Leisure,"Perry, PA, USA",,42099.0,PA,Name14615630,True,False,False,High
USA,Small,Consumer Services,Travel & Leisure,"Perry, PA, USA",,42099.0,PA,Name14615632,True,True,False,High
USA,Small,Consumer Services,Travel & Leisure,"Perry, PA, USA",,42099.0,PA,Name14615633,False,True,False,Medium
USA,Small,Consumer Services,Travel & Leisure,"Perry, PA, USA",,42099.0,PA,Name14615634,True,True,False,Medium
USA,Small,Consumer Services,Travel & Leisure,"Perry, PA, USA",,42099.0,PA,Name14615635,True,True,False,Low
USA,Small,Consumer Services,Travel & Leisure,"Perry, PA, USA",,42099.0,PA,Name14615636,True,False,False,Severe
USA,Small,Consumer Services,Travel & Leisure,"Perry, PA, USA",,42099.0,PA,Name14615637,False,False,True,High
USA,Small,Consumer Services,Travel & Leisure,"Perry, PA, USA",,42099.0,PA,Name14615638,False,False,True,High
USA,Small,Consumer Services,Travel & Leisure,"Perry, PA, USA",,42099.0,PA,Name14615639,True,False,False,Low
USA,Small,Consumer Services,Media,"Perry, PA, USA",,42099.0,PA,Name14615640,False,True,True,High
USA,Small,Consumer Services,Media,"Perry, PA, USA",,42099.0,PA,Name14615641,True,True,False,Severe
USA,Small,Consumer Services,Media,"Perry, PA, USA",,42099.0,PA,Name14615642,False,True,True,Severe
USA,Small,Consumer Services,Media,"Perry, PA, USA",,42099.0,PA,Name14615643,False,False,True,Medium
USA,Small,Consumer Services,Media,"Perry, PA, USA",,42099.0,PA,Name14615644,False,True,False,Medium
USA,Small,Consumer Services,Media,"Perry, PA, USA",,42099.0,PA,Name14615645,False,True,True,Low
USA,Small,Consumer Services,Media,"Perry, PA, USA",,42099.0,PA,Name14615646,False,True,False,High
USA,Small,Consumer Services,Media,"Perry, PA, USA",,42099.0,PA,Name14615648,False,True,True,Severe
USA,Small,Consumer Services,Media,"Perry, PA, USA",,42099.0,PA,Name14615649,True,False,False,High
USA,Small,Consumer Services,Media,"Perry, PA, USA",,42099.0,PA,Name14615650,False,True,True,Medium
USA,Small,Consumer Services,Media,"Perry, PA, USA",,42099.0,PA,Name14615651,True,False,False,Severe
USA,Small,Consumer Services,Media,"Perry, PA, USA",,42099.0,PA,Name14615652,True,True,False,Severe
USA,Small,Consumer Services,Media,"Perry, PA, USA",,42099.0,PA,Name14615654,False,True,False,Low
USA,Small,Consumer Services,Media,"Perry, PA, USA",,42099.0,PA,Name14615655,False,True,True,Medium
USA,Small,Consumer Services,Media,"Perry, PA, USA",,42099.0,PA,Name14615656,True,True,False,Low
USA,Small,Transportation,Airlines,"Perry, PA, USA",,42099.0,PA,Name14615657,False,True,True,High
USA,Small,Transportation,Airlines,"Perry, PA, USA",,42099.0,PA,Name14615658,True,True,False,Medium
USA,Small,Transportation,Airlines,"Perry, PA, USA",,42099.0,PA,Name14615659,False,True,True,Low
USA,Small,Transportation,Airlines,"Perry, PA, USA",,42099.0,PA,Name14615660,True,False,False,Low
USA,Small,Transportation,Airlines,"Perry, PA, USA",,42099.0,PA,Name14615661,True,True,False,Medium
USA,Small,Transportation,Airlines,"Perry, PA, USA",,42099.0,PA,Name14615662,True,True,False,Medium
USA,Small,Transportation,Airlines,"Perry, PA, USA",,42099.0,PA,Name14615664,True,False,False,Medium
USA,Small,Transportation,Airlines,"Perry, PA, USA",,42099.0,PA,Name14615665,False,True,False,High
USA,Small,Transportation,Airlines,"Perry, PA, USA",,42099.0,PA,Name14615668,False,True,False,High
USA,Small,Transportation,Airlines,"Perry, PA, USA",,42099.0,PA,Name14615669,False,False,True,Severe
USA,Small,Transportation,Airlines,"Perry, PA, USA",,42099.0,PA,Name14615670,True,True,False,Low
USA,Small,Transportation,Airlines,"Perry, PA, USA",,42099.0,PA,Name14615671,True,False,False,Severe
USA,Small,Transportation,Airlines,"Perry, PA, USA",,42099.0,PA,Name14615672,False,False,True,High
USA,Small,Transportation,Airlines,"Perry, PA, USA",,42099.0,PA,Name14615673,False,False,True,Severe
USA,Small,Transportation,Airlines,"Perry, PA, USA",,42099.0,PA,Name14615674,False,True,False,Low
USA,Small,Transportation,Airlines,"Perry, PA, USA",,42099.0,PA,Name14615676,False,False,True,High
USA,Small,Transportation,Airlines,"Perry, PA, USA",,42099.0,PA,Name14615677,True,True,False,Medium
USA,Small,Transportation,Airlines,"Perry, PA, USA",,42099.0,PA,Name14615678,True,True,False,Low
USA,Small,Transportation,Airlines,"Perry, PA, USA",,42099.0,PA,Name14615679,True,False,False,Medium
USA,Small,Transportation,Airlines,"Perry, PA, USA",,42099.0,PA,Name14615680,False,True,True,Severe
USA,Small,Transportation,Airlines,"Perry, PA, USA",,42099.0,PA,Name14615681,True,False,False,Medium
USA,Small,Transportation,Airlines,"Perry, PA, USA",,42099.0,PA,Name14615682,False,False,True,Severe
USA,Small,Transportation,Airlines,"Perry, PA, USA",,42099.0,PA,Name14615683,True,True,False,Low
USA,Small,Transportation,Airlines,"Perry, PA, USA",,42099.0,PA,Name14615684,False,False,True,Low
USA,Small,Transportation,Airlines,"Perry, PA, USA",,42099.0,PA,Name14615685,False,True,False,High
USA,Small,Transportation,Airlines,"Perry, PA, USA",,42099.0,PA,Name14615686,True,True,False,High
USA,Small,Transportation,Airlines,"Perry, PA, USA",,42099.0,PA,Name14615687,True,False,False,Medium
USA,Small,Transportation,Airlines,"Perry, PA, USA",,42099.0,PA,Name14615688,True,True,False,Medium
USA,Small,Transportation,Airlines,"Perry, PA, USA",,42099.0,PA,Name14615689,False,True,True,High
USA,Small,Transportation,Airlines,"Perry, PA, USA",,42099.0,PA,Name14615690,False,True,False,Medium
USA,Small,Transportation,Airlines,"Perry, PA, USA",,42099.0,PA,Name14615691,True,False,False,Low
USA,Small,Transportation,Airlines,"Perry, PA, USA",,42099.0,PA,Name14615692,True,True,False,Low
USA,Small,Transportation,Airlines,"Perry, PA, USA",,42099.0,PA,Name14615694,False,True,True,Severe
USA,Small,Transportation,Railroads,"Perry, PA, USA",,42099.0,PA,Name14615695,True,True,False,Low
USA,Small,Transportation,Railroads,"Perry, PA, USA",,42099.0,PA,Name14615696,False,True,False,Severe
USA,Small,Transportation,Railroads,"Perry, PA, USA",,42099.0,PA,Name14615697,False,True,True,Severe
USA,Small,Transportation,Railroads,"Perry, PA, USA",,42099.0,PA,Name14615698,False,False,True,High
USA,Small,Transportation,Railroads,"Perry, PA, USA",,42099.0,PA,Name14615699,True,True,False,Severe
USA,Small,Transportation,Railroads,"Perry, PA, USA",,42099.0,PA,Name14615700,True,True,False,High
USA,Small,Transportation,Railroads,"Perry, PA, USA",,42099.0,PA,Name14615701,False,True,True,High
USA,Small,Transportation,Railroads,"Perry, PA, USA",,42099.0,PA,Name14615702,True,False,False,Low
USA,Small,Transportation,Railroads,"Perry, PA, USA",,42099.0,PA,Name14615703,False,True,False,Medium
USA,Small,Transportation,Railroads,"Perry, PA, USA",,42099.0,PA,Name14615705,False,False,True,Medium
USA,Small,Transportation,Railroads,"Perry, PA, USA",,42099.0,PA,Name14615706,True,True,False,High
USA,Small,Transportation,Railroads,"Perry, PA, USA",,42099.0,PA,Name14615707,False,True,True,Medium
USA,Small,Transportation,Railroads,"Perry, PA, USA",,42099.0,PA,Name14615708,True,True,False,Low
USA,Small,Transportation,Railroads,"Perry, PA, USA",,42099.0,PA,Name14615709,True,False,False,Medium
USA,Small,Transportation,Railroads,"Perry, PA, USA",,42099.0,PA,Name14615710,True,True,False,High
USA,Small,Transportation,Railroads,"Perry, PA, USA",,42099.0,PA,Name14615711,True,False,False,Low
USA,Small,Transportation,Railroads,"Perry, PA, USA",,42099.0,PA,Name14615714,True,False,False,Severe
USA,Small,Transportation,Railroads,"Perry, PA, USA",,42099.0,PA,Name14615715,False,False,True,Medium
USA,Small,Transportation,Railroads,"Perry, PA, USA",,42099.0,PA,Name14615716,False,True,True,Medium
USA,Small,Transportation,Railroads,"Perry, PA, USA",,42099.0,PA,Name14615717,True,True,False,Low
USA,Small,Transportation,Railroads,"Perry, PA, USA",,42099.0,PA,Name14615718,False,True,False,Severe
USA,Small,Transportation,Railroads,"Perry, PA, USA",,42099.0,PA,Name14615719,True,True,False,Medium
USA,Small,Transportation,Railroads,"Perry, PA, USA",,42099.0,PA,Name14615720,True,False,False,Low
USA,Small,Transportation,Railroads,"Perry, PA, USA",,42099.0,PA,Name14615721,False,True,True,Low
USA,Small,Transportation,Railroads,"Perry, PA, USA",,42099.0,PA,Name14615722,False,False,True,Low
USA,Small,Transportation,Railroads,"Perry, PA, USA",,42099.0,PA,Name14615723,True,True,False,High
USA,Small,Transportation,Railroads,"Perry, PA, USA",,42099.0,PA,Name14615724,False,True,True,High
USA,Small,Transportation,Railroads,"Perry, PA, USA",,42099.0,PA,Name14615725,True,False,False,Low
USA,Small,Transportation,Railroads,"Perry, PA, USA",,42099.0,PA,Name14615727,False,True,False,Medium
USA,Small,Transportation,Railroads,"Perry, PA, USA",,42099.0,PA,Name14615728,False,False,True,Severe
USA,Small,Transportation,Railroads,"Perry, PA, USA",,42099.0,PA,Name14615729,False,True,True,Severe
USA,Small,Transportation,Railroads,"Perry, PA, USA",,42099.0,PA,Name14615730,False,True,True,High
USA,Small,Transportation,Railroads,"Perry, PA, USA",,42099.0,PA,Name14615732,True,True,False,Low
USA,Small,Transportation,Railroads,"Perry, PA, USA",,42099.0,PA,Name14615733,False,True,False,High
USA,Small,Transportation,Railroads,"Perry, PA, USA",,42099.0,PA,Name14615735,True,False,False,Low
USA,Small,Transportation,Railroads,"Perry, PA, USA",,42099.0,PA,Name14615736,True,False,False,Low
USA,Small,Transportation,Railroads,"Perry, PA, USA",,42099.0,PA,Name14615737,False,True,False,Low
USA,Small,Transportation,Railroads,"Perry, PA, USA",,42099.0,PA,Name14615738,True,True,False,Low
USA,Small,Transportation,Railroads,"Perry, PA, USA",,42099.0,PA,Name14615739,True,False,False,Severe
USA,Small,Transportation,Railroads,"Perry, PA, USA",,42099.0,PA,Name14615740,True,False,False,High
USA,Small,Transportation,Logistics,"Perry, PA, USA",,42099.0,PA,Name14615741,False,True,False,Severe
USA,Small,Transportation,Logistics,"Perry, PA, USA",,42099.0,PA,Name14615742,False,True,True,Severe
USA,Small,Transportation,Logistics,"Perry, PA, USA",,42099.0,PA,Name14615743,False,True,True,Low
USA,Small,Transportation,Logistics,"Perry, PA, USA",,42099.0,PA,Name14615744,True,False,False,Medium
USA,Small,Transportation,Logistics,"Perry, PA, USA",,42099.0,PA,Name14615745,True,False,False,High
USA,Small,Transportation,Logistics,"Perry, PA, USA",,42099.0,PA,Name14615746,False,False,True,Low
USA,Small,Transportation,Logistics,"Perry, PA, USA",,42099.0,PA,Name14615747,False,True,True,Medium
USA,Small,Transportation,Logistics,"Perry, PA, USA",,42099.0,PA,Name14615748,True,False,False,Medium
USA,Small,Transportation,Logistics,"Perry, PA, USA",,42099.0,PA,Name14615749,False,True,False,High
USA,Small,Transportation,Logistics,"Perry, PA, USA",,42099.0,PA,Name14615750,False,True,True,Medium
USA,Small,Transportation,Logistics,"Perry, PA, USA",,42099.0,PA,Name14615751,True,False,False,Severe
USA,Small,Transportation,Logistics,"Perry, PA, USA",,42099.0,PA,Name14615752,True,True,False,Low
USA,Small,Transportation,Logistics,"Perry, PA, USA",,42099.0,PA,Name14615753,False,False,True,Medium
USA,Micro,Technology,Software,"Perry, PA, USA",,42099.0,PA,Name14615756,False,True,True,Medium
USA,Micro,Technology,Software,"Perry, PA, USA",,42099.0,PA,Name14615757,True,False,False,Severe
USA,Micro,Technology,Software,"Perry, PA, USA",,42099.0,PA,Name14615758,True,True,False,High
USA,Micro,Technology,Software,"Perry, PA, USA",,42099.0,PA,Name14615760,True,False,False,Low
USA,Micro,Technology,Software,"Perry, PA, USA",,42099.0,PA,Name14615761,True,False,False,Medium
USA,Micro,Technology,Software,"Perry, PA, USA",,42099.0,PA,Name14615762,True,True,False,Medium
USA,Micro,Technology,Software,"Perry, PA, USA",,42099.0,PA,Name14615764,False,False,True,Medium
USA,Micro,Technology,Software,"Perry, PA, USA",,42099.0,PA,Name14615765,True,False,False,Medium
USA,Micro,Technology,Software,"Perry, PA, USA",,42099.0,PA,Name14615766,True,False,False,Low
USA,Micro,Technology,Software,"Perry, PA, USA",,42099.0,PA,Name14615767,True,False,False,Severe
USA,Micro,Technology,Software,"Perry, PA, USA",,42099.0,PA,Name14615768,True,False,False,High
USA,Micro,Technology,Software,"Perry, PA, USA",,42099.0,PA,Name14615769,True,True,False,Low
USA,Micro,Technology,Software,"Perry, PA, USA",,42099.0,PA,Name14615770,True,True,False,Medium
USA,Micro,Technology,Software,"Perry, PA, USA",,42099.0,PA,Name14615771,True,True,False,High
USA,Micro,Technology,Software,"Perry, PA, USA",,42099.0,PA,Name14615773,False,True,False,Low
USA,Micro,Technology,Software,"Perry, PA, USA",,42099.0,PA,Name14615774,False,True,False,Severe
USA,Micro,Technology,Hardware,"Perry, PA, USA",,42099.0,PA,Name14615775,True,True,False,Medium
USA,Micro,Technology,Hardware,"Perry, PA, USA",,42099.0,PA,Name14615776,True,True,False,High
USA,Micro,Technology,Hardware,"Perry, PA, USA",,42099.0,PA,Name14615777,True,False,False,High
USA,Micro,Technology,Hardware,"Perry, PA, USA",,42099.0,PA,Name14615779,False,True,False,Severe
USA,Micro,Technology,Hardware,"Perry, PA, USA",,42099.0,PA,Name14615780,True,False,False,Severe
USA,Micro,Technology,Hardware,"Perry, PA, USA",,42099.0,PA,Name14615782,False,True,True,Low
USA,Micro,Technology,Hardware,"Perry, PA, USA",,42099.0,PA,Name14615783,True,True,False,Low
USA,Micro,Technology,Hardware,"Perry, PA, USA",,42099.0,PA,Name14615784,True,True,False,Severe
USA,Micro,Technology,Hardware,"Perry, PA, USA",,42099.0,PA,Name14615785,False,True,False,Severe
USA,Micro,Technology,Hardware,"Perry, PA, USA",,42099.0,PA,Name14615786,True,True,False,High
USA,Micro,Technology,Hardware,"Perry, PA, USA",,42099.0,PA,Name14615787,False,False,True,Low
USA,Micro,Technology,Hardware,"Perry, PA, USA",,42099.0,PA,Name14615788,True,True,False,Low
USA,Micro,Technology,Hardware,"Perry, PA, USA",,42099.0,PA,Name14615789,False,True,True,Severe
USA,Micro,Technology,Hardware,"Perry, PA, USA",,42099.0,PA,Name14615790,False,True,True,Medium
USA,Micro,Technology,IT Services,"Perry, PA, USA",,42099.0,PA,Name14615791,True,True,False,Medium
USA,Micro,Technology,IT Services,"Perry, PA, USA",,42099.0,PA,Name14615792,True,True,False,High
USA,Micro,Technology,IT Services,"Perry, PA, USA",,42099.0,PA,Name14615793,True,False,False,Low
USA,Micro,Technology,IT Services,"Perry, PA, USA",,42099.0,PA,Name14615794,False,True,True,Low
USA,Micro,Technology,IT Services,"Perry, PA, USA",,42099.0,PA,Name14615795,True,False,False,Severe
USA,Micro,Technology,IT Services,"Perry, PA, USA",,42099.0,PA,Name14615796,True,False,False,Low
USA,Micro,Technology,IT Services,"Perry, PA, USA",,42099.0,PA,Name14615797,True,True,False,Medium
USA,Micro,Technology,IT Services,"Perry, PA, USA",,42099.0,PA,Name14615798,False,True,True,Low
USA,Micro,Technology,IT Services,"Perry, PA, USA",,42099.0,PA,Name14615799,True,False,False,High
USA,Micro,Technology,IT Services,"Perry, PA, USA",,42099.0,PA,Name14615800,False,True,True,Medium
USA,Micro,Technology,IT Services,"Perry, PA, USA",,42099.0,PA,Name14615801,False,True,False,Low
USA,Micro,Technology,IT Services,"Perry, PA, USA",,42099.0,PA,Name14615802,False,True,True,Medium
USA,Micro,Technology,IT Services,"Perry, PA, USA",,42099.0,PA,Name14615803,False,True,False,Medium
USA,Micro,Technology,IT Services,"Perry, PA, USA",,42099.0,PA,Name14615804,False,True,False,Medium
USA,Micro,Technology,IT Services,"Perry, PA, USA",,42099.0,PA,Name14615805,False,True,True,Medium
USA,Micro,Technology,IT Services,"Perry, PA, USA",,42099.0,PA,Name14615806,False,True,False,Severe
USA,Micro,Technology,IT Services,"Perry, PA, USA",,42099.0,PA,Name14615807,True,False,False,Medium
USA,Micro,Technology,IT Services,"Perry, PA, USA",,42099.0,PA,Name14615809,True,False,False,High
USA,Micro,Technology,IT Services,"Perry, PA, USA",,42099.0,PA,Name14615810,True,True,False,Low
USA,Micro,Technology,IT Services,"Perry, PA, USA",,42099.0,PA,Name14615811,True,False,False,Severe
USA,Micro,Technology,IT Services,"Perry, PA, USA",,42099.0,PA,Name14615812,False,True,False,High
USA,Micro,Technology,IT Services,"Perry, PA, USA",,42099.0,PA,Name14615813,False,True,False,High
USA,Micro,Technology,IT Services,"Perry, PA, USA",,42099.0,PA,Name14615814,True,True,False,Medium
USA,Micro,Technology,IT Services,"Perry, PA, USA",,42099.0,PA,Name14615815,False,True,True,Severe
USA,Micro,Technology,IT Services,"Perry, PA, USA",,42099.0,PA,Name14615816,True,False,False,High
USA,Micro,Technology,IT Services,"Perry, PA, USA",,42099.0,PA,Name14615817,False,True,False,Severe
USA,Micro,Technology,IT Services,"Perry, PA, USA",,42099.0,PA,Name14615818,True,False,False,Severe
USA,Micro,Technology,IT Services,"Perry, PA, USA",,42099.0,PA,Name14615819,False,True,True,High
USA,Micro,Technology,IT Services,"Perry, PA, USA",,42099.0,PA,Name14615820,True,True,False,Severe
USA,Micro,Technology,IT Services,"Perry, PA, USA",,42099.0,PA,Name14615822,True,True,False,Severe
USA,Micro,Technology,IT Services,"Perry, PA, USA",,42099.0,PA,Name14615823,True,False,False,Low
USA,Micro,Technology,IT Services,"Perry, PA, USA",,42099.0,PA,Name14615824,True,True,False,Medium
USA,Micro,Technology,IT Services,"Perry, PA, USA",,42099.0,PA,Name14615825,False,True,True,Medium
USA,Micro,Technology,IT Services,"Perry, PA, USA",,42099.0,PA,Name14615827,False,False,True,Severe
USA,Micro,Technology,IT Services,"Perry, PA, USA",,42099.0,PA,Name14615829,True,True,False,Medium
USA,Micro,Technology,IT Services,"Perry, PA, USA",,42099.0,PA,Name14615830,False,True,False,Severe
USA,Micro,Technology,IT Services,"Perry, PA, USA",,42099.0,PA,Name14615831,False,True,False,High
USA,Micro,Healthcare,Pharmaceuticals,"Perry, PA, USA",,42099.0,PA,Name14615832,False,True,True,Medium
USA,Micro,Healthcare,Pharmaceuticals,"Perry, PA, USA",,42099.0,PA,Name14615833,True,True,False,Medium
USA,Micro,Healthcare,Pharmaceuticals,"Perry, PA, USA",,42099.0,PA,Name14615834,True,True,False,High
USA,Micro,Healthcare,Pharmaceuticals,"Perry, PA, USA",,42099.0,PA,Name14615836,False,True,True,Low
USA,Micro,Healthcare,Pharmaceuticals,"Perry, PA, USA",,42099.0,PA,Name14615837,True,True,False,High
USA,Micro,Healthcare,Pharmaceuticals,"Perry, PA, USA",,42099.0,PA,Name14615838,False,True,False,Low
USA,Micro,Healthcare,Pharmaceuticals,"Perry, PA, USA",,42099.0,PA,Name14615839,True,True,False,Medium
USA,Micro,Healthcare,Pharmaceuticals,"Perry, PA, USA",,42099.0,PA,Name14615840,False,True,True,Medium
USA,Micro,Healthcare,Pharmaceuticals,"Perry, PA, USA",,42099.0,PA,Name14615841,True,False,False,Low
USA,Micro,Healthcare,Pharmaceuticals,"Perry, PA, USA",,42099.0,PA,Name14615842,True,True,False,Medium
USA,Micro,Healthcare,Pharmaceuticals,"Perry, PA, USA",,42099.0,PA,Name14615843,True,False,False,Low
USA,Micro,Healthcare,Pharmaceuticals,"Perry, PA, USA",,42099.0,PA,Name14615845,True,False,False,High
USA,Micro,Healthcare,Medical Devices,"Perry, PA, USA",,42099.0,PA,Name14615846,False,True,True,High
USA,Micro,Healthcare,Medical Devices,"Perry, PA, USA",,42099.0,PA,Name14615847,True,False,False,Severe
USA,Micro,Healthcare,Medical Devices,"Perry, PA, USA",,42099.0,PA,Name14615848,True,True,False,Severe
USA,Micro,Healthcare,Medical Devices,"Perry, PA, USA",,42099.0,PA,Name14615849,False,True,False,Low
USA,Micro,Healthcare,Medical Devices,"Perry, PA, USA",,42099.0,PA,Name14615850,True,True,False,Medium
USA,Micro,Healthcare,Medical Devices,"Perry, PA, USA",,42099.0,PA,Name14615851,False,True,False,High
USA,Micro,Healthcare,Medical Devices,"Perry, PA, USA",,42099.0,PA,Name14615852,True,True,False,Low
USA,Micro,Healthcare,Medical Devices,"Perry, PA, USA",,42099.0,PA,Name14615853,True,False,False,Low
USA,Micro,Healthcare,Medical Devices,"Perry, PA, USA",,42099.0,PA,Name14615854,False,True,True,Low
USA,Micro,Healthcare,Medical Devices,"Perry, PA, USA",,42099.0,PA,Name14615855,True,True,False,Severe
USA,Micro,Healthcare,Medical Devices,"Perry, PA, USA",,42099.0,PA,Name14615856,True,True,False,Severe
USA,Micro,Healthcare,Medical Devices,"Perry, PA, USA",,42099.0,PA,Name14615857,True,True,False,High
USA,Micro,Healthcare,Medical Devices,"Perry, PA, USA",,42099.0,PA,Name14615858,True,False,False,High
USA,Micro,Healthcare,Medical Devices,"Perry, PA, USA",,42099.0,PA,Name14615859,True,True,False,Low
USA,Micro,Healthcare,Medical Devices,"Perry, PA, USA",,42099.0,PA,Name14615860,True,False,False,Medium
USA,Micro,Healthcare,Medical Devices,"Perry, PA, USA",,42099.0,PA,Name14615861,True,True,False,High
USA,Micro,Healthcare,Medical Devices,"Perry, PA, USA",,42099.0,PA,Name14615862,True,True,False,Medium
USA,Micro,Healthcare,Medical Devices,"Perry, PA, USA",,42099.0,PA,Name14615863,False,False,True,Low
USA,Micro,Healthcare,Medical Devices,"Perry, PA, USA",,42099.0,PA,Name14615864,False,True,False,Medium
USA,Micro,Healthcare,Medical Devices,"Perry, PA, USA",,42099.0,PA,Name14615867,False,True,True,Low
USA,Micro,Healthcare,Medical Devices,"Perry, PA, USA",,42099.0,PA,Name14615868,True,False,False,Severe
USA,Micro,Healthcare,Medical Devices,"Perry, PA, USA",,42099.0,PA,Name14615869,True,True,False,Low
USA,Micro,Healthcare,Medical Devices,"Perry, PA, USA",,42099.0,PA,Name14615870,True,False,False,Low
USA,Micro,Healthcare,Medical Devices,"Perry, PA, USA",,42099.0,PA,Name14615872,True,False,False,Severe
USA,Micro,Healthcare,Medical Devices,"Perry, PA, USA",,42099.0,PA,Name14615873,True,True,False,High
USA,Micro,Healthcare,Medical Devices,"Perry, PA, USA",,42099.0,PA,Name14615874,False,False,True,Low
USA,Micro,Healthcare,Medical Devices,"Perry, PA, USA",,42099.0,PA,Name14615875,False,True,True,High
USA,Micro,Healthcare,Medical Devices,"Perry, PA, USA",,42099.0,PA,Name14615876,False,True,False,Low
USA,Micro,Healthcare,Medical Devices,"Perry, PA, USA",,42099.0,PA,Name14615878,False,True,True,Low
USA,Micro,Healthcare,Medical Devices,"Perry, PA, USA",,42099.0,PA,Name14615879,False,True,True,Severe
USA,Micro,Healthcare,Medical Devices,"Perry, PA, USA",,42099.0,PA,Name14615880,True,False,False,Severe
USA,Micro,Healthcare,Medical Devices,"Perry, PA, USA",,42099.0,PA,Name14615881,False,True,True,High
USA,Micro,Healthcare,Medical Devices,"Perry, PA, USA",,42099.0,PA,Name14615882,False,True,False,Medium
USA,Micro,Healthcare,Medical Devices,"Perry, PA, USA",,42099.0,PA,Name14615883,True,False,False,Medium
USA,Micro,Healthcare,Medical Devices,"Perry, PA, USA",,42099.0,PA,Name14615884,False,False,True,Low
USA,Micro,Healthcare,Medical Devices,"Perry, PA, USA",,42099.0,PA,Name14615885,False,True,True,High
USA,Micro,Healthcare,Medical Devices,"Perry, PA, USA",,42099.0,PA,Name14615887,True,False,False,Severe
USA,Micro,Healthcare,Medical Devices,"Perry, PA, USA",,42099.0,PA,Name14615888,True,True,False,Medium
USA,Micro,Healthcare,Medical Devices,"Perry, PA, USA",,42099.0,PA,Name14615889,False,False,True,High
USA,Micro,Healthcare,Medical Devices,"Perry, PA, USA",,42099.0,PA,Name14615890,False,True,False,High
USA,Micro,Healthcare,Medical Devices,"Perry, PA, USA",,42099.0,PA,Name14615891,True,False,False,Severe
USA,Micro,Healthcare,Medical Devices,"Perry, PA, USA",,42099.0,PA,Name14615892,False,False,True,Medium
USA,Micro,Healthcare,Medical Devices,"Perry, PA, USA",,42099.0,PA,Name14615893,False,False,True,Medium
USA,Micro,Healthcare,Healthcare Services,"Perry, PA, USA",,42099.0,PA,Name14615894,False,True,True,Severe
USA,Micro,Healthcare,Healthcare Services,"Perry, PA, USA",,42099.0,PA,Name14615895,True,True,False,High
USA,Micro,Healthcare,Healthcare Services,"Perry, PA, USA",,42099.0,PA,Name14615896,False,False,True,Severe
USA,Micro,Healthcare,Healthcare Services,"Perry, PA, USA",,42099.0,PA,Name14615897,True,True,False,Severe
USA,Micro,Healthcare,Healthcare Services,"Perry, PA, USA",,42099.0,PA,Name14615898,True,True,False,Severe
USA,Micro,Healthcare,Healthcare Services,"Perry, PA, USA",,42099.0,PA,Name14615900,False,True,False,Low
USA,Micro,Healthcare,Healthcare Services,"Perry, PA, USA",,42099.0,PA,Name14615901,False,False,True,Low
USA,Micro,Healthcare,Healthcare Services,"Perry, PA, USA",,42099.0,PA,Name14615902,True,False,False,High
USA,Micro,Healthcare,Healthcare Services,"Perry, PA, USA",,42099.0,PA,Name14615903,True,False,False,High
USA,Micro,Healthcare,Healthcare Services,"Perry, PA, USA",,42099.0,PA,Name14615904,True,False,False,Medium
USA,Micro,Healthcare,Healthcare Services,"Perry, PA, USA",,42099.0,PA,Name14615905,True,False,False,Medium
USA,Micro,Healthcare,Healthcare Services,"Perry, PA, USA",,42099.0,PA,Name14615906,True,True,False,Low
USA,Micro,Healthcare,Healthcare Services,"Perry, PA, USA",,42099.0,PA,Name14615908,True,False,False,Severe
USA,Micro,Healthcare,Healthcare Services,"Perry, PA, USA",,42099.0,PA,Name14615909,False,False,True,Low
USA,Micro,Healthcare,Healthcare Services,"Perry, PA, USA",,42099.0,PA,Name14615910,False,True,False,Medium
USA,Micro,Healthcare,Healthcare Services,"Perry, PA, USA",,42099.0,PA,Name14615911,False,True,True,High
USA,Micro,Healthcare,Healthcare Services,"Perry, PA, USA",,42099.0,PA,Name14615912,True,False,False,High
USA,Micro,Healthcare,Healthcare Services,"Perry, PA, USA",,42099.0,PA,Name14615914,False,True,False,High
USA,Micro,Healthcare,Healthcare Services,"Perry, PA, USA",,42099.0,PA,Name14615915,True,False,False,Low
USA,Micro,Healthcare,Healthcare Services,"Perry, PA, USA",,42099.0,PA,Name14615916,True,False,False,Severe
USA,Micro,Healthcare,Healthcare Services,"Perry, PA, USA",,42099.0,PA,Name14615917,False,True,False,Severe
USA,Micro,Healthcare,Healthcare Services,"Perry, PA, USA",,42099.0,PA,Name14615918,True,False,False,Medium
USA,Micro,Healthcare,Healthcare Services,"Perry, PA, USA",,42099.0,PA,Name14615919,True,False,False,Low
USA,Micro,Healthcare,Healthcare Services,"Perry, PA, USA",,42099.0,PA,Name14615920,False,True,False,Low
USA,Micro,Healthcare,Healthcare Services,"Perry, PA, USA",,42099.0,PA,Name14615921,True,False,False,Medium
USA,Micro,Healthcare,Healthcare Services,"Perry, PA, USA",,42099.0,PA,Name14615922,False,True,False,Medium
USA,Micro,Healthcare,Healthcare Services,"Perry, PA, USA",,42099.0,PA,Name14615923,False,True,False,High
USA,Micro,Healthcare,Healthcare Services,"Perry, PA, USA",,42099.0,PA,Name14615924,False,True,True,Medium
USA,Micro,Healthcare,Healthcare Services,"Perry, PA, USA",,42099.0,PA,Name14615925,False,False,True,High
USA,Micro,Healthcare,Healthcare Services,"Perry, PA, USA",,42099.0,PA,Name14615926,True,True,False,Severe
USA,Micro,Healthcare,Healthcare Services,"Perry, PA, USA",,42099.0,PA,Name14615927,False,True,True,Severe
USA,Micro,Healthcare,Healthcare Services,"Perry, PA, USA",,42099.0,PA,Name14615928,False,True,True,Low
USA,Micro,Healthcare,Healthcare Services,"Perry, PA, USA",,42099.0,PA,Name14615929,True,False,False,Severe
USA,Micro,Healthcare,Healthcare Services,"Perry, PA, USA",,42099.0,PA,Name14615930,False,True,False,Medium
USA,Micro,Healthcare,Healthcare Services,"Perry, PA, USA",,42099.0,PA,Name14615931,True,True,False,Severe
USA,Micro,Healthcare,Healthcare Services,"Perry, PA, USA",,42099.0,PA,Name14615932,True,False,False,Severe
USA,Micro,Finance,Banking,"Perry, PA, USA",,42099.0,PA,Name14615933,True,True,False,High
USA,Micro,Finance,Banking,"Perry, PA, USA",,42099.0,PA,Name14615934,False,True,False,Severe
USA,Micro,Finance,Banking,"Perry, PA, USA",,42099.0,PA,Name14615935,True,True,False,High
USA,Micro,Finance,Banking,"Perry, PA, USA",,42099.0,PA,Name14615936,False,True,False,Low
USA,Micro,Finance,Banking,"Perry, PA, USA",,42099.0,PA,Name14615937,True,True,False,Low
USA,Micro,Finance,Banking,"Perry, PA, USA",,42099.0,PA,Name14615938,True,True,False,High
USA,Micro,Finance,Banking,"Perry, PA, USA",,42099.0,PA,Name14615939,True,True,False,Severe
USA,Micro,Finance,Banking,"Perry, PA, USA",,42099.0,PA,Name14615940,False,False,True,Severe
USA,Micro,Finance,Banking,"Perry, PA, USA",,42099.0,PA,Name14615941,True,False,False,High
USA,Micro,Finance,Banking,"Perry, PA, USA",,42099.0,PA,Name14615942,False,False,True,Medium
USA,Micro,Finance,Banking,"Perry, PA, USA",,42099.0,PA,Name14615943,False,True,False,Low
USA,Micro,Finance,Banking,"Perry, PA, USA",,42099.0,PA,Name14615944,True,True,False,Severe
USA,Micro,Finance,Banking,"Perry, PA, USA",,42099.0,PA,Name14615945,False,True,False,Low
USA,Micro,Finance,Banking,"Perry, PA, USA",,42099.0,PA,Name14615946,True,False,False,Medium
USA,Micro,Finance,Banking,"Perry, PA, USA",,42099.0,PA,Name14615947,False,True,False,Medium
USA,Micro,Finance,Banking,"Perry, PA, USA",,42099.0,PA,Name14615948,True,True,False,Severe
USA,Micro,Finance,Banking,"Perry, PA, USA",,42099.0,PA,Name14615949,True,True,False,Medium
USA,Micro,Finance,Banking,"Perry, PA, USA",,42099.0,PA,Name14615950,True,False,False,Low
USA,Micro,Finance,Banking,"Perry, PA, USA",,42099.0,PA,Name14615951,True,True,False,Severe
USA,Micro,Finance,Banking,"Perry, PA, USA",,42099.0,PA,Name14615952,True,False,False,High
USA,Micro,Finance,Banking,"Perry, PA, USA",,42099.0,PA,Name14615953,True,True,False,Medium
USA,Micro,Finance,Banking,"Perry, PA, USA",,42099.0,PA,Name14615954,True,True,False,Low
USA,Micro,Finance,Banking,"Perry, PA, USA",,42099.0,PA,Name14615955,True,False,False,Severe
USA,Micro,Finance,Banking,"Perry, PA, USA",,42099.0,PA,Name14615956,True,True,False,High
USA,Micro,Finance,Banking,"Perry, PA, USA",,42099.0,PA,Name14615957,True,True,False,Severe
USA,Micro,Finance,Banking,"Perry, PA, USA",,42099.0,PA,Name14615958,True,False,False,Medium
USA,Micro,Finance,Banking,"Perry, PA, USA",,42099.0,PA,Name14615959,False,True,True,Low
USA,Micro,Finance,Banking,"Perry, PA, USA",,42099.0,PA,Name14615960,False,True,True,Medium
USA,Micro,Finance,Banking,"Perry, PA, USA",,42099.0,PA,Name14615961,True,False,False,Low
USA,Micro,Finance,Insurance,"Perry, PA, USA",,42099.0,PA,Name14615962,True,False,False,Medium
USA,Micro,Finance,Insurance,"Perry, PA, USA",,42099.0,PA,Name14615963,True,True,False,Low
USA,Micro,Finance,Insurance,"Perry, PA, USA",,42099.0,PA,Name14615964,True,False,False,High
USA,Micro,Finance,Insurance,"Perry, PA, USA",,42099.0,PA,Name14615965,True,False,False,High
USA,Micro,Finance,Insurance,"Perry, PA, USA",,42099.0,PA,Name14615966,False,True,False,Medium
USA,Micro,Finance,Insurance,"Perry, PA, USA",,42099.0,PA,Name14615967,True,False,False,Medium
USA,Micro,Finance,Insurance,"Perry, PA, USA",,42099.0,PA,Name14615968,True,False,False,Severe
USA,Micro,Finance,Insurance,"Perry, PA, USA",,42099.0,PA,Name14615969,True,True,False,Low
USA,Micro,Finance,Insurance,"Perry, PA, USA",,42099.0,PA,Name14615970,False,True,True,Medium
USA,Micro,Finance,Insurance,"Perry, PA, USA",,42099.0,PA,Name14615971,False,False,True,Low
USA,Micro,Finance,Insurance,"Perry, PA, USA",,42099.0,PA,Name14615972,True,True,False,High
USA,Micro,Finance,Insurance,"Perry, PA, USA",,42099.0,PA,Name14615973,True,True,False,Medium
USA,Micro,Finance,Insurance,"Perry, PA, USA",,42099.0,PA,Name14615974,True,True,False,Low
USA,Micro,Finance,Insurance,"Perry, PA, USA",,42099.0,PA,Name14615975,True,True,False,High
USA,Micro,Finance,Insurance,"Perry, PA, USA",,42099.0,PA,Name14615976,True,False,False,Low
USA,Micro,Finance,Insurance,"Perry, PA, USA",,42099.0,PA,Name14615978,False,True,True,Medium
USA,Micro,Finance,Insurance,"Perry, PA, USA",,42099.0,PA,Name14615979,True,True,False,Medium
USA,Micro,Finance,Insurance,"Perry, PA, USA",,42099.0,PA,Name14615980,True,True,False,Low
USA,Micro,Finance,Insurance,"Perry, PA, USA",,42099.0,PA,Name14615981,False,False,True,Medium
USA,Micro,Finance,Insurance,"Perry, PA, USA",,42099.0,PA,Name14615982,False,False,True,Medium
USA,Micro,Finance,Insurance,"Perry, PA, USA",,42099.0,PA,Name14615985,True,True,False,Low
USA,Micro,Finance,Insurance,"Perry, PA, USA",,42099.0,PA,Name14615986,False,False,True,Medium
USA,Micro,Finance,Insurance,"Perry, PA, USA",,42099.0,PA,Name14615987,True,True,False,High
USA,Micro,Finance,Insurance,"Perry, PA, USA",,42099.0,PA,Name14615988,True,False,False,Medium
USA,Micro,Finance,Insurance,"Perry, PA, USA",,42099.0,PA,Name14615989,False,True,False,Low
USA,Micro,Finance,Insurance,"Perry, PA, USA",,42099.0,PA,Name14615990,True,False,False,Medium
USA,Micro,Finance,Insurance,"Perry, PA, USA",,42099.0,PA,Name14615991,True,True,False,Medium
USA,Micro,Finance,Investment Services,"Perry, PA, USA",,42099.0,PA,Name14615992,False,True,False,Low
USA,Micro,Finance,Investment Services,"Perry, PA, USA",,42099.0,PA,Name14615993,False,False,True,High
USA,Micro,Finance,Investment Services,"Perry, PA, USA",,42099.0,PA,Name14615994,False,True,True,Medium
USA,Micro,Finance,Investment Services,"Perry, PA, USA",,42099.0,PA,Name14615995,False,True,True,Low
USA,Micro,Finance,Investment Services,"Perry, PA, USA",,42099.0,PA,Name14615996,False,True,False,Medium
USA,Micro,Finance,Investment Services,"Perry, PA, USA",,42099.0,PA,Name14615997,True,True,False,Severe
USA,Micro,Finance,Investment Services,"Perry, PA, USA",,42099.0,PA,Name14615998,True,False,False,Severe
USA,Micro,Finance,Investment Services,"Perry, PA, USA",,42099.0,PA,Name14615999,True,True,False,High
USA,Micro,Finance,Investment Services,"Perry, PA, USA",,42099.0,PA,Name14616000,True,True,False,Low
USA,Micro,Finance,Investment Services,"Perry, PA, USA",,42099.0,PA,Name14616001,True,True,False,Low
USA,Micro,Finance,Investment Services,"Perry, PA, USA",,42099.0,PA,Name14616002,True,False,False,High
USA,Micro,Finance,Investment Services,"Perry, PA, USA",,42099.0,PA,Name14616003,True,False,False,Low
USA,Micro,Finance,Investment Services,"Perry, PA, USA",,42099.0,PA,Name14616004,False,False,True,High
USA,Micro,Finance,Investment Services,"Perry, PA, USA",,42099.0,PA,Name14616005,False,True,False,Medium
USA,Micro,Finance,Investment Services,"Perry, PA, USA",,42099.0,PA,Name14616006,True,False,False,Medium
USA,Micro,Finance,Investment Services,"Perry, PA, USA",,42099.0,PA,Name14616007,True,False,False,Medium
USA,Micro,Finance,Investment Services,"Perry, PA, USA",,42099.0,PA,Name14616008,True,False,False,Severe
USA,Micro,Finance,Investment Services,"Perry, PA, USA",,42099.0,PA,Name14616010,False,True,True,Severe
USA,Micro,Finance,Investment Services,"Perry, PA, USA",,42099.0,PA,Name14616012,False,False,True,Severe
USA,Micro,Finance,Investment Services,"Perry, PA, USA",,42099.0,PA,Name14616013,False,True,True,Severe
USA,Micro,Finance,Investment Services,"Perry, PA, USA",,42099.0,PA,Name14616014,False,True,True,Low
USA,Micro,Finance,Investment Services,"Perry, PA, USA",,42099.0,PA,Name14616015,True,False,False,Severe
USA,Micro,Finance,Investment Services,"Perry, PA, USA",,42099.0,PA,Name14616016,True,True,False,Severe
USA,Micro,Energy,Oil & Gas,"Perry, PA, USA",,42099.0,PA,Name14616017,True,True,False,High
USA,Micro,Energy,Oil & Gas,"Perry, PA, USA",,42099.0,PA,Name14616019,False,True,False,High
USA,Micro,Energy,Oil & Gas,"Perry, PA, USA",,42099.0,PA,Name14616020,False,True,True,Medium
USA,Micro,Energy,Oil & Gas,"Perry, PA, USA",,42099.0,PA,Name14616021,True,False,False,Low
USA,Micro,Energy,Oil & Gas,"Perry, PA, USA",,42099.0,PA,Name14616022,False,False,True,High
USA,Micro,Energy,Oil & Gas,"Perry, PA, USA",,42099.0,PA,Name14616023,True,False,False,High
USA,Micro,Energy,Oil & Gas,"Perry, PA, USA",,42099.0,PA,Name14616024,False,False,True,Medium
USA,Micro,Energy,Oil & Gas,"Perry, PA, USA",,42099.0,PA,Name14616025,True,False,False,Severe
USA,Micro,Energy,Oil & Gas,"Perry, PA, USA",,42099.0,PA,Name14616026,True,False,False,Low
USA,Micro,Energy,Oil & Gas,"Perry, PA, USA",,42099.0,PA,Name14616027,False,True,False,Low
USA,Micro,Energy,Oil & Gas,"Perry, PA, USA",,42099.0,PA,Name14616029,True,True,False,Low
USA,Micro,Energy,Oil & Gas,"Perry, PA, USA",,42099.0,PA,Name14616030,False,False,True,High
USA,Micro,Energy,Oil & Gas,"Perry, PA, USA",,42099.0,PA,Name14616032,True,True,False,Low
USA,Micro,Energy,Oil & Gas,"Perry, PA, USA",,42099.0,PA,Name14616033,False,True,True,High
USA,Micro,Energy,Oil & Gas,"Perry, PA, USA",,42099.0,PA,Name14616034,True,True,False,Severe
USA,Micro,Energy,Oil & Gas,"Perry, PA, USA",,42099.0,PA,Name14616037,True,True,False,Medium
USA,Micro,Energy,Oil & Gas,"Perry, PA, USA",,42099.0,PA,Name14616039,False,False,True,Severe
USA,Micro,Energy,Oil & Gas,"Perry, PA, USA",,42099.0,PA,Name14616041,True,True,False,Medium
USA,Micro,Energy,Oil & Gas,"Perry, PA, USA",,42099.0,PA,Name14616043,False,True,True,Severe
USA,Micro,Energy,Oil & Gas,"Perry, PA, USA",,42099.0,PA,Name14616044,True,False,False,Low
USA,Micro,Energy,Oil & Gas,"Perry, PA, USA",,42099.0,PA,Name14616045,True,True,False,High
USA,Micro,Energy,Oil & Gas,"Perry, PA, USA",,42099.0,PA,Name14616046,True,False,False,Medium
USA,Micro,Energy,Oil & Gas,"Perry, PA, USA",,42099.0,PA,Name14616048,False,True,False,Medium
USA,Micro,Energy,Oil & Gas,"Perry, PA, USA",,42099.0,PA,Name14616049,False,True,False,Medium
USA,Micro,Energy,Renewable Energy,"Perry, PA, USA",,42099.0,PA,Name14616050,True,True,False,High
USA,Micro,Energy,Renewable Energy,"Perry, PA, USA",,42099.0,PA,Name14616051,True,False,False,Severe
USA,Micro,Energy,Renewable Energy,"Perry, PA, USA",,42099.0,PA,Name14616052,False,True,True,Medium
USA,Micro,Energy,Renewable Energy,"Perry, PA, USA",,42099.0,PA,Name14616053,True,True,False,Severe
USA,Micro,Energy,Renewable Energy,"Perry, PA, USA",,42099.0,PA,Name14616055,True,True,False,Medium
USA,Micro,Energy,Renewable Energy,"Perry, PA, USA",,42099.0,PA,Name14616058,True,True,False,Medium
USA,Micro,Energy,Renewable Energy,"Perry, PA, USA",,42099.0,PA,Name14616059,True,False,False,Low
USA,Micro,Energy,Renewable Energy,"Perry, PA, USA",,42099.0,PA,Name14616060,True,False,False,Medium
USA,Micro,Energy,Renewable Energy,"Perry, PA, USA",,42099.0,PA,Name14616061,True,True,False,Low
USA,Micro,Energy,Renewable Energy,"Perry, PA, USA",,42099.0,PA,Name14616062,False,True,True,Severe
USA,Micro,Energy,Renewable Energy,"Perry, PA, USA",,42099.0,PA,Name14616063,False,True,False,Severe
USA,Micro,Energy,Renewable Energy,"Perry, PA, USA",,42099.0,PA,Name14616065,True,False,False,Medium
USA,Micro,Energy,Energy Exploration,"Perry, PA, USA",,42099.0,PA,Name14616066,False,True,True,High
USA,Micro,Energy,Energy Exploration,"Perry, PA, USA",,42099.0,PA,Name14616068,False,False,True,High
USA,Micro,Energy,Energy Exploration,"Perry, PA, USA",,42099.0,PA,Name14616069,False,True,False,Medium
USA,Micro,Energy,Energy Exploration,"Perry, PA, USA",,42099.0,PA,Name14616070,True,True,False,Medium
USA,Micro,Energy,Energy Exploration,"Perry, PA, USA",,42099.0,PA,Name14616071,True,True,False,Severe
USA,Micro,Energy,Energy Exploration,"Perry, PA, USA",,42099.0,PA,Name14616072,True,False,False,Low
USA,Micro,Energy,Energy Exploration,"Perry, PA, USA",,42099.0,PA,Name14616073,True,True,False,Medium
USA,Micro,Energy,Energy Exploration,"Perry, PA, USA",,42099.0,PA,Name14616074,False,True,False,Severe
USA,Micro,Energy,Energy Exploration,"Perry, PA, USA",,42099.0,PA,Name14616075,False,True,False,Medium
USA,Micro,Energy,Energy Exploration,"Perry, PA, USA",,42099.0,PA,Name14616076,True,True,False,Medium
USA,Micro,Energy,Energy Exploration,"Perry, PA, USA",,42099.0,PA,Name14616077,False,True,True,Low
USA,Micro,Energy,Energy Exploration,"Perry, PA, USA",,42099.0,PA,Name14616078,False,False,True,Low
USA,Micro,Energy,Energy Exploration,"Perry, PA, USA",,42099.0,PA,Name14616079,True,True,False,Severe
USA,Micro,Energy,Energy Exploration,"Perry, PA, USA",,42099.0,PA,Name14616081,True,True,False,Severe
USA,Micro,Energy,Energy Exploration,"Perry, PA, USA",,42099.0,PA,Name14616082,False,True,True,Medium
USA,Micro,Energy,Energy Exploration,"Perry, PA, USA",,42099.0,PA,Name14616084,False,True,False,Severe
USA,Micro,Energy,Energy Exploration,"Perry, PA, USA",,42099.0,PA,Name14616085,True,True,False,High
USA,Micro,Energy,Energy Exploration,"Perry, PA, USA",,42099.0,PA,Name14616086,True,True,False,Low
USA,Micro,Energy,Energy Exploration,"Perry, PA, USA",,42099.0,PA,Name14616087,True,True,False,Medium
USA,Micro,Energy,Energy Exploration,"Perry, PA, USA",,42099.0,PA,Name14616088,False,True,False,High
USA,Micro,Energy,Energy Exploration,"Perry, PA, USA",,42099.0,PA,Name14616089,True,True,False,High
USA,Micro,Energy,Energy Exploration,"Perry, PA, USA",,42099.0,PA,Name14616090,False,False,True,Severe
USA,Micro,Consumer Goods,Food & Beverage,"Perry, PA, USA",,42099.0,PA,Name14616091,True,True,False,Severe
USA,Micro,Consumer Goods,Food & Beverage,"Perry, PA, USA",,42099.0,PA,Name14616092,False,False,True,Severe
USA,Micro,Consumer Goods,Food & Beverage,"Perry, PA, USA",,42099.0,PA,Name14616093,True,True,False,High
USA,Micro,Consumer Goods,Food & Beverage,"Perry, PA, USA",,42099.0,PA,Name14616094,False,False,True,Low
USA,Micro,Consumer Goods,Food & Beverage,"Perry, PA, USA",,42099.0,PA,Name14616095,True,True,False,Low
USA,Micro,Consumer Goods,Food & Beverage,"Perry, PA, USA",,42099.0,PA,Name14616096,True,True,False,High
USA,Micro,Consumer Goods,Food & Beverage,"Perry, PA, USA",,42099.0,PA,Name14616097,True,False,False,Low
USA,Micro,Consumer Goods,Food & Beverage,"Perry, PA, USA",,42099.0,PA,Name14616098,False,False,True,High
USA,Micro,Consumer Goods,Household Products,"Perry, PA, USA",,42099.0,PA,Name14616099,False,False,True,Low
USA,Micro,Consumer Goods,Household Products,"Perry, PA, USA",,42099.0,PA,Name14616100,True,False,False,Severe
USA,Micro,Consumer Goods,Household Products,"Perry, PA, USA",,42099.0,PA,Name14616101,False,True,True,Low
USA,Micro,Consumer Goods,Household Products,"Perry, PA, USA",,42099.0,PA,Name14616102,True,True,False,Low
USA,Micro,Consumer Goods,Household Products,"Perry, PA, USA",,42099.0,PA,Name14616103,True,True,False,Medium
USA,Micro,Consumer Goods,Household Products,"Perry, PA, USA",,42099.0,PA,Name14616104,False,True,False,Low
USA,Micro,Consumer Goods,Household Products,"Perry, PA, USA",,42099.0,PA,Name14616105,False,False,True,Medium
USA,Micro,Consumer Goods,Household Products,"Perry, PA, USA",,42099.0,PA,Name14616106,False,True,True,High
USA,Micro,Consumer Goods,Household Products,"Perry, PA, USA",,42099.0,PA,Name14616107,False,True,True,Medium
USA,Micro,Consumer Goods,Household Products,"Perry, PA, USA",,42099.0,PA,Name14616108,True,False,False,Medium
USA,Micro,Consumer Goods,Apparel,"Perry, PA, USA",,42099.0,PA,Name14616109,False,True,False,Low
USA,Micro,Consumer Goods,Apparel,"Perry, PA, USA",,42099.0,PA,Name14616110,False,True,True,Medium
USA,Micro,Consumer Goods,Apparel,"Perry, PA, USA",,42099.0,PA,Name14616111,True,False,False,Medium
USA,Micro,Consumer Goods,Apparel,"Perry, PA, USA",,42099.0,PA,Name14616112,True,True,False,Severe
USA,Micro,Consumer Goods,Apparel,"Perry, PA, USA",,42099.0,PA,Name14616113,True,True,False,Medium
USA,Micro,Consumer Goods,Apparel,"Perry, PA, USA",,42099.0,PA,Name14616114,True,False,False,Low
USA,Micro,Consumer Goods,Apparel,"Perry, PA, USA",,42099.0,PA,Name14616115,True,False,False,High
USA,Micro,Consumer Goods,Apparel,"Perry, PA, USA",,42099.0,PA,Name14616116,True,True,False,High
USA,Micro,Consumer Goods,Apparel,"Perry, PA, USA",,42099.0,PA,Name14616117,False,True,True,Low
USA,Micro,Consumer Goods,Apparel,"Perry, PA, USA",,42099.0,PA,Name14616118,True,True,False,High
USA,Micro,Consumer Goods,Apparel,"Perry, PA, USA",,42099.0,PA,Name14616119,False,True,False,Low
USA,Micro,Consumer Goods,Apparel,"Perry, PA, USA",,42099.0,PA,Name14616120,False,False,True,High
USA,Micro,Consumer Goods,Apparel,"Perry, PA, USA",,42099.0,PA,Name14616121,True,True,False,Low
USA,Micro,Consumer Goods,Apparel,"Perry, PA, USA",,42099.0,PA,Name14616122,False,True,True,Severe
USA,Micro,Consumer Goods,Apparel,"Perry, PA, USA",,42099.0,PA,Name14616123,True,False,False,Severe
USA,Micro,Consumer Goods,Apparel,"Perry, PA, USA",,42099.0,PA,Name14616124,True,True,False,Low
USA,Micro,Consumer Goods,Apparel,"Perry, PA, USA",,42099.0,PA,Name14616125,True,True,False,High
USA,Micro,Consumer Goods,Apparel,"Perry, PA, USA",,42099.0,PA,Name14616126,True,True,False,Medium
USA,Micro,Consumer Goods,Apparel,"Perry, PA, USA",,42099.0,PA,Name14616127,True,False,False,Medium
USA,Micro,Consumer Goods,Apparel,"Perry, PA, USA",,42099.0,PA,Name14616128,False,True,True,Low
USA,Micro,Consumer Goods,Apparel,"Perry, PA, USA",,42099.0,PA,Name14616129,True,True,False,Low
USA,Micro,Consumer Goods,Apparel,"Perry, PA, USA",,42099.0,PA,Name14616131,True,True,False,Medium
USA,Micro,Consumer Goods,Apparel,"Perry, PA, USA",,42099.0,PA,Name14616132,False,True,False,Medium
USA,Micro,Consumer Goods,Apparel,"Perry, PA, USA",,42099.0,PA,Name14616133,False,True,False,Severe
USA,Micro,Consumer Goods,Apparel,"Perry, PA, USA",,42099.0,PA,Name14616134,True,True,False,High
USA,Micro,Consumer Goods,Apparel,"Perry, PA, USA",,42099.0,PA,Name14616135,True,False,False,Medium
USA,Micro,Consumer Goods,Apparel,"Perry, PA, USA",,42099.0,PA,Name14616136,False,False,True,Low
USA,Micro,Consumer Goods,Apparel,"Perry, PA, USA",,42099.0,PA,Name14616138,True,False,False,High
USA,Micro,Consumer Goods,Apparel,"Perry, PA, USA",,42099.0,PA,Name14616139,True,True,False,High
USA,Micro,Utilities,Electric,"Perry, PA, USA",,42099.0,PA,Name14616140,False,True,True,Low
USA,Micro,Utilities,Electric,"Perry, PA, USA",,42099.0,PA,Name14616141,False,True,True,High
USA,Micro,Utilities,Electric,"Perry, PA, USA",,42099.0,PA,Name14616142,False,True,False,High
USA,Micro,Utilities,Electric,"Perry, PA, USA",,42099.0,PA,Name14616144,True,True,False,High
USA,Micro,Utilities,Electric,"Perry, PA, USA",,42099.0,PA,Name14616145,False,False,True,Medium
USA,Micro,Utilities,Electric,"Perry, PA, USA",,42099.0,PA,Name14616146,True,True,False,Medium
USA,Micro,Utilities,Electric,"Perry, PA, USA",,42099.0,PA,Name14616147,False,True,True,Low
USA,Micro,Utilities,Electric,"Perry, PA, USA",,42099.0,PA,Name14616148,True,True,False,High
USA,Micro,Utilities,Electric,"Perry, PA, USA",,42099.0,PA,Name14616149,True,False,False,Low
USA,Micro,Utilities,Electric,"Perry, PA, USA",,42099.0,PA,Name14616150,False,True,True,High
USA,Micro,Utilities,Electric,"Perry, PA, USA",,42099.0,PA,Name14616151,True,True,False,Low
USA,Micro,Utilities,Electric,"Perry, PA, USA",,42099.0,PA,Name14616152,False,False,True,Low
USA,Micro,Utilities,Electric,"Perry, PA, USA",,42099.0,PA,Name14616153,False,True,True,Low
USA,Micro,Utilities,Electric,"Perry, PA, USA",,42099.0,PA,Name14616154,False,True,True,Severe
USA,Micro,Utilities,Electric,"Perry, PA, USA",,42099.0,PA,Name14616155,False,False,True,Medium
USA,Micro,Utilities,Electric,"Perry, PA, USA",,42099.0,PA,Name14616156,True,True,False,Medium
USA,Micro,Utilities,Electric,"Perry, PA, USA",,42099.0,PA,Name14616158,True,True,False,High
USA,Micro,Utilities,Electric,"Perry, PA, USA",,42099.0,PA,Name14616159,False,True,True,Low
USA,Micro,Utilities,Electric,"Perry, PA, USA",,42099.0,PA,Name14616160,False,False,True,High
USA,Micro,Utilities,Electric,"Perry, PA, USA",,42099.0,PA,Name14616161,False,True,True,Low
USA,Micro,Utilities,Electric,"Perry, PA, USA",,42099.0,PA,Name14616162,False,False,True,Severe
USA,Micro,Utilities,Electric,"Perry, PA, USA",,42099.0,PA,Name14616163,False,True,True,High
USA,Micro,Utilities,Electric,"Perry, PA, USA",,42099.0,PA,Name14616164,True,True,False,Low
USA,Micro,Utilities,Electric,"Perry, PA, USA",,42099.0,PA,Name14616166,True,False,False,High
USA,Micro,Utilities,Electric,"Perry, PA, USA",,42099.0,PA,Name14616167,True,True,False,High
USA,Micro,Utilities,Electric,"Perry, PA, USA",,42099.0,PA,Name14616168,False,True,False,Medium
USA,Micro,Utilities,Electric,"Perry, PA, USA",,42099.0,PA,Name14616169,False,True,False,High
USA,Micro,Utilities,Electric,"Perry, PA, USA",,42099.0,PA,Name14616170,False,False,True,Medium
USA,Micro,Utilities,Electric,"Perry, PA, USA",,42099.0,PA,Name14616172,True,False,False,Medium
USA,Micro,Utilities,Electric,"Perry, PA, USA",,42099.0,PA,Name14616173,True,True,False,High
USA,Micro,Utilities,Electric,"Perry, PA, USA",,42099.0,PA,Name14616174,True,True,False,Severe
USA,Micro,Utilities,Water,"Perry, PA, USA",,42099.0,PA,Name14616175,True,True,False,Medium
USA,Micro,Utilities,Water,"Perry, PA, USA",,42099.0,PA,Name14616176,True,True,False,Severe
USA,Micro,Utilities,Water,"Perry, PA, USA",,42099.0,PA,Name14616177,True,True,False,High
USA,Micro,Utilities,Water,"Perry, PA, USA",,42099.0,PA,Name14616178,True,True,False,High
USA,Micro,Utilities,Water,"Perry, PA, USA",,42099.0,PA,Name14616179,False,False,True,Low
USA,Micro,Utilities,Water,"Perry, PA, USA",,42099.0,PA,Name14616180,True,False,False,Low
USA,Micro,Utilities,Water,"Perry, PA, USA",,42099.0,PA,Name14616181,False,True,False,Medium
USA,Micro,Utilities,Water,"Perry, PA, USA",,42099.0,PA,Name14616182,True,False,False,Severe
USA,Micro,Utilities,Water,"Perry, PA, USA",,42099.0,PA,Name14616183,True,True,False,Severe
USA,Micro,Utilities,Water,"Perry, PA, USA",,42099.0,PA,Name14616184,False,False,True,Medium
USA,Micro,Utilities,Water,"Perry, PA, USA",,42099.0,PA,Name14616185,False,False,True,Low
USA,Micro,Utilities,Water,"Perry, PA, USA",,42099.0,PA,Name14616186,True,True,False,Severe
USA,Micro,Utilities,Water,"Perry, PA, USA",,42099.0,PA,Name14616187,False,True,True,Medium
USA,Micro,Utilities,Water,"Perry, PA, USA",,42099.0,PA,Name14616188,False,True,True,High
USA,Micro,Utilities,Water,"Perry, PA, USA",,42099.0,PA,Name14616189,True,False,False,High
USA,Micro,Utilities,Water,"Perry, PA, USA",,42099.0,PA,Name14616190,True,False,False,Severe
USA,Micro,Utilities,Water,"Perry, PA, USA",,42099.0,PA,Name14616191,True,True,False,High
USA,Micro,Utilities,Water,"Perry, PA, USA",,42099.0,PA,Name14616194,True,True,False,Low
USA,Micro,Utilities,Water,"Perry, PA, USA",,42099.0,PA,Name14616196,False,True,False,High
USA,Micro,Utilities,Water,"Perry, PA, USA",,42099.0,PA,Name14616197,False,True,False,High
USA,Micro,Utilities,Water,"Perry, PA, USA",,42099.0,PA,Name14616198,False,False,True,Severe
USA,Micro,Utilities,Water,"Perry, PA, USA",,42099.0,PA,Name14616199,True,False,False,Severe
USA,Micro,Utilities,Water,"Perry, PA, USA",,42099.0,PA,Name14616200,True,True,False,High
USA,Micro,Utilities,Water,"Perry, PA, USA",,42099.0,PA,Name14616201,True,False,False,Severe
USA,Micro,Utilities,Water,"Perry, PA, USA",,42099.0,PA,Name14616202,True,False,False,Low
USA,Micro,Utilities,Water,"Perry, PA, USA",,42099.0,PA,Name14616203,False,False,True,High
USA,Micro,Utilities,Water,"Perry, PA, USA",,42099.0,PA,Name14616204,True,True,False,High
USA,Micro,Utilities,Water,"Perry, PA, USA",,42099.0,PA,Name14616205,True,True,False,Medium
USA,Micro,Utilities,Water,"Perry, PA, USA",,42099.0,PA,Name14616206,True,False,False,Low
USA,Micro,Utilities,Water,"Perry, PA, USA",,42099.0,PA,Name14616207,False,True,True,Low
USA,Micro,Utilities,Water,"Perry, PA, USA",,42099.0,PA,Name14616208,False,True,False,High
USA,Micro,Utilities,Water,"Perry, PA, USA",,42099.0,PA,Name14616210,True,True,False,Low
USA,Micro,Utilities,Water,"Perry, PA, USA",,42099.0,PA,Name14616211,True,False,False,Medium
USA,Micro,Utilities,Water,"Perry, PA, USA",,42099.0,PA,Name14616212,True,True,False,Severe
USA,Micro,Utilities,Water,"Perry, PA, USA",,42099.0,PA,Name14616213,False,True,True,High
USA,Micro,Utilities,Water,"Perry, PA, USA",,42099.0,PA,Name14616214,True,False,False,High
USA,Micro,Utilities,Water,"Perry, PA, USA",,42099.0,PA,Name14616215,False,True,False,Severe
USA,Micro,Utilities,Water,"Perry, PA, USA",,42099.0,PA,Name14616216,False,True,True,Medium
USA,Micro,Utilities,Water,"Perry, PA, USA",,42099.0,PA,Name14616217,True,True,False,Low
USA,Micro,Utilities,Water,"Perry, PA, USA",,42099.0,PA,Name14616218,True,True,False,Low
USA,Micro,Utilities,Water,"Perry, PA, USA",,42099.0,PA,Name14616219,False,True,False,Severe
USA,Micro,Utilities,Water,"Perry, PA, USA",,42099.0,PA,Name14616220,True,False,False,High
USA,Micro,Utilities,Water,"Perry, PA, USA",,42099.0,PA,Name14616221,True,True,False,High
USA,Micro,Utilities,Water,"Perry, PA, USA",,42099.0,PA,Name14616222,True,True,False,Low
USA,Micro,Utilities,Gas,"Perry, PA, USA",,42099.0,PA,Name14616225,True,False,False,Severe
USA,Micro,Utilities,Gas,"Perry, PA, USA",,42099.0,PA,Name14616226,True,True,False,Medium
USA,Micro,Utilities,Gas,"Perry, PA, USA",,42099.0,PA,Name14616227,False,False,True,High
USA,Micro,Utilities,Gas,"Perry, PA, USA",,42099.0,PA,Name14616228,True,False,False,Low
USA,Micro,Utilities,Gas,"Perry, PA, USA",,42099.0,PA,Name14616229,False,True,True,Medium
USA,Micro,Utilities,Gas,"Perry, PA, USA",,42099.0,PA,Name14616230,True,False,False,High
USA,Micro,Utilities,Gas,"Perry, PA, USA",,42099.0,PA,Name14616231,False,True,False,Medium
USA,Micro,Utilities,Gas,"Perry, PA, USA",,42099.0,PA,Name14616232,True,False,False,Medium
USA,Micro,Utilities,Gas,"Perry, PA, USA",,42099.0,PA,Name14616233,False,False,True,High
USA,Micro,Utilities,Gas,"Perry, PA, USA",,42099.0,PA,Name14616235,False,True,False,Low
USA,Micro,Utilities,Gas,"Perry, PA, USA",,42099.0,PA,Name14616236,True,False,False,Severe
USA,Micro,Utilities,Gas,"Perry, PA, USA",,42099.0,PA,Name14616238,False,True,False,High
USA,Micro,Utilities,Gas,"Perry, PA, USA",,42099.0,PA,Name14616239,True,False,False,Low
USA,Micro,Utilities,Gas,"Perry, PA, USA",,42099.0,PA,Name14616240,True,True,False,Severe
USA,Micro,Utilities,Gas,"Perry, PA, USA",,42099.0,PA,Name14616241,True,False,False,Medium
USA,Micro,Utilities,Gas,"Perry, PA, USA",,42099.0,PA,Name14616242,False,True,False,Severe
USA,Micro,Utilities,Gas,"Perry, PA, USA",,42099.0,PA,Name14616243,True,False,False,Low
USA,Micro,Utilities,Gas,"Perry, PA, USA",,42099.0,PA,Name14616244,False,True,True,Low
USA,Micro,Utilities,Gas,"Perry, PA, USA",,42099.0,PA,Name14616245,True,True,False,Medium
USA,Micro,Utilities,Gas,"Perry, PA, USA",,42099.0,PA,Name14616246,True,False,False,High
USA,Micro,Utilities,Gas,"Perry, PA, USA",,42099.0,PA,Name14616248,False,False,True,Severe
USA,Micro,Utilities,Gas,"Perry, PA, USA",,42099.0,PA,Name14616249,False,True,False,Severe
USA,Micro,Utilities,Gas,"Perry, PA, USA",,42099.0,PA,Name14616250,True,True,False,High
USA,Micro,Utilities,Gas,"Perry, PA, USA",,42099.0,PA,Name14616251,True,False,False,High
USA,Micro,Utilities,Gas,"Perry, PA, USA",,42099.0,PA,Name14616252,False,False,True,Medium
USA,Micro,Utilities,Gas,"Perry, PA, USA",,42099.0,PA,Name14616253,False,True,True,High
USA,Micro,Utilities,Gas,"Perry, PA, USA",,42099.0,PA,Name14616254,False,True,False,Medium
USA,Micro,Utilities,Gas,"Perry, PA, USA",,42099.0,PA,Name14616255,False,False,True,Low
USA,Micro,Utilities,Gas,"Perry, PA, USA",,42099.0,PA,Name14616256,False,True,False,Medium
USA,Micro,Utilities,Gas,"Perry, PA, USA",,42099.0,PA,Name14616257,True,False,False,High
USA,Micro,Utilities,Gas,"Perry, PA, USA",,42099.0,PA,Name14616258,False,True,False,Low
USA,Micro,Utilities,Gas,"Perry, PA, USA",,42099.0,PA,Name14616259,False,True,False,High
USA,Micro,Utilities,Gas,"Perry, PA, USA",,42099.0,PA,Name14616260,True,False,False,Low
USA,Micro,Utilities,Gas,"Perry, PA, USA",,42099.0,PA,Name14616261,False,True,True,Low
USA,Micro,Utilities,Gas,"Perry, PA, USA",,42099.0,PA,Name14616262,True,True,False,Low
USA,Micro,Utilities,Gas,"Perry, PA, USA",,42099.0,PA,Name14616263,True,True,False,Severe
USA,Micro,Utilities,Gas,"Perry, PA, USA",,42099.0,PA,Name14616264,True,True,False,Medium
USA,Micro,Utilities,Gas,"Perry, PA, USA",,42099.0,PA,Name14616266,True,False,False,Low
USA,Micro,Utilities,Gas,"Perry, PA, USA",,42099.0,PA,Name14616268,True,True,False,High
USA,Micro,Utilities,Gas,"Perry, PA, USA",,42099.0,PA,Name14616269,True,True,False,Low
USA,Micro,Utilities,Gas,"Perry, PA, USA",,42099.0,PA,Name14616270,True,True,False,Severe
USA,Micro,Utilities,Gas,"Perry, PA, USA",,42099.0,PA,Name14616271,True,True,False,Low
USA,Micro,Real Estate,Residential,"Perry, PA, USA",,42099.0,PA,Name14616272,False,True,False,High
USA,Micro,Real Estate,Residential,"Perry, PA, USA",,42099.0,PA,Name14616274,True,False,False,High
USA,Micro,Real Estate,Residential,"Perry, PA, USA",,42099.0,PA,Name14616275,False,True,True,High
USA,Micro,Real Estate,Residential,"Perry, PA, USA",,42099.0,PA,Name14616276,False,True,False,Low
USA,Micro,Real Estate,Residential,"Perry, PA, USA",,42099.0,PA,Name14616277,False,True,True,Low
USA,Micro,Real Estate,Residential,"Perry, PA, USA",,42099.0,PA,Name14616278,False,False,True,High
USA,Micro,Real Estate,Residential,"Perry, PA, USA",,42099.0,PA,Name14616279,True,True,False,Medium
USA,Micro,Real Estate,Residential,"Perry, PA, USA",,42099.0,PA,Name14616280,True,True,False,Severe
USA,Micro,Real Estate,Residential,"Perry, PA, USA",,42099.0,PA,Name14616283,True,True,False,High
USA,Micro,Real Estate,Residential,"Perry, PA, USA",,42099.0,PA,Name14616284,False,True,True,High
USA,Micro,Real Estate,Residential,"Perry, PA, USA",,42099.0,PA,Name14616285,False,True,True,Low
USA,Micro,Real Estate,Residential,"Perry, PA, USA",,42099.0,PA,Name14616286,False,False,True,Low
USA,Micro,Real Estate,Residential,"Perry, PA, USA",,42099.0,PA,Name14616287,True,True,False,Medium
USA,Micro,Real Estate,Residential,"Perry, PA, USA",,42099.0,PA,Name14616288,False,True,True,Medium
USA,Micro,Real Estate,Residential,"Perry, PA, USA",,42099.0,PA,Name14616289,True,True,False,Severe
USA,Micro,Real Estate,Residential,"Perry, PA, USA",,42099.0,PA,Name14616290,False,True,False,Low
USA,Micro,Real Estate,Residential,"Perry, PA, USA",,42099.0,PA,Name14616291,False,True,False,Low
USA,Micro,Real Estate,Residential,"Perry, PA, USA",,42099.0,PA,Name14616292,False,True,True,Low
USA,Micro,Real Estate,Residential,"Perry, PA, USA",,42099.0,PA,Name14616293,True,False,False,High
USA,Micro,Real Estate,Residential,"Perry, PA, USA",,42099.0,PA,Name14616294,True,False,False,Severe
USA,Micro,Real Estate,Residential,"Perry, PA, USA",,42099.0,PA,Name14616295,True,False,False,Medium
USA,Micro,Real Estate,Residential,"Perry, PA, USA",,42099.0,PA,Name14616297,True,False,False,Low
USA,Micro,Real Estate,Residential,"Perry, PA, USA",,42099.0,PA,Name14616299,True,False,False,Medium
USA,Micro,Real Estate,Commercial,"Perry, PA, USA",,42099.0,PA,Name14616300,False,True,True,High
USA,Micro,Real Estate,Commercial,"Perry, PA, USA",,42099.0,PA,Name14616302,False,True,True,Severe
USA,Micro,Real Estate,Commercial,"Perry, PA, USA",,42099.0,PA,Name14616303,True,False,False,Severe
USA,Micro,Real Estate,Commercial,"Perry, PA, USA",,42099.0,PA,Name14616304,False,False,True,Severe
USA,Micro,Real Estate,Commercial,"Perry, PA, USA",,42099.0,PA,Name14616305,False,False,True,Low
USA,Micro,Real Estate,Commercial,"Perry, PA, USA",,42099.0,PA,Name14616306,True,True,False,Severe
USA,Micro,Real Estate,Commercial,"Perry, PA, USA",,42099.0,PA,Name14616307,True,True,False,Severe
USA,Micro,Real Estate,Commercial,"Perry, PA, USA",,42099.0,PA,Name14616308,True,False,False,High
USA,Micro,Real Estate,Commercial,"Perry, PA, USA",,42099.0,PA,Name14616309,True,True,False,Severe
USA,Micro,Real Estate,Commercial,"Perry, PA, USA",,42099.0,PA,Name14616310,True,True,False,Low
USA,Micro,Real Estate,Commercial,"Perry, PA, USA",,42099.0,PA,Name14616311,False,False,True,Low
USA,Micro,Real Estate,Commercial,"Perry, PA, USA",,42099.0,PA,Name14616312,True,False,False,Severe
USA,Micro,Real Estate,Commercial,"Perry, PA, USA",,42099.0,PA,Name14616313,True,True,False,Severe
USA,Micro,Real Estate,Commercial,"Perry, PA, USA",,42099.0,PA,Name14616314,False,True,False,Severe
USA,Micro,Real Estate,Commercial,"Perry, PA, USA",,42099.0,PA,Name14616315,True,False,False,Low
USA,Micro,Real Estate,Commercial,"Perry, PA, USA",,42099.0,PA,Name14616316,True,True,False,Low
USA,Micro,Real Estate,Commercial,"Perry, PA, USA",,42099.0,PA,Name14616317,False,True,True,High
USA,Micro,Real Estate,Commercial,"Perry, PA, USA",,42099.0,PA,Name14616318,True,False,False,Medium
USA,Micro,Real Estate,Commercial,"Perry, PA, USA",,42099.0,PA,Name14616319,True,True,False,High
USA,Micro,Real Estate,Commercial,"Perry, PA, USA",,42099.0,PA,Name14616320,True,False,False,Severe
USA,Micro,Real Estate,Commercial,"Perry, PA, USA",,42099.0,PA,Name14616321,True,False,False,High
USA,Micro,Real Estate,Commercial,"Perry, PA, USA",,42099.0,PA,Name14616322,True,False,False,Severe
USA,Micro,Real Estate,Commercial,"Perry, PA, USA",,42099.0,PA,Name14616323,True,False,False,Low
USA,Micro,Real Estate,Commercial,"Perry, PA, USA",,42099.0,PA,Name14616324,True,True,False,Medium
USA,Micro,Real Estate,Commercial,"Perry, PA, USA",,42099.0,PA,Name14616325,False,True,False,Medium
USA,Micro,Real Estate,Commercial,"Perry, PA, USA",,42099.0,PA,Name14616326,True,False,False,Severe
USA,Micro,Real Estate,Commercial,"Perry, PA, USA",,42099.0,PA,Name14616327,True,False,False,Medium
USA,Micro,Real Estate,Commercial,"Perry, PA, USA",,42099.0,PA,Name14616328,False,True,True,High
USA,Micro,Real Estate,Commercial,"Perry, PA, USA",,42099.0,PA,Name14616329,True,False,False,Medium
USA,Micro,Real Estate,Commercial,"Perry, PA, USA",,42099.0,PA,Name14616330,False,True,True,High
USA,Micro,Real Estate,Commercial,"Perry, PA, USA",,42099.0,PA,Name14616331,True,True,False,Severe
USA,Micro,Real Estate,Commercial,"Perry, PA, USA",,42099.0,PA,Name14616333,False,True,False,Severe
USA,Micro,Real Estate,Commercial,"Perry, PA, USA",,42099.0,PA,Name14616334,True,True,False,High
USA,Micro,Real Estate,Commercial,"Perry, PA, USA",,42099.0,PA,Name14616336,True,True,False,Severe
USA,Micro,Real Estate,Commercial,"Perry, PA, USA",,42099.0,PA,Name14616337,True,True,False,Medium
USA,Micro,Real Estate,Commercial,"Perry, PA, USA",,42099.0,PA,Name14616338,True,False,False,Medium
USA,Micro,Real Estate,Commercial,"Perry, PA, USA",,42099.0,PA,Name14616339,True,True,False,Low
USA,Micro,Real Estate,Commercial,"Perry, PA, USA",,42099.0,PA,Name14616340,True,False,False,Medium
USA,Micro,Real Estate,Commercial,"Perry, PA, USA",,42099.0,PA,Name14616341,False,True,False,Low
USA,Micro,Real Estate,Commercial,"Perry, PA, USA",,42099.0,PA,Name14616342,True,False,False,Low
USA,Micro,Real Estate,Commercial,"Perry, PA, USA",,42099.0,PA,Name14616343,False,True,False,Medium
USA,Micro,Real Estate,Industrial,"Perry, PA, USA",,42099.0,PA,Name14616344,True,False,False,Severe
USA,Micro,Real Estate,Industrial,"Perry, PA, USA",,42099.0,PA,Name14616345,True,False,False,High
USA,Micro,Real Estate,Industrial,"Perry, PA, USA",,42099.0,PA,Name14616346,False,True,True,High
USA,Micro,Real Estate,Industrial,"Perry, PA, USA",,42099.0,PA,Name14616347,False,True,True,Medium
USA,Micro,Real Estate,Industrial,"Perry, PA, USA",,42099.0,PA,Name14616348,True,False,False,Low
USA,Micro,Real Estate,Industrial,"Perry, PA, USA",,42099.0,PA,Name14616349,True,False,False,Medium
USA,Micro,Real Estate,Industrial,"Perry, PA, USA",,42099.0,PA,Name14616350,True,True,False,Severe
USA,Micro,Telecommunications,Mobile,"Perry, PA, USA",,42099.0,PA,Name14616351,False,False,True,Low
USA,Micro,Telecommunications,Mobile,"Perry, PA, USA",,42099.0,PA,Name14616352,False,False,True,Severe
USA,Micro,Telecommunications,Mobile,"Perry, PA, USA",,42099.0,PA,Name14616353,True,False,False,Severe
USA,Micro,Telecommunications,Mobile,"Perry, PA, USA",,42099.0,PA,Name14616354,False,True,False,Medium
USA,Micro,Telecommunications,Mobile,"Perry, PA, USA",,42099.0,PA,Name14616355,False,True,True,Medium
USA,Micro,Telecommunications,Mobile,"Perry, PA, USA",,42099.0,PA,Name14616356,True,True,False,Severe
USA,Micro,Telecommunications,Broadband,"Perry, PA, USA",,42099.0,PA,Name14616358,True,False,False,High
USA,Micro,Telecommunications,Broadband,"Perry, PA, USA",,42099.0,PA,Name14616359,True,False,False,High
USA,Micro,Telecommunications,Broadband,"Perry, PA, USA",,42099.0,PA,Name14616360,False,False,True,Severe
USA,Micro,Telecommunications,Broadband,"Perry, PA, USA",,42099.0,PA,Name14616361,True,True,False,Severe
USA,Micro,Telecommunications,Broadband,"Perry, PA, USA",,42099.0,PA,Name14616362,True,True,False,Severe
USA,Micro,Telecommunications,Broadband,"Perry, PA, USA",,42099.0,PA,Name14616363,True,False,False,Low
USA,Micro,Telecommunications,Broadband,"Perry, PA, USA",,42099.0,PA,Name14616364,False,False,True,Low
USA,Micro,Telecommunications,Broadband,"Perry, PA, USA",,42099.0,PA,Name14616365,True,False,False,Medium
USA,Micro,Telecommunications,Broadband,"Perry, PA, USA",,42099.0,PA,Name14616366,False,True,True,Severe
USA,Micro,Telecommunications,Broadband,"Perry, PA, USA",,42099.0,PA,Name14616367,True,True,False,Medium
USA,Micro,Telecommunications,Broadband,"Perry, PA, USA",,42099.0,PA,Name14616369,True,False,False,Severe
USA,Micro,Telecommunications,Broadband,"Perry, PA, USA",,42099.0,PA,Name14616370,True,True,False,Severe
USA,Micro,Telecommunications,Broadband,"Perry, PA, USA",,42099.0,PA,Name14616371,True,False,False,High
USA,Micro,Telecommunications,Broadband,"Perry, PA, USA",,42099.0,PA,Name14616372,False,True,False,Low
USA,Micro,Telecommunications,Broadband,"Perry, PA, USA",,42099.0,PA,Name14616373,False,False,True,Severe
USA,Micro,Telecommunications,Broadband,"Perry, PA, USA",,42099.0,PA,Name14616374,True,False,False,High
USA,Micro,Telecommunications,Broadband,"Perry, PA, USA",,42099.0,PA,Name14616375,False,False,True,Medium
USA,Micro,Telecommunications,Broadband,"Perry, PA, USA",,42099.0,PA,Name14616377,True,True,False,Low
USA,Micro,Telecommunications,Broadband,"Perry, PA, USA",,42099.0,PA,Name14616378,True,True,False,Medium
USA,Micro,Telecommunications,Broadband,"Perry, PA, USA",,42099.0,PA,Name14616379,False,True,True,High
USA,Micro,Telecommunications,Broadband,"Perry, PA, USA",,42099.0,PA,Name14616380,False,True,True,High
USA,Micro,Telecommunications,Broadband,"Perry, PA, USA",,42099.0,PA,Name14616383,True,True,False,High
USA,Micro,Telecommunications,Broadband,"Perry, PA, USA",,42099.0,PA,Name14616384,False,True,False,Severe
USA,Micro,Telecommunications,Broadband,"Perry, PA, USA",,42099.0,PA,Name14616385,False,True,True,Medium
USA,Micro,Telecommunications,Broadband,"Perry, PA, USA",,42099.0,PA,Name14616386,True,False,False,Medium
USA,Micro,Telecommunications,Broadband,"Perry, PA, USA",,42099.0,PA,Name14616387,True,True,False,Medium
USA,Micro,Telecommunications,Broadband,"Perry, PA, USA",,42099.0,PA,Name14616388,True,True,False,Medium
USA,Micro,Telecommunications,Broadband,"Perry, PA, USA",,42099.0,PA,Name14616390,True,False,False,Low
USA,Micro,Telecommunications,Broadband,"Perry, PA, USA",,42099.0,PA,Name14616391,True,True,False,Severe
USA,Micro,Telecommunications,Broadband,"Perry, PA, USA",,42099.0,PA,Name14616392,True,True,False,High
USA,Micro,Telecommunications,Broadband,"Perry, PA, USA",,42099.0,PA,Name14616393,True,False,False,Low
USA,Micro,Telecommunications,Satellite,"Perry, PA, USA",,42099.0,PA,Name14616394,False,True,True,High
USA,Micro,Telecommunications,Satellite,"Perry, PA, USA",,42099.0,PA,Name14616395,False,True,True,High
USA,Micro,Telecommunications,Satellite,"Perry, PA, USA",,42099.0,PA,Name14616396,False,True,True,Severe
USA,Micro,Telecommunications,Satellite,"Perry, PA, USA",,42099.0,PA,Name14616397,True,False,False,Severe
USA,Micro,Telecommunications,Satellite,"Perry, PA, USA",,42099.0,PA,Name14616398,True,True,False,High
USA,Micro,Telecommunications,Satellite,"Perry, PA, USA",,42099.0,PA,Name14616399,False,False,True,Low
USA,Micro,Telecommunications,Satellite,"Perry, PA, USA",,42099.0,PA,Name14616400,False,False,True,Severe
USA,Micro,Telecommunications,Satellite,"Perry, PA, USA",,42099.0,PA,Name14616401,True,False,False,Severe
USA,Micro,Telecommunications,Satellite,"Perry, PA, USA",,42099.0,PA,Name14616402,True,True,False,Severe
USA,Micro,Telecommunications,Satellite,"Perry, PA, USA",,42099.0,PA,Name14616403,True,True,False,Severe
USA,Micro,Telecommunications,Satellite,"Perry, PA, USA",,42099.0,PA,Name14616404,True,False,False,Severe
USA,Micro,Telecommunications,Satellite,"Perry, PA, USA",,42099.0,PA,Name14616406,False,True,True,Severe
USA,Micro,Telecommunications,Satellite,"Perry, PA, USA",,42099.0,PA,Name14616407,True,True,False,High
USA,Micro,Telecommunications,Satellite,"Perry, PA, USA",,42099.0,PA,Name14616408,True,False,False,High
USA,Micro,Telecommunications,Satellite,"Perry, PA, USA",,42099.0,PA,Name14616409,True,False,False,Severe
USA,Micro,Telecommunications,Satellite,"Perry, PA, USA",,42099.0,PA,Name14616411,True,True,False,High
USA,Micro,Telecommunications,Satellite,"Perry, PA, USA",,42099.0,PA,Name14616412,True,False,False,Low
USA,Micro,Telecommunications,Satellite,"Perry, PA, USA",,42099.0,PA,Name14616413,False,True,False,Medium
USA,Micro,Telecommunications,Satellite,"Perry, PA, USA",,42099.0,PA,Name14616414,True,False,False,High
USA,Micro,Telecommunications,Satellite,"Perry, PA, USA",,42099.0,PA,Name14616415,False,True,False,Severe
USA,Micro,Materials,Chemicals,"Perry, PA, USA",,42099.0,PA,Name14616416,False,True,True,Low
USA,Micro,Materials,Chemicals,"Perry, PA, USA",,42099.0,PA,Name14616417,True,False,False,Severe
USA,Micro,Materials,Chemicals,"Perry, PA, USA",,42099.0,PA,Name14616418,False,True,False,Severe
USA,Micro,Materials,Chemicals,"Perry, PA, USA",,42099.0,PA,Name14616420,False,True,False,Low
USA,Micro,Materials,Chemicals,"Perry, PA, USA",,42099.0,PA,Name14616421,True,True,False,Medium
USA,Micro,Materials,Chemicals,"Perry, PA, USA",,42099.0,PA,Name14616422,False,True,False,High
USA,Micro,Materials,Chemicals,"Perry, PA, USA",,42099.0,PA,Name14616423,False,True,True,Medium
USA,Micro,Materials,Chemicals,"Perry, PA, USA",,42099.0,PA,Name14616424,True,False,False,Severe
USA,Micro,Materials,Chemicals,"Perry, PA, USA",,42099.0,PA,Name14616425,True,False,False,Severe
USA,Micro,Materials,Chemicals,"Perry, PA, USA",,42099.0,PA,Name14616426,False,False,True,Severe
USA,Micro,Materials,Chemicals,"Perry, PA, USA",,42099.0,PA,Name14616428,False,True,False,Severe
USA,Micro,Materials,Chemicals,"Perry, PA, USA",,42099.0,PA,Name14616429,False,True,False,Severe
USA,Micro,Materials,Chemicals,"Perry, PA, USA",,42099.0,PA,Name14616430,True,True,False,Severe
USA,Micro,Materials,Chemicals,"Perry, PA, USA",,42099.0,PA,Name14616431,True,False,False,Severe
USA,Micro,Materials,Chemicals,"Perry, PA, USA",,42099.0,PA,Name14616432,False,True,True,Low
USA,Micro,Materials,Chemicals,"Perry, PA, USA",,42099.0,PA,Name14616433,False,True,False,Severe
USA,Micro,Materials,Chemicals,"Perry, PA, USA",,42099.0,PA,Name14616434,False,False,True,High
USA,Micro,Materials,Metals & Mining,"Perry, PA, USA",,42099.0,PA,Name14616435,False,True,False,Medium
USA,Micro,Materials,Metals & Mining,"Perry, PA, USA",,42099.0,PA,Name14616436,True,True,False,High
USA,Micro,Materials,Metals & Mining,"Perry, PA, USA",,42099.0,PA,Name14616437,False,True,True,Low
USA,Micro,Materials,Metals & Mining,"Perry, PA, USA",,42099.0,PA,Name14616438,False,False,True,Low
USA,Micro,Materials,Metals & Mining,"Perry, PA, USA",,42099.0,PA,Name14616439,True,True,False,Severe
USA,Micro,Materials,Metals & Mining,"Perry, PA, USA",,42099.0,PA,Name14616440,True,False,False,High
USA,Micro,Materials,Metals & Mining,"Perry, PA, USA",,42099.0,PA,Name14616441,False,False,True,Low
USA,Micro,Materials,Metals & Mining,"Perry, PA, USA",,42099.0,PA,Name14616443,True,False,False,High
USA,Micro,Materials,Metals & Mining,"Perry, PA, USA",,42099.0,PA,Name14616444,False,True,True,Severe
USA,Micro,Materials,Construction Materials,"Perry, PA, USA",,42099.0,PA,Name14616445,True,True,False,Low
USA,Micro,Materials,Construction Materials,"Perry, PA, USA",,42099.0,PA,Name14616446,False,False,True,Low
USA,Micro,Materials,Construction Materials,"Perry, PA, USA",,42099.0,PA,Name14616447,False,False,True,Low
USA,Micro,Materials,Construction Materials,"Perry, PA, USA",,42099.0,PA,Name14616449,True,False,False,Severe
USA,Micro,Materials,Construction Materials,"Perry, PA, USA",,42099.0,PA,Name14616450,False,True,True,Severe
USA,Micro,Materials,Construction Materials,"Perry, PA, USA",,42099.0,PA,Name14616451,False,False,True,Severe
USA,Micro,Materials,Construction Materials,"Perry, PA, USA",,42099.0,PA,Name14616452,False,False,True,High
USA,Micro,Materials,Construction Materials,"Perry, PA, USA",,42099.0,PA,Name14616453,True,False,False,High
USA,Micro,Materials,Construction Materials,"Perry, PA, USA",,42099.0,PA,Name14616454,True,True,False,Medium
USA,Micro,Materials,Construction Materials,"Perry, PA, USA",,42099.0,PA,Name14616455,True,True,False,Low
USA,Micro,Industrials,Aerospace & Defense,"Perry, PA, USA",,42099.0,PA,Name14616456,True,True,False,Low
USA,Micro,Industrials,Aerospace & Defense,"Perry, PA, USA",,42099.0,PA,Name14616457,False,False,True,High
USA,Micro,Industrials,Aerospace & Defense,"Perry, PA, USA",,42099.0,PA,Name14616458,False,True,True,Severe
USA,Micro,Industrials,Aerospace & Defense,"Perry, PA, USA",,42099.0,PA,Name14616459,True,True,False,Severe
USA,Micro,Industrials,Aerospace & Defense,"Perry, PA, USA",,42099.0,PA,Name14616460,True,False,False,High
USA,Micro,Industrials,Aerospace & Defense,"Perry, PA, USA",,42099.0,PA,Name14616461,False,True,True,Severe
USA,Micro,Industrials,Aerospace & Defense,"Perry, PA, USA",,42099.0,PA,Name14616462,True,True,False,Low
USA,Micro,Industrials,Aerospace & Defense,"Perry, PA, USA",,42099.0,PA,Name14616463,True,False,False,High
USA,Micro,Industrials,Aerospace & Defense,"Perry, PA, USA",,42099.0,PA,Name14616464,True,False,False,Low
USA,Micro,Industrials,Aerospace & Defense,"Perry, PA, USA",,42099.0,PA,Name14616465,True,False,False,Medium
USA,Micro,Industrials,Aerospace & Defense,"Perry, PA, USA",,42099.0,PA,Name14616466,False,True,True,High
USA,Micro,Industrials,Aerospace & Defense,"Perry, PA, USA",,42099.0,PA,Name14616467,False,False,True,Low
USA,Micro,Industrials,Aerospace & Defense,"Perry, PA, USA",,42099.0,PA,Name14616468,False,False,True,High
USA,Micro,Industrials,Aerospace & Defense,"Perry, PA, USA",,42099.0,PA,Name14616471,True,True,False,Medium
USA,Micro,Industrials,Aerospace & Defense,"Perry, PA, USA",,42099.0,PA,Name14616472,True,True,False,High
USA,Micro,Industrials,Aerospace & Defense,"Perry, PA, USA",,42099.0,PA,Name14616474,False,True,False,High
USA,Micro,Industrials,Aerospace & Defense,"Perry, PA, USA",,42099.0,PA,Name14616476,False,False,True,Severe
USA,Micro,Industrials,Aerospace & Defense,"Perry, PA, USA",,42099.0,PA,Name14616477,True,False,False,High
USA,Micro,Industrials,Aerospace & Defense,"Perry, PA, USA",,42099.0,PA,Name14616479,True,False,False,Low
USA,Micro,Industrials,Aerospace & Defense,"Perry, PA, USA",,42099.0,PA,Name14616481,False,True,True,Medium
USA,Micro,Industrials,Aerospace & Defense,"Perry, PA, USA",,42099.0,PA,Name14616482,False,True,False,Low
USA,Micro,Industrials,Aerospace & Defense,"Perry, PA, USA",,42099.0,PA,Name14616483,True,False,False,Severe
USA,Micro,Industrials,Aerospace & Defense,"Perry, PA, USA",,42099.0,PA,Name14616485,False,True,True,Medium
USA,Micro,Industrials,Aerospace & Defense,"Perry, PA, USA",,42099.0,PA,Name14616486,True,True,False,Low
USA,Micro,Industrials,Aerospace & Defense,"Perry, PA, USA",,42099.0,PA,Name14616487,False,True,False,Low
USA,Micro,Industrials,Aerospace & Defense,"Perry, PA, USA",,42099.0,PA,Name14616488,True,True,False,High
USA,Micro,Industrials,Aerospace & Defense,"Perry, PA, USA",,42099.0,PA,Name14616489,True,False,False,Low
USA,Micro,Industrials,Aerospace & Defense,"Perry, PA, USA",,42099.0,PA,Name14616490,True,True,False,Severe
USA,Micro,Industrials,Aerospace & Defense,"Perry, PA, USA",,42099.0,PA,Name14616491,False,False,True,Medium
USA,Micro,Industrials,Aerospace & Defense,"Perry, PA, USA",,42099.0,PA,Name14616492,True,False,False,Severe
USA,Micro,Industrials,Aerospace & Defense,"Perry, PA, USA",,42099.0,PA,Name14616493,False,True,True,High
USA,Micro,Industrials,Aerospace & Defense,"Perry, PA, USA",,42099.0,PA,Name14616494,True,True,False,Low
USA,Micro,Industrials,Machinery,"Perry, PA, USA",,42099.0,PA,Name14616495,False,False,True,Low
USA,Micro,Industrials,Machinery,"Perry, PA, USA",,42099.0,PA,Name14616496,True,True,False,Severe
USA,Micro,Industrials,Machinery,"Perry, PA, USA",,42099.0,PA,Name14616497,True,False,False,High
USA,Micro,Industrials,Machinery,"Perry, PA, USA",,42099.0,PA,Name14616498,True,True,False,Low
USA,Micro,Industrials,Machinery,"Perry, PA, USA",,42099.0,PA,Name14616500,True,True,False,High
USA,Micro,Industrials,Machinery,"Perry, PA, USA",,42099.0,PA,Name14616502,False,False,True,High
USA,Micro,Industrials,Machinery,"Perry, PA, USA",,42099.0,PA,Name14616503,True,False,False,High
USA,Micro,Industrials,Machinery,"Perry, PA, USA",,42099.0,PA,Name14616504,True,False,False,High
USA,Micro,Industrials,Machinery,"Perry, PA, USA",,42099.0,PA,Name14616506,True,True,False,Medium
USA,Micro,Industrials,Machinery,"Perry, PA, USA",,42099.0,PA,Name14616507,True,True,False,High
USA,Micro,Industrials,Machinery,"Perry, PA, USA",,42099.0,PA,Name14616508,True,True,False,High
USA,Micro,Industrials,Machinery,"Perry, PA, USA",,42099.0,PA,Name14616509,True,False,False,Medium
USA,Micro,Industrials,Machinery,"Perry, PA, USA",,42099.0,PA,Name14616510,True,True,False,Medium
USA,Micro,Industrials,Machinery,"Perry, PA, USA",,42099.0,PA,Name14616511,True,True,False,Low
USA,Micro,Industrials,Machinery,"Perry, PA, USA",,42099.0,PA,Name14616512,True,True,False,Low
USA,Micro,Industrials,Machinery,"Perry, PA, USA",,42099.0,PA,Name14616513,False,True,True,Medium
USA,Micro,Industrials,Machinery,"Perry, PA, USA",,42099.0,PA,Name14616514,True,False,False,Medium
USA,Micro,Industrials,Machinery,"Perry, PA, USA",,42099.0,PA,Name14616515,True,True,False,Severe
USA,Micro,Industrials,Machinery,"Perry, PA, USA",,42099.0,PA,Name14616516,True,False,False,Severe
USA,Micro,Industrials,Machinery,"Perry, PA, USA",,42099.0,PA,Name14616517,False,False,True,Severe
USA,Micro,Industrials,Industrial Services,"Perry, PA, USA",,42099.0,PA,Name14616518,False,False,True,Low
USA,Micro,Industrials,Industrial Services,"Perry, PA, USA",,42099.0,PA,Name14616519,True,False,False,Low
USA,Micro,Industrials,Industrial Services,"Perry, PA, USA",,42099.0,PA,Name14616520,False,True,False,High
USA,Micro,Industrials,Industrial Services,"Perry, PA, USA",,42099.0,PA,Name14616521,True,True,False,Medium
USA,Micro,Industrials,Industrial Services,"Perry, PA, USA",,42099.0,PA,Name14616522,True,True,False,Severe
USA,Micro,Industrials,Industrial Services,"Perry, PA, USA",,42099.0,PA,Name14616523,False,True,False,Medium
USA,Micro,Industrials,Industrial Services,"Perry, PA, USA",,42099.0,PA,Name14616524,True,False,False,Medium
USA,Micro,Industrials,Industrial Services,"Perry, PA, USA",,42099.0,PA,Name14616525,True,False,False,High
USA,Micro,Industrials,Industrial Services,"Perry, PA, USA",,42099.0,PA,Name14616526,True,False,False,High
USA,Micro,Industrials,Industrial Services,"Perry, PA, USA",,42099.0,PA,Name14616527,True,False,False,High
USA,Micro,Industrials,Industrial Services,"Perry, PA, USA",,42099.0,PA,Name14616528,True,True,False,Low
USA,Micro,Industrials,Industrial Services,"Perry, PA, USA",,42099.0,PA,Name14616529,False,False,True,High
USA,Micro,Industrials,Industrial Services,"Perry, PA, USA",,42099.0,PA,Name14616530,True,False,False,High
USA,Micro,Industrials,Industrial Services,"Perry, PA, USA",,42099.0,PA,Name14616531,True,False,False,Severe
USA,Micro,Industrials,Industrial Services,"Perry, PA, USA",,42099.0,PA,Name14616532,False,False,True,Medium
USA,Micro,Industrials,Industrial Services,"Perry, PA, USA",,42099.0,PA,Name14616533,False,True,False,Low
USA,Micro,Industrials,Industrial Services,"Perry, PA, USA",,42099.0,PA,Name14616534,True,False,False,High
USA,Micro,Industrials,Industrial Services,"Perry, PA, USA",,42099.0,PA,Name14616536,False,False,True,Medium
USA,Micro,Industrials,Industrial Services,"Perry, PA, USA",,42099.0,PA,Name14616537,False,False,True,Severe
USA,Micro,Industrials,Industrial Services,"Perry, PA, USA",,42099.0,PA,Name14616539,False,True,False,Severe
USA,Micro,Industrials,Industrial Services,"Perry, PA, USA",,42099.0,PA,Name14616540,False,True,True,Medium
USA,Micro,Industrials,Industrial Services,"Perry, PA, USA",,42099.0,PA,Name14616541,True,False,False,Medium
USA,Micro,Industrials,Industrial Services,"Perry, PA, USA",,42099.0,PA,Name14616542,True,True,False,High
USA,Micro,Industrials,Industrial Services,"Perry, PA, USA",,42099.0,PA,Name14616543,True,True,False,High
USA,Micro,Industrials,Industrial Services,"Perry, PA, USA",,42099.0,PA,Name14616544,True,False,False,High
USA,Micro,Industrials,Industrial Services,"Perry, PA, USA",,42099.0,PA,Name14616545,False,False,True,Severe
USA,Micro,Industrials,Industrial Services,"Perry, PA, USA",,42099.0,PA,Name14616547,False,True,False,High
USA,Micro,Industrials,Industrial Services,"Perry, PA, USA",,42099.0,PA,Name14616548,True,True,False,High
USA,Micro,Industrials,Industrial Services,"Perry, PA, USA",,42099.0,PA,Name14616549,True,False,False,Severe
USA,Micro,Industrials,Industrial Services,"Perry, PA, USA",,42099.0,PA,Name14616550,True,False,False,Severe
USA,Micro,Industrials,Industrial Services,"Perry, PA, USA",,42099.0,PA,Name14616552,True,True,False,Severe
USA,Micro,Industrials,Industrial Services,"Perry, PA, USA",,42099.0,PA,Name14616553,True,True,False,High
USA,Micro,Consumer Services,Retail,"Perry, PA, USA",,42099.0,PA,Name14616554,False,True,False,Severe
USA,Micro,Consumer Services,Retail,"Perry, PA, USA",,42099.0,PA,Name14616555,False,False,True,Severe
USA,Micro,Consumer Services,Retail,"Perry, PA, USA",,42099.0,PA,Name14616556,False,False,True,Medium
USA,Micro,Consumer Services,Retail,"Perry, PA, USA",,42099.0,PA,Name14616557,False,True,True,Low
USA,Micro,Consumer Services,Retail,"Perry, PA, USA",,42099.0,PA,Name14616558,True,True,False,Severe
USA,Micro,Consumer Services,Retail,"Perry, PA, USA",,42099.0,PA,Name14616559,False,True,False,Severe
USA,Micro,Consumer Services,Retail,"Perry, PA, USA",,42099.0,PA,Name14616560,False,True,True,High
USA,Micro,Consumer Services,Retail,"Perry, PA, USA",,42099.0,PA,Name14616561,True,True,False,Severe
USA,Micro,Consumer Services,Travel & Leisure,"Perry, PA, USA",,42099.0,PA,Name14616562,True,True,False,Medium
USA,Micro,Consumer Services,Travel & Leisure,"Perry, PA, USA",,42099.0,PA,Name14616563,False,True,False,Medium
USA,Micro,Consumer Services,Travel & Leisure,"Perry, PA, USA",,42099.0,PA,Name14616564,False,False,True,High
USA,Micro,Consumer Services,Travel & Leisure,"Perry, PA, USA",,42099.0,PA,Name14616565,True,True,False,Severe
USA,Micro,Consumer Services,Travel & Leisure,"Perry, PA, USA",,42099.0,PA,Name14616566,False,True,False,Medium
USA,Micro,Consumer Services,Media,"Perry, PA, USA",,42099.0,PA,Name14616567,False,True,True,High
USA,Micro,Consumer Services,Media,"Perry, PA, USA",,42099.0,PA,Name14616568,False,False,True,Medium
USA,Micro,Consumer Services,Media,"Perry, PA, USA",,42099.0,PA,Name14616569,True,True,False,Medium
USA,Micro,Consumer Services,Media,"Perry, PA, USA",,42099.0,PA,Name14616570,False,True,False,Medium
USA,Micro,Consumer Services,Media,"Perry, PA, USA",,42099.0,PA,Name14616571,False,False,True,Severe
USA,Micro,Consumer Services,Media,"Perry, PA, USA",,42099.0,PA,Name14616572,False,True,False,High
USA,Micro,Consumer Services,Media,"Perry, PA, USA",,42099.0,PA,Name14616574,True,False,False,Medium
USA,Micro,Consumer Services,Media,"Perry, PA, USA",,42099.0,PA,Name14616575,True,True,False,Severe
USA,Micro,Consumer Services,Media,"Perry, PA, USA",,42099.0,PA,Name14616576,True,True,False,Medium
USA,Micro,Consumer Services,Media,"Perry, PA, USA",,42099.0,PA,Name14616577,False,True,True,Severe
USA,Micro,Consumer Services,Media,"Perry, PA, USA",,42099.0,PA,Name14616578,False,False,True,High
USA,Micro,Consumer Services,Media,"Perry, PA, USA",,42099.0,PA,Name14616579,False,True,True,Severe
USA,Micro,Consumer Services,Media,"Perry, PA, USA",,42099.0,PA,Name14616580,True,True,False,Medium
USA,Micro,Consumer Services,Media,"Perry, PA, USA",,42099.0,PA,Name14616581,True,False,False,High
USA,Micro,Consumer Services,Media,"Perry, PA, USA",,42099.0,PA,Name14616582,True,True,False,Severe
USA,Micro,Consumer Services,Media,"Perry, PA, USA",,42099.0,PA,Name14616583,False,True,True,Medium
USA,Micro,Consumer Services,Media,"Perry, PA, USA",,42099.0,PA,Name14616585,False,False,True,Medium
USA,Micro,Consumer Services,Media,"Perry, PA, USA",,42099.0,PA,Name14616586,True,True,False,Severe
USA,Micro,Consumer Services,Media,"Perry, PA, USA",,42099.0,PA,Name14616587,True,False,False,Low
USA,Micro,Consumer Services,Media,"Perry, PA, USA",,42099.0,PA,Name14616588,True,False,False,Medium
USA,Micro,Consumer Services,Media,"Perry, PA, USA",,42099.0,PA,Name14616589,True,True,False,Medium
USA,Micro,Consumer Services,Media,"Perry, PA, USA",,42099.0,PA,Name14616590,False,False,True,High
USA,Micro,Consumer Services,Media,"Perry, PA, USA",,42099.0,PA,Name14616591,False,True,True,Severe
USA,Micro,Consumer Services,Media,"Perry, PA, USA",,42099.0,PA,Name14616592,True,True,False,Medium
USA,Micro,Consumer Services,Media,"Perry, PA, USA",,42099.0,PA,Name14616593,True,False,False,Severe
USA,Micro,Consumer Services,Media,"Perry, PA, USA",,42099.0,PA,Name14616594,False,True,True,Medium
USA,Micro,Consumer Services,Media,"Perry, PA, USA",,42099.0,PA,Name14616595,True,True,False,Severe
USA,Micro,Consumer Services,Media,"Perry, PA, USA",,42099.0,PA,Name14616596,False,True,False,High
USA,Micro,Consumer Services,Media,"Perry, PA, USA",,42099.0,PA,Name14616597,True,False,False,Low
USA,Micro,Consumer Services,Media,"Perry, PA, USA",,42099.0,PA,Name14616598,True,True,False,Medium
USA,Micro,Consumer Services,Media,"Perry, PA, USA",,42099.0,PA,Name14616599,False,False,True,Low
USA,Micro,Consumer Services,Media,"Perry, PA, USA",,42099.0,PA,Name14616600,True,False,False,Medium
USA,Micro,Consumer Services,Media,"Perry, PA, USA",,42099.0,PA,Name14616601,False,False,True,High
USA,Micro,Consumer Services,Media,"Perry, PA, USA",,42099.0,PA,Name14616603,True,False,False,High
USA,Micro,Consumer Services,Media,"Perry, PA, USA",,42099.0,PA,Name14616604,True,False,False,Low
USA,Micro,Consumer Services,Media,"Perry, PA, USA",,42099.0,PA,Name14616606,True,True,False,Low
USA,Micro,Consumer Services,Media,"Perry, PA, USA",,42099.0,PA,Name14616607,False,True,False,High
USA,Micro,Consumer Services,Media,"Perry, PA, USA",,42099.0,PA,Name14616609,True,True,False,Severe
USA,Micro,Consumer Services,Media,"Perry, PA, USA",,42099.0,PA,Name14616611,True,False,False,Severe
USA,Micro,Transportation,Airlines,"Perry, PA, USA",,42099.0,PA,Name14616612,True,True,False,Medium
USA,Micro,Transportation,Airlines,"Perry, PA, USA",,42099.0,PA,Name14616613,True,True,False,Severe
USA,Micro,Transportation,Airlines,"Perry, PA, USA",,42099.0,PA,Name14616614,False,True,True,High
USA,Micro,Transportation,Airlines,"Perry, PA, USA",,42099.0,PA,Name14616615,True,True,False,Medium
USA,Micro,Transportation,Airlines,"Perry, PA, USA",,42099.0,PA,Name14616616,True,False,False,High
USA,Micro,Transportation,Airlines,"Perry, PA, USA",,42099.0,PA,Name14616617,False,True,False,Medium
USA,Micro,Transportation,Airlines,"Perry, PA, USA",,42099.0,PA,Name14616618,True,True,False,High
USA,Micro,Transportation,Airlines,"Perry, PA, USA",,42099.0,PA,Name14616619,False,True,False,High
USA,Micro,Transportation,Airlines,"Perry, PA, USA",,42099.0,PA,Name14616620,False,True,True,Medium
USA,Micro,Transportation,Airlines,"Perry, PA, USA",,42099.0,PA,Name14616621,False,False,True,Severe
USA,Micro,Transportation,Airlines,"Perry, PA, USA",,42099.0,PA,Name14616622,True,False,False,Medium
USA,Micro,Transportation,Airlines,"Perry, PA, USA",,42099.0,PA,Name14616623,False,True,False,Low
USA,Micro,Transportation,Airlines,"Perry, PA, USA",,42099.0,PA,Name14616624,True,True,False,Low
USA,Micro,Transportation,Airlines,"Perry, PA, USA",,42099.0,PA,Name14616625,False,False,True,Severe
USA,Micro,Transportation,Airlines,"Perry, PA, USA",,42099.0,PA,Name14616626,False,True,True,Severe
USA,Micro,Transportation,Airlines,"Perry, PA, USA",,42099.0,PA,Name14616627,True,False,False,Severe
USA,Micro,Transportation,Airlines,"Perry, PA, USA",,42099.0,PA,Name14616629,True,True,False,Severe
USA,Micro,Transportation,Airlines,"Perry, PA, USA",,42099.0,PA,Name14616630,False,False,True,Low
USA,Micro,Transportation,Airlines,"Perry, PA, USA",,42099.0,PA,Name14616631,False,True,False,High
USA,Micro,Transportation,Airlines,"Perry, PA, USA",,42099.0,PA,Name14616632,True,False,False,High
USA,Micro,Transportation,Airlines,"Perry, PA, USA",,42099.0,PA,Name14616634,False,True,True,Severe
USA,Micro,Transportation,Airlines,"Perry, PA, USA",,42099.0,PA,Name14616635,False,True,True,High
USA,Micro,Transportation,Airlines,"Perry, PA, USA",,42099.0,PA,Name14616636,False,True,True,High
USA,Micro,Transportation,Airlines,"Perry, PA, USA",,42099.0,PA,Name14616637,True,True,False,High
USA,Micro,Transportation,Airlines,"Perry, PA, USA",,42099.0,PA,Name14616638,False,True,False,High
USA,Micro,Transportation,Airlines,"Perry, PA, USA",,42099.0,PA,Name14616639,True,True,False,Low
USA,Micro,Transportation,Airlines,"Perry, PA, USA",,42099.0,PA,Name14616640,False,False,True,Severe
USA,Micro,Transportation,Airlines,"Perry, PA, USA",,42099.0,PA,Name14616641,False,True,True,Low
USA,Micro,Transportation,Airlines,"Perry, PA, USA",,42099.0,PA,Name14616642,False,True,False,Severe
USA,Micro,Transportation,Airlines,"Perry, PA, USA",,42099.0,PA,Name14616643,True,True,False,High
USA,Micro,Transportation,Airlines,"Perry, PA, USA",,42099.0,PA,Name14616644,True,True,False,Severe
USA,Micro,Transportation,Airlines,"Perry, PA, USA",,42099.0,PA,Name14616645,False,True,True,Severe
USA,Micro,Transportation,Airlines,"Perry, PA, USA",,42099.0,PA,Name14616646,False,False,True,Medium
USA,Micro,Transportation,Airlines,"Perry, PA, USA",,42099.0,PA,Name14616647,True,True,False,Medium
USA,Micro,Transportation,Airlines,"Perry, PA, USA",,42099.0,PA,Name14616648,True,True,False,Medium
USA,Micro,Transportation,Airlines,"Perry, PA, USA",,42099.0,PA,Name14616649,True,False,False,High
USA,Micro,Transportation,Airlines,"Perry, PA, USA",,42099.0,PA,Name14616650,True,False,False,Medium
USA,Micro,Transportation,Airlines,"Perry, PA, USA",,42099.0,PA,Name14616651,False,False,True,Low
USA,Micro,Transportation,Airlines,"Perry, PA, USA",,42099.0,PA,Name14616652,False,True,False,Low
USA,Micro,Transportation,Airlines,"Perry, PA, USA",,42099.0,PA,Name14616653,True,True,False,Severe
USA,Micro,Transportation,Airlines,"Perry, PA, USA",,42099.0,PA,Name14616654,False,True,True,High
USA,Micro,Transportation,Airlines,"Perry, PA, USA",,42099.0,PA,Name14616655,True,False,False,Low
USA,Micro,Transportation,Railroads,"Perry, PA, USA",,42099.0,PA,Name14616657,False,True,False,High
USA,Micro,Transportation,Railroads,"Perry, PA, USA",,42099.0,PA,Name14616658,True,True,False,Severe
USA,Micro,Transportation,Railroads,"Perry, PA, USA",,42099.0,PA,Name14616659,False,True,False,Low
USA,Micro,Transportation,Railroads,"Perry, PA, USA",,42099.0,PA,Name14616660,True,False,False,High
USA,Micro,Transportation,Railroads,"Perry, PA, USA",,42099.0,PA,Name14616661,True,False,False,Low
USA,Micro,Transportation,Railroads,"Perry, PA, USA",,42099.0,PA,Name14616662,True,True,False,Medium
USA,Micro,Transportation,Railroads,"Perry, PA, USA",,42099.0,PA,Name14616663,True,False,False,High
USA,Micro,Transportation,Railroads,"Perry, PA, USA",,42099.0,PA,Name14616665,True,True,False,High
USA,Micro,Transportation,Railroads,"Perry, PA, USA",,42099.0,PA,Name14616666,False,False,True,Low
USA,Micro,Transportation,Railroads,"Perry, PA, USA",,42099.0,PA,Name14616667,False,True,True,High
USA,Micro,Transportation,Railroads,"Perry, PA, USA",,42099.0,PA,Name14616668,True,True,False,Medium
USA,Micro,Transportation,Railroads,"Perry, PA, USA",,42099.0,PA,Name14616669,False,True,False,Medium
USA,Micro,Transportation,Railroads,"Perry, PA, USA",,42099.0,PA,Name14616670,False,True,True,Medium
USA,Micro,Transportation,Railroads,"Perry, PA, USA",,42099.0,PA,Name14616671,True,False,False,Low
USA,Micro,Transportation,Railroads,"Perry, PA, USA",,42099.0,PA,Name14616672,True,True,False,High
USA,Micro,Transportation,Railroads,"Perry, PA, USA",,42099.0,PA,Name14616673,False,False,True,Severe
USA,Micro,Transportation,Railroads,"Perry, PA, USA",,42099.0,PA,Name14616674,True,True,False,Severe
USA,Micro,Transportation,Railroads,"Perry, PA, USA",,42099.0,PA,Name14616675,True,False,False,Low
USA,Micro,Transportation,Railroads,"Perry, PA, USA",,42099.0,PA,Name14616676,True,True,False,Severe
USA,Micro,Transportation,Railroads,"Perry, PA, USA",,42099.0,PA,Name14616677,False,True,False,Medium
USA,Micro,Transportation,Railroads,"Perry, PA, USA",,42099.0,PA,Name14616678,False,True,True,High
USA,Micro,Transportation,Railroads,"Perry, PA, USA",,42099.0,PA,Name14616679,True,True,False,Medium
USA,Micro,Transportation,Railroads,"Perry, PA, USA",,42099.0,PA,Name14616680,True,False,False,Medium
USA,Micro,Transportation,Railroads,"Perry, PA, USA",,42099.0,PA,Name14616681,True,False,False,Low
USA,Micro,Transportation,Railroads,"Perry, PA, USA",,42099.0,PA,Name14616682,True,True,False,High
USA,Micro,Transportation,Railroads,"Perry, PA, USA",,42099.0,PA,Name14616684,False,False,True,Low
USA,Micro,Transportation,Railroads,"Perry, PA, USA",,42099.0,PA,Name14616685,True,False,False,High
USA,Micro,Transportation,Railroads,"Perry, PA, USA",,42099.0,PA,Name14616686,False,True,True,Medium
USA,Micro,Transportation,Railroads,"Perry, PA, USA",,42099.0,PA,Name14616687,True,True,False,High
USA,Micro,Transportation,Logistics,"Perry, PA, USA",,42099.0,PA,Name14616688,True,True,False,Medium
USA,Micro,Transportation,Logistics,"Perry, PA, USA",,42099.0,PA,Name14616689,True,True,False,Severe
USA,Micro,Transportation,Logistics,"Perry, PA, USA",,42099.0,PA,Name14616690,True,False,False,Severe
USA,Micro,Transportation,Logistics,"Perry, PA, USA",,42099.0,PA,Name14616691,True,False,False,Severe
USA,Micro,Transportation,Logistics,"Perry, PA, USA",,42099.0,PA,Name14616692,True,True,False,Medium
USA,Micro,Transportation,Logistics,"Perry, PA, USA",,42099.0,PA,Name14616693,True,False,False,Medium
USA,Micro,Transportation,Logistics,"Perry, PA, USA",,42099.0,PA,Name14616694,True,False,False,Severe
USA,Micro,Transportation,Logistics,"Perry, PA, USA",,42099.0,PA,Name14616696,True,False,False,Medium
USA,Micro,Transportation,Logistics,"Perry, PA, USA",,42099.0,PA,Name14616697,True,False,False,Medium
USA,Micro,Transportation,Logistics,"Perry, PA, USA",,42099.0,PA,Name14616698,False,False,True,Severe
USA,Micro,Transportation,Logistics,"Perry, PA, USA",,42099.0,PA,Name14616699,True,True,False,Low
USA,Micro,Transportation,Logistics,"Perry, PA, USA",,42099.0,PA,Name14616700,True,True,False,High
USA,Micro,Transportation,Logistics,"Perry, PA, USA",,42099.0,PA,Name14616701,False,False,True,Severe
USA,Micro,Transportation,Logistics,"Perry, PA, USA",,42099.0,PA,Name14616702,False,True,True,Low
USA,Micro,Transportation,Logistics,"Perry, PA, USA",,42099.0,PA,Name14616703,True,False,False,Low
