Country,Size,Sector,Industry,Location,NUTS3_ID,COUNTY_ID,State,Name,Growth,Borrow,Shrink,EWS
USA,Large,Technology,Software,"Ciales, PR, USA",,72039.0,PR,Name18104339,True,False,False,High
USA,Large,Technology,Software,"Ciales, PR, USA",,72039.0,PR,Name18104340,True,False,False,High
USA,Large,Technology,Software,"Ciales, PR, USA",,72039.0,PR,Name18104341,False,True,True,Severe
USA,Large,Technology,Software,"Ciales, PR, USA",,72039.0,PR,Name18104342,False,True,True,Medium
USA,Large,Technology,Software,"Ciales, PR, USA",,72039.0,PR,Name18104344,True,True,False,Severe
USA,Large,Technology,Software,"Ciales, PR, USA",,72039.0,PR,Name18104345,True,False,False,Medium
USA,Large,Technology,Software,"Ciales, PR, USA",,72039.0,PR,Name18104346,False,True,False,Severe
USA,Large,Technology,Software,"Ciales, PR, USA",,72039.0,PR,Name18104347,False,True,True,Medium
USA,Large,Technology,Software,"Ciales, PR, USA",,72039.0,PR,Name18104348,False,False,True,Low
USA,Large,Technology,Software,"Ciales, PR, USA",,72039.0,PR,Name18104349,True,False,False,Medium
USA,Large,Technology,Software,"Ciales, PR, USA",,72039.0,PR,Name18104350,True,True,False,Low
USA,Large,Technology,Software,"Ciales, PR, USA",,72039.0,PR,Name18104351,False,False,True,Medium
USA,Large,Technology,Software,"Ciales, PR, USA",,72039.0,PR,Name18104352,True,False,False,Medium
USA,Large,Technology,Software,"Ciales, PR, USA",,72039.0,PR,Name18104353,False,True,True,Severe
USA,Large,Technology,Software,"Ciales, PR, USA",,72039.0,PR,Name18104354,False,True,True,Medium
USA,Large,Technology,Software,"Ciales, PR, USA",,72039.0,PR,Name18104356,True,False,False,Low
USA,Large,Technology,Software,"Ciales, PR, USA",,72039.0,PR,Name18104357,True,True,False,Low
USA,Large,Technology,Software,"Ciales, PR, USA",,72039.0,PR,Name18104358,True,False,False,High
USA,Large,Technology,Hardware,"Ciales, PR, USA",,72039.0,PR,Name18104360,False,True,True,Low
USA,Large,Technology,Hardware,"Ciales, PR, USA",,72039.0,PR,Name18104361,True,False,False,Severe
USA,Large,Technology,Hardware,"Ciales, PR, USA",,72039.0,PR,Name18104362,False,True,False,High
USA,Large,Technology,Hardware,"Ciales, PR, USA",,72039.0,PR,Name18104363,True,True,False,Severe
USA,Large,Technology,Hardware,"Ciales, PR, USA",,72039.0,PR,Name18104364,False,False,True,Low
USA,Large,Technology,Hardware,"Ciales, PR, USA",,72039.0,PR,Name18104365,True,False,False,Severe
USA,Large,Technology,Hardware,"Ciales, PR, USA",,72039.0,PR,Name18104366,True,False,False,High
USA,Large,Technology,Hardware,"Ciales, PR, USA",,72039.0,PR,Name18104367,True,True,False,Severe
USA,Large,Technology,Hardware,"Ciales, PR, USA",,72039.0,PR,Name18104369,False,False,True,Medium
USA,Large,Technology,Hardware,"Ciales, PR, USA",,72039.0,PR,Name18104370,True,True,False,Medium
USA,Large,Technology,Hardware,"Ciales, PR, USA",,72039.0,PR,Name18104371,True,False,False,Severe
USA,Large,Technology,Hardware,"Ciales, PR, USA",,72039.0,PR,Name18104372,False,True,True,Low
USA,Large,Technology,Hardware,"Ciales, PR, USA",,72039.0,PR,Name18104374,True,True,False,Low
USA,Large,Technology,Hardware,"Ciales, PR, USA",,72039.0,PR,Name18104375,True,False,False,High
USA,Large,Technology,Hardware,"Ciales, PR, USA",,72039.0,PR,Name18104376,True,True,False,High
USA,Large,Technology,Hardware,"Ciales, PR, USA",,72039.0,PR,Name18104377,False,True,False,Medium
USA,Large,Technology,Hardware,"Ciales, PR, USA",,72039.0,PR,Name18104378,False,False,True,Medium
USA,Large,Technology,Hardware,"Ciales, PR, USA",,72039.0,PR,Name18104379,True,False,False,High
USA,Large,Technology,Hardware,"Ciales, PR, USA",,72039.0,PR,Name18104380,True,True,False,Low
USA,Large,Technology,Hardware,"Ciales, PR, USA",,72039.0,PR,Name18104381,True,False,False,Medium
USA,Large,Technology,Hardware,"Ciales, PR, USA",,72039.0,PR,Name18104382,True,False,False,High
USA,Large,Technology,Hardware,"Ciales, PR, USA",,72039.0,PR,Name18104383,True,True,False,Low
USA,Large,Technology,Hardware,"Ciales, PR, USA",,72039.0,PR,Name18104384,False,True,True,Low
USA,Large,Technology,Hardware,"Ciales, PR, USA",,72039.0,PR,Name18104385,True,False,False,Severe
USA,Large,Technology,Hardware,"Ciales, PR, USA",,72039.0,PR,Name18104386,False,True,False,Medium
USA,Large,Technology,Hardware,"Ciales, PR, USA",,72039.0,PR,Name18104387,False,True,False,Medium
USA,Large,Technology,Hardware,"Ciales, PR, USA",,72039.0,PR,Name18104388,False,False,True,High
USA,Large,Technology,Hardware,"Ciales, PR, USA",,72039.0,PR,Name18104389,True,False,False,Low
USA,Large,Technology,Hardware,"Ciales, PR, USA",,72039.0,PR,Name18104390,False,False,True,High
USA,Large,Technology,Hardware,"Ciales, PR, USA",,72039.0,PR,Name18104391,False,False,True,Severe
USA,Large,Technology,Hardware,"Ciales, PR, USA",,72039.0,PR,Name18104392,False,True,False,Medium
USA,Large,Technology,IT Services,"Ciales, PR, USA",,72039.0,PR,Name18104393,False,True,True,High
USA,Large,Technology,IT Services,"Ciales, PR, USA",,72039.0,PR,Name18104394,False,True,False,Medium
USA,Large,Technology,IT Services,"Ciales, PR, USA",,72039.0,PR,Name18104395,True,True,False,Medium
USA,Large,Technology,IT Services,"Ciales, PR, USA",,72039.0,PR,Name18104396,False,True,False,Medium
USA,Large,Technology,IT Services,"Ciales, PR, USA",,72039.0,PR,Name18104397,False,True,True,Medium
USA,Large,Technology,IT Services,"Ciales, PR, USA",,72039.0,PR,Name18104398,True,True,False,High
USA,Large,Technology,IT Services,"Ciales, PR, USA",,72039.0,PR,Name18104399,True,False,False,Medium
USA,Large,Technology,IT Services,"Ciales, PR, USA",,72039.0,PR,Name18104400,True,False,False,Medium
USA,Large,Technology,IT Services,"Ciales, PR, USA",,72039.0,PR,Name18104402,True,False,False,Medium
USA,Large,Technology,IT Services,"Ciales, PR, USA",,72039.0,PR,Name18104403,True,True,False,High
USA,Large,Technology,IT Services,"Ciales, PR, USA",,72039.0,PR,Name18104404,True,True,False,Severe
USA,Large,Technology,IT Services,"Ciales, PR, USA",,72039.0,PR,Name18104405,True,False,False,Medium
USA,Large,Technology,IT Services,"Ciales, PR, USA",,72039.0,PR,Name18104406,True,True,False,Severe
USA,Large,Technology,IT Services,"Ciales, PR, USA",,72039.0,PR,Name18104408,False,True,True,Severe
USA,Large,Technology,IT Services,"Ciales, PR, USA",,72039.0,PR,Name18104409,False,True,True,High
USA,Large,Technology,IT Services,"Ciales, PR, USA",,72039.0,PR,Name18104412,False,True,False,Severe
USA,Large,Technology,IT Services,"Ciales, PR, USA",,72039.0,PR,Name18104413,False,True,False,Severe
USA,Large,Technology,IT Services,"Ciales, PR, USA",,72039.0,PR,Name18104414,False,False,True,Low
USA,Large,Healthcare,Pharmaceuticals,"Ciales, PR, USA",,72039.0,PR,Name18104415,True,True,False,Severe
USA,Large,Healthcare,Pharmaceuticals,"Ciales, PR, USA",,72039.0,PR,Name18104416,True,False,False,Low
USA,Large,Healthcare,Pharmaceuticals,"Ciales, PR, USA",,72039.0,PR,Name18104418,True,True,False,High
USA,Large,Healthcare,Pharmaceuticals,"Ciales, PR, USA",,72039.0,PR,Name18104419,True,True,False,Low
USA,Large,Healthcare,Pharmaceuticals,"Ciales, PR, USA",,72039.0,PR,Name18104420,True,False,False,High
USA,Large,Healthcare,Pharmaceuticals,"Ciales, PR, USA",,72039.0,PR,Name18104421,True,False,False,Low
USA,Large,Healthcare,Pharmaceuticals,"Ciales, PR, USA",,72039.0,PR,Name18104422,True,False,False,Severe
USA,Large,Healthcare,Pharmaceuticals,"Ciales, PR, USA",,72039.0,PR,Name18104423,True,True,False,Severe
USA,Large,Healthcare,Pharmaceuticals,"Ciales, PR, USA",,72039.0,PR,Name18104424,False,True,True,Severe
USA,Large,Healthcare,Pharmaceuticals,"Ciales, PR, USA",,72039.0,PR,Name18104425,False,False,True,Severe
USA,Large,Healthcare,Pharmaceuticals,"Ciales, PR, USA",,72039.0,PR,Name18104426,False,True,False,Low
USA,Large,Healthcare,Pharmaceuticals,"Ciales, PR, USA",,72039.0,PR,Name18104427,False,True,True,Low
USA,Large,Healthcare,Pharmaceuticals,"Ciales, PR, USA",,72039.0,PR,Name18104428,False,True,True,Severe
USA,Large,Healthcare,Pharmaceuticals,"Ciales, PR, USA",,72039.0,PR,Name18104429,True,True,False,High
USA,Large,Healthcare,Pharmaceuticals,"Ciales, PR, USA",,72039.0,PR,Name18104430,False,True,True,Low
USA,Large,Healthcare,Pharmaceuticals,"Ciales, PR, USA",,72039.0,PR,Name18104431,False,True,False,High
USA,Large,Healthcare,Pharmaceuticals,"Ciales, PR, USA",,72039.0,PR,Name18104432,True,True,False,High
USA,Large,Healthcare,Pharmaceuticals,"Ciales, PR, USA",,72039.0,PR,Name18104433,True,True,False,Medium
USA,Large,Healthcare,Pharmaceuticals,"Ciales, PR, USA",,72039.0,PR,Name18104434,False,True,False,Severe
USA,Large,Healthcare,Pharmaceuticals,"Ciales, PR, USA",,72039.0,PR,Name18104435,True,True,False,Severe
USA,Large,Healthcare,Pharmaceuticals,"Ciales, PR, USA",,72039.0,PR,Name18104436,False,True,False,Low
USA,Large,Healthcare,Pharmaceuticals,"Ciales, PR, USA",,72039.0,PR,Name18104437,False,False,True,Medium
USA,Large,Healthcare,Pharmaceuticals,"Ciales, PR, USA",,72039.0,PR,Name18104438,True,False,False,Medium
USA,Large,Healthcare,Pharmaceuticals,"Ciales, PR, USA",,72039.0,PR,Name18104439,False,True,True,Low
USA,Large,Healthcare,Pharmaceuticals,"Ciales, PR, USA",,72039.0,PR,Name18104440,False,False,True,Severe
USA,Large,Healthcare,Pharmaceuticals,"Ciales, PR, USA",,72039.0,PR,Name18104441,False,False,True,High
USA,Large,Healthcare,Pharmaceuticals,"Ciales, PR, USA",,72039.0,PR,Name18104442,False,True,False,Low
USA,Large,Healthcare,Pharmaceuticals,"Ciales, PR, USA",,72039.0,PR,Name18104443,False,False,True,High
USA,Large,Healthcare,Pharmaceuticals,"Ciales, PR, USA",,72039.0,PR,Name18104444,True,False,False,Severe
USA,Large,Healthcare,Pharmaceuticals,"Ciales, PR, USA",,72039.0,PR,Name18104445,True,False,False,Low
USA,Large,Healthcare,Pharmaceuticals,"Ciales, PR, USA",,72039.0,PR,Name18104446,False,True,True,Medium
USA,Large,Healthcare,Pharmaceuticals,"Ciales, PR, USA",,72039.0,PR,Name18104448,True,False,False,High
USA,Large,Healthcare,Pharmaceuticals,"Ciales, PR, USA",,72039.0,PR,Name18104449,False,True,True,Severe
USA,Large,Healthcare,Pharmaceuticals,"Ciales, PR, USA",,72039.0,PR,Name18104450,True,True,False,Severe
USA,Large,Healthcare,Pharmaceuticals,"Ciales, PR, USA",,72039.0,PR,Name18104451,True,False,False,Low
USA,Large,Healthcare,Pharmaceuticals,"Ciales, PR, USA",,72039.0,PR,Name18104452,True,False,False,Low
USA,Large,Healthcare,Pharmaceuticals,"Ciales, PR, USA",,72039.0,PR,Name18104453,True,True,False,Medium
USA,Large,Healthcare,Pharmaceuticals,"Ciales, PR, USA",,72039.0,PR,Name18104454,False,True,False,Low
USA,Large,Healthcare,Pharmaceuticals,"Ciales, PR, USA",,72039.0,PR,Name18104455,True,True,False,Severe
USA,Large,Healthcare,Pharmaceuticals,"Ciales, PR, USA",,72039.0,PR,Name18104456,True,False,False,Medium
USA,Large,Healthcare,Pharmaceuticals,"Ciales, PR, USA",,72039.0,PR,Name18104457,False,False,True,High
USA,Large,Healthcare,Pharmaceuticals,"Ciales, PR, USA",,72039.0,PR,Name18104459,True,False,False,Severe
USA,Large,Healthcare,Pharmaceuticals,"Ciales, PR, USA",,72039.0,PR,Name18104460,False,True,False,Medium
USA,Large,Healthcare,Pharmaceuticals,"Ciales, PR, USA",,72039.0,PR,Name18104462,True,False,False,Low
USA,Large,Healthcare,Medical Devices,"Ciales, PR, USA",,72039.0,PR,Name18104463,True,False,False,Medium
USA,Large,Healthcare,Medical Devices,"Ciales, PR, USA",,72039.0,PR,Name18104464,True,True,False,High
USA,Large,Healthcare,Medical Devices,"Ciales, PR, USA",,72039.0,PR,Name18104465,True,False,False,Medium
USA,Large,Healthcare,Medical Devices,"Ciales, PR, USA",,72039.0,PR,Name18104466,False,False,True,High
USA,Large,Healthcare,Medical Devices,"Ciales, PR, USA",,72039.0,PR,Name18104467,True,False,False,Severe
USA,Large,Healthcare,Medical Devices,"Ciales, PR, USA",,72039.0,PR,Name18104468,True,False,False,High
USA,Large,Healthcare,Medical Devices,"Ciales, PR, USA",,72039.0,PR,Name18104469,False,True,True,Medium
USA,Large,Healthcare,Medical Devices,"Ciales, PR, USA",,72039.0,PR,Name18104470,False,False,True,Low
USA,Large,Healthcare,Medical Devices,"Ciales, PR, USA",,72039.0,PR,Name18104471,False,True,False,High
USA,Large,Healthcare,Medical Devices,"Ciales, PR, USA",,72039.0,PR,Name18104472,False,True,True,Medium
USA,Large,Healthcare,Medical Devices,"Ciales, PR, USA",,72039.0,PR,Name18104473,False,True,True,Severe
USA,Large,Healthcare,Medical Devices,"Ciales, PR, USA",,72039.0,PR,Name18104474,False,True,True,Medium
USA,Large,Healthcare,Medical Devices,"Ciales, PR, USA",,72039.0,PR,Name18104475,True,True,False,High
USA,Large,Healthcare,Medical Devices,"Ciales, PR, USA",,72039.0,PR,Name18104476,True,True,False,Medium
USA,Large,Healthcare,Medical Devices,"Ciales, PR, USA",,72039.0,PR,Name18104477,False,True,True,Medium
USA,Large,Healthcare,Medical Devices,"Ciales, PR, USA",,72039.0,PR,Name18104478,True,True,False,Low
USA,Large,Healthcare,Medical Devices,"Ciales, PR, USA",,72039.0,PR,Name18104480,True,True,False,Medium
USA,Large,Healthcare,Medical Devices,"Ciales, PR, USA",,72039.0,PR,Name18104481,True,False,False,Low
USA,Large,Healthcare,Medical Devices,"Ciales, PR, USA",,72039.0,PR,Name18104482,True,False,False,Medium
USA,Large,Healthcare,Medical Devices,"Ciales, PR, USA",,72039.0,PR,Name18104483,True,True,False,Severe
USA,Large,Healthcare,Medical Devices,"Ciales, PR, USA",,72039.0,PR,Name18104484,True,False,False,Medium
USA,Large,Healthcare,Medical Devices,"Ciales, PR, USA",,72039.0,PR,Name18104485,True,False,False,Medium
USA,Large,Healthcare,Medical Devices,"Ciales, PR, USA",,72039.0,PR,Name18104486,False,False,True,Severe
USA,Large,Healthcare,Medical Devices,"Ciales, PR, USA",,72039.0,PR,Name18104488,True,False,False,Medium
USA,Large,Healthcare,Medical Devices,"Ciales, PR, USA",,72039.0,PR,Name18104490,False,True,False,Low
USA,Large,Healthcare,Medical Devices,"Ciales, PR, USA",,72039.0,PR,Name18104491,True,True,False,Severe
USA,Large,Healthcare,Medical Devices,"Ciales, PR, USA",,72039.0,PR,Name18104492,False,True,True,Low
USA,Large,Healthcare,Medical Devices,"Ciales, PR, USA",,72039.0,PR,Name18104493,False,True,False,High
USA,Large,Healthcare,Medical Devices,"Ciales, PR, USA",,72039.0,PR,Name18104494,False,False,True,High
USA,Large,Healthcare,Medical Devices,"Ciales, PR, USA",,72039.0,PR,Name18104495,True,True,False,Severe
USA,Large,Healthcare,Medical Devices,"Ciales, PR, USA",,72039.0,PR,Name18104496,True,True,False,Low
USA,Large,Healthcare,Medical Devices,"Ciales, PR, USA",,72039.0,PR,Name18104498,False,True,True,Medium
USA,Large,Healthcare,Healthcare Services,"Ciales, PR, USA",,72039.0,PR,Name18104499,False,True,False,Severe
USA,Large,Healthcare,Healthcare Services,"Ciales, PR, USA",,72039.0,PR,Name18104502,True,True,False,Low
USA,Large,Healthcare,Healthcare Services,"Ciales, PR, USA",,72039.0,PR,Name18104503,False,True,False,Severe
USA,Large,Healthcare,Healthcare Services,"Ciales, PR, USA",,72039.0,PR,Name18104505,True,False,False,High
USA,Large,Healthcare,Healthcare Services,"Ciales, PR, USA",,72039.0,PR,Name18104506,False,True,True,High
USA,Large,Healthcare,Healthcare Services,"Ciales, PR, USA",,72039.0,PR,Name18104508,True,True,False,Low
USA,Large,Finance,Banking,"Ciales, PR, USA",,72039.0,PR,Name18104509,True,True,False,High
USA,Large,Finance,Banking,"Ciales, PR, USA",,72039.0,PR,Name18104510,True,False,False,High
USA,Large,Finance,Banking,"Ciales, PR, USA",,72039.0,PR,Name18104512,True,True,False,Severe
USA,Large,Finance,Banking,"Ciales, PR, USA",,72039.0,PR,Name18104513,True,True,False,Severe
USA,Large,Finance,Banking,"Ciales, PR, USA",,72039.0,PR,Name18104514,True,False,False,Medium
USA,Large,Finance,Banking,"Ciales, PR, USA",,72039.0,PR,Name18104515,True,False,False,Medium
USA,Large,Finance,Banking,"Ciales, PR, USA",,72039.0,PR,Name18104516,True,True,False,Low
USA,Large,Finance,Banking,"Ciales, PR, USA",,72039.0,PR,Name18104517,True,True,False,Severe
USA,Large,Finance,Banking,"Ciales, PR, USA",,72039.0,PR,Name18104518,False,False,True,Severe
USA,Large,Finance,Banking,"Ciales, PR, USA",,72039.0,PR,Name18104519,False,True,True,Severe
USA,Large,Finance,Banking,"Ciales, PR, USA",,72039.0,PR,Name18104520,True,True,False,Low
USA,Large,Finance,Banking,"Ciales, PR, USA",,72039.0,PR,Name18104521,False,True,True,High
USA,Large,Finance,Banking,"Ciales, PR, USA",,72039.0,PR,Name18104522,True,False,False,Low
USA,Large,Finance,Banking,"Ciales, PR, USA",,72039.0,PR,Name18104523,False,True,False,Severe
USA,Large,Finance,Banking,"Ciales, PR, USA",,72039.0,PR,Name18104524,False,True,False,Medium
USA,Large,Finance,Banking,"Ciales, PR, USA",,72039.0,PR,Name18104525,True,True,False,High
USA,Large,Finance,Banking,"Ciales, PR, USA",,72039.0,PR,Name18104526,True,True,False,Medium
USA,Large,Finance,Banking,"Ciales, PR, USA",,72039.0,PR,Name18104527,True,False,False,Severe
USA,Large,Finance,Banking,"Ciales, PR, USA",,72039.0,PR,Name18104529,True,False,False,Medium
USA,Large,Finance,Banking,"Ciales, PR, USA",,72039.0,PR,Name18104530,True,True,False,Severe
USA,Large,Finance,Banking,"Ciales, PR, USA",,72039.0,PR,Name18104531,False,True,False,Medium
USA,Large,Finance,Insurance,"Ciales, PR, USA",,72039.0,PR,Name18104532,False,True,True,Medium
USA,Large,Finance,Insurance,"Ciales, PR, USA",,72039.0,PR,Name18104533,False,True,True,Medium
USA,Large,Finance,Insurance,"Ciales, PR, USA",,72039.0,PR,Name18104534,False,False,True,Medium
USA,Large,Finance,Insurance,"Ciales, PR, USA",,72039.0,PR,Name18104536,True,False,False,Low
USA,Large,Finance,Insurance,"Ciales, PR, USA",,72039.0,PR,Name18104537,False,True,True,High
USA,Large,Finance,Insurance,"Ciales, PR, USA",,72039.0,PR,Name18104538,True,True,False,Severe
USA,Large,Finance,Insurance,"Ciales, PR, USA",,72039.0,PR,Name18104539,False,True,True,High
USA,Large,Finance,Insurance,"Ciales, PR, USA",,72039.0,PR,Name18104540,True,True,False,High
USA,Large,Finance,Insurance,"Ciales, PR, USA",,72039.0,PR,Name18104542,True,False,False,Low
USA,Large,Finance,Insurance,"Ciales, PR, USA",,72039.0,PR,Name18104543,True,False,False,Medium
USA,Large,Finance,Insurance,"Ciales, PR, USA",,72039.0,PR,Name18104545,False,False,True,Medium
USA,Large,Finance,Investment Services,"Ciales, PR, USA",,72039.0,PR,Name18104546,True,True,False,High
USA,Large,Finance,Investment Services,"Ciales, PR, USA",,72039.0,PR,Name18104547,False,True,False,High
USA,Large,Finance,Investment Services,"Ciales, PR, USA",,72039.0,PR,Name18104548,False,False,True,High
USA,Large,Finance,Investment Services,"Ciales, PR, USA",,72039.0,PR,Name18104549,False,False,True,High
USA,Large,Finance,Investment Services,"Ciales, PR, USA",,72039.0,PR,Name18104550,False,True,False,High
USA,Large,Finance,Investment Services,"Ciales, PR, USA",,72039.0,PR,Name18104551,True,False,False,High
USA,Large,Finance,Investment Services,"Ciales, PR, USA",,72039.0,PR,Name18104552,True,False,False,Medium
USA,Large,Finance,Investment Services,"Ciales, PR, USA",,72039.0,PR,Name18104553,False,True,True,Medium
USA,Large,Finance,Investment Services,"Ciales, PR, USA",,72039.0,PR,Name18104554,True,False,False,Medium
USA,Large,Finance,Investment Services,"Ciales, PR, USA",,72039.0,PR,Name18104555,True,True,False,Low
USA,Large,Finance,Investment Services,"Ciales, PR, USA",,72039.0,PR,Name18104556,True,False,False,Severe
USA,Large,Finance,Investment Services,"Ciales, PR, USA",,72039.0,PR,Name18104557,True,True,False,High
USA,Large,Finance,Investment Services,"Ciales, PR, USA",,72039.0,PR,Name18104558,False,True,True,Low
USA,Large,Finance,Investment Services,"Ciales, PR, USA",,72039.0,PR,Name18104559,True,False,False,High
USA,Large,Finance,Investment Services,"Ciales, PR, USA",,72039.0,PR,Name18104560,False,True,True,Low
USA,Large,Finance,Investment Services,"Ciales, PR, USA",,72039.0,PR,Name18104561,True,False,False,Severe
USA,Large,Finance,Investment Services,"Ciales, PR, USA",,72039.0,PR,Name18104562,True,False,False,High
USA,Large,Finance,Investment Services,"Ciales, PR, USA",,72039.0,PR,Name18104563,False,True,False,High
USA,Large,Finance,Investment Services,"Ciales, PR, USA",,72039.0,PR,Name18104565,True,True,False,Low
USA,Large,Finance,Investment Services,"Ciales, PR, USA",,72039.0,PR,Name18104566,False,True,False,High
USA,Large,Finance,Investment Services,"Ciales, PR, USA",,72039.0,PR,Name18104567,False,True,True,Severe
USA,Large,Finance,Investment Services,"Ciales, PR, USA",,72039.0,PR,Name18104568,True,False,False,Low
USA,Large,Finance,Investment Services,"Ciales, PR, USA",,72039.0,PR,Name18104570,False,True,True,High
USA,Large,Finance,Investment Services,"Ciales, PR, USA",,72039.0,PR,Name18104571,False,True,False,Severe
USA,Large,Finance,Investment Services,"Ciales, PR, USA",,72039.0,PR,Name18104572,True,False,False,Medium
USA,Large,Finance,Investment Services,"Ciales, PR, USA",,72039.0,PR,Name18104573,True,False,False,Low
USA,Large,Finance,Investment Services,"Ciales, PR, USA",,72039.0,PR,Name18104574,True,True,False,Low
USA,Large,Finance,Investment Services,"Ciales, PR, USA",,72039.0,PR,Name18104575,True,True,False,Medium
USA,Large,Finance,Investment Services,"Ciales, PR, USA",,72039.0,PR,Name18104576,True,False,False,High
USA,Large,Finance,Investment Services,"Ciales, PR, USA",,72039.0,PR,Name18104577,True,True,False,Medium
USA,Large,Finance,Investment Services,"Ciales, PR, USA",,72039.0,PR,Name18104578,True,False,False,Medium
USA,Large,Finance,Investment Services,"Ciales, PR, USA",,72039.0,PR,Name18104579,True,False,False,Medium
USA,Large,Finance,Investment Services,"Ciales, PR, USA",,72039.0,PR,Name18104580,True,True,False,Low
USA,Large,Finance,Investment Services,"Ciales, PR, USA",,72039.0,PR,Name18104581,True,False,False,Severe
USA,Large,Finance,Investment Services,"Ciales, PR, USA",,72039.0,PR,Name18104582,True,False,False,Low
USA,Large,Energy,Oil & Gas,"Ciales, PR, USA",,72039.0,PR,Name18104583,False,False,True,High
USA,Large,Energy,Oil & Gas,"Ciales, PR, USA",,72039.0,PR,Name18104584,False,True,False,Medium
USA,Large,Energy,Oil & Gas,"Ciales, PR, USA",,72039.0,PR,Name18104585,False,True,True,Severe
USA,Large,Energy,Oil & Gas,"Ciales, PR, USA",,72039.0,PR,Name18104587,False,False,True,Severe
USA,Large,Energy,Oil & Gas,"Ciales, PR, USA",,72039.0,PR,Name18104588,False,True,True,Low
USA,Large,Energy,Oil & Gas,"Ciales, PR, USA",,72039.0,PR,Name18104589,False,True,True,Medium
USA,Large,Energy,Oil & Gas,"Ciales, PR, USA",,72039.0,PR,Name18104590,False,True,False,Severe
USA,Large,Energy,Oil & Gas,"Ciales, PR, USA",,72039.0,PR,Name18104591,False,True,False,Severe
USA,Large,Energy,Oil & Gas,"Ciales, PR, USA",,72039.0,PR,Name18104592,True,True,False,Medium
USA,Large,Energy,Oil & Gas,"Ciales, PR, USA",,72039.0,PR,Name18104593,False,True,False,Low
USA,Large,Energy,Oil & Gas,"Ciales, PR, USA",,72039.0,PR,Name18104594,True,True,False,Medium
USA,Large,Energy,Oil & Gas,"Ciales, PR, USA",,72039.0,PR,Name18104595,False,True,False,Medium
USA,Large,Energy,Oil & Gas,"Ciales, PR, USA",,72039.0,PR,Name18104596,True,False,False,Low
USA,Large,Energy,Oil & Gas,"Ciales, PR, USA",,72039.0,PR,Name18104597,True,False,False,Low
USA,Large,Energy,Oil & Gas,"Ciales, PR, USA",,72039.0,PR,Name18104598,True,False,False,High
USA,Large,Energy,Oil & Gas,"Ciales, PR, USA",,72039.0,PR,Name18104599,True,True,False,High
USA,Large,Energy,Oil & Gas,"Ciales, PR, USA",,72039.0,PR,Name18104600,False,True,False,High
USA,Large,Energy,Oil & Gas,"Ciales, PR, USA",,72039.0,PR,Name18104601,False,True,True,Low
USA,Large,Energy,Oil & Gas,"Ciales, PR, USA",,72039.0,PR,Name18104602,False,True,True,Low
USA,Large,Energy,Oil & Gas,"Ciales, PR, USA",,72039.0,PR,Name18104603,True,False,False,High
USA,Large,Energy,Oil & Gas,"Ciales, PR, USA",,72039.0,PR,Name18104604,False,False,True,Medium
USA,Large,Energy,Renewable Energy,"Ciales, PR, USA",,72039.0,PR,Name18104605,False,False,True,Low
USA,Large,Energy,Renewable Energy,"Ciales, PR, USA",,72039.0,PR,Name18104606,True,False,False,Low
USA,Large,Energy,Renewable Energy,"Ciales, PR, USA",,72039.0,PR,Name18104607,True,True,False,Low
USA,Large,Energy,Renewable Energy,"Ciales, PR, USA",,72039.0,PR,Name18104608,True,False,False,High
USA,Large,Energy,Renewable Energy,"Ciales, PR, USA",,72039.0,PR,Name18104609,True,False,False,High
USA,Large,Energy,Renewable Energy,"Ciales, PR, USA",,72039.0,PR,Name18104610,True,True,False,Severe
USA,Large,Energy,Renewable Energy,"Ciales, PR, USA",,72039.0,PR,Name18104611,False,True,True,Low
USA,Large,Energy,Renewable Energy,"Ciales, PR, USA",,72039.0,PR,Name18104612,True,False,False,Low
USA,Large,Energy,Renewable Energy,"Ciales, PR, USA",,72039.0,PR,Name18104613,True,True,False,High
USA,Large,Energy,Renewable Energy,"Ciales, PR, USA",,72039.0,PR,Name18104614,True,False,False,High
USA,Large,Energy,Renewable Energy,"Ciales, PR, USA",,72039.0,PR,Name18104616,False,True,False,High
USA,Large,Energy,Renewable Energy,"Ciales, PR, USA",,72039.0,PR,Name18104618,False,True,True,High
USA,Large,Energy,Renewable Energy,"Ciales, PR, USA",,72039.0,PR,Name18104619,False,True,False,Severe
USA,Large,Energy,Renewable Energy,"Ciales, PR, USA",,72039.0,PR,Name18104620,True,True,False,Low
USA,Large,Energy,Renewable Energy,"Ciales, PR, USA",,72039.0,PR,Name18104621,True,True,False,Severe
USA,Large,Energy,Renewable Energy,"Ciales, PR, USA",,72039.0,PR,Name18104622,True,True,False,High
USA,Large,Energy,Renewable Energy,"Ciales, PR, USA",,72039.0,PR,Name18104623,True,True,False,Medium
USA,Large,Energy,Renewable Energy,"Ciales, PR, USA",,72039.0,PR,Name18104625,True,False,False,Medium
USA,Large,Energy,Renewable Energy,"Ciales, PR, USA",,72039.0,PR,Name18104626,True,False,False,High
USA,Large,Energy,Renewable Energy,"Ciales, PR, USA",,72039.0,PR,Name18104627,True,True,False,High
USA,Large,Energy,Renewable Energy,"Ciales, PR, USA",,72039.0,PR,Name18104628,False,False,True,Severe
USA,Large,Energy,Renewable Energy,"Ciales, PR, USA",,72039.0,PR,Name18104629,True,True,False,Severe
USA,Large,Energy,Renewable Energy,"Ciales, PR, USA",,72039.0,PR,Name18104630,True,False,False,Low
USA,Large,Energy,Renewable Energy,"Ciales, PR, USA",,72039.0,PR,Name18104631,True,False,False,Low
USA,Large,Energy,Renewable Energy,"Ciales, PR, USA",,72039.0,PR,Name18104633,True,False,False,High
USA,Large,Energy,Renewable Energy,"Ciales, PR, USA",,72039.0,PR,Name18104634,False,False,True,Severe
USA,Large,Energy,Renewable Energy,"Ciales, PR, USA",,72039.0,PR,Name18104635,True,True,False,Low
USA,Large,Energy,Energy Exploration,"Ciales, PR, USA",,72039.0,PR,Name18104636,False,True,True,Severe
USA,Large,Energy,Energy Exploration,"Ciales, PR, USA",,72039.0,PR,Name18104637,True,True,False,Severe
USA,Large,Energy,Energy Exploration,"Ciales, PR, USA",,72039.0,PR,Name18104638,True,True,False,Medium
USA,Large,Energy,Energy Exploration,"Ciales, PR, USA",,72039.0,PR,Name18104639,True,True,False,Severe
USA,Large,Energy,Energy Exploration,"Ciales, PR, USA",,72039.0,PR,Name18104640,True,False,False,Medium
USA,Large,Energy,Energy Exploration,"Ciales, PR, USA",,72039.0,PR,Name18104641,False,False,True,Severe
USA,Large,Energy,Energy Exploration,"Ciales, PR, USA",,72039.0,PR,Name18104642,True,True,False,Medium
USA,Large,Energy,Energy Exploration,"Ciales, PR, USA",,72039.0,PR,Name18104643,False,True,True,Severe
USA,Large,Energy,Energy Exploration,"Ciales, PR, USA",,72039.0,PR,Name18104644,True,True,False,Severe
USA,Large,Energy,Energy Exploration,"Ciales, PR, USA",,72039.0,PR,Name18104645,True,True,False,Low
USA,Large,Energy,Energy Exploration,"Ciales, PR, USA",,72039.0,PR,Name18104647,False,False,True,Severe
USA,Large,Energy,Energy Exploration,"Ciales, PR, USA",,72039.0,PR,Name18104648,False,True,False,Medium
USA,Large,Energy,Energy Exploration,"Ciales, PR, USA",,72039.0,PR,Name18104649,True,False,False,Severe
USA,Large,Energy,Energy Exploration,"Ciales, PR, USA",,72039.0,PR,Name18104650,False,False,True,Low
USA,Large,Energy,Energy Exploration,"Ciales, PR, USA",,72039.0,PR,Name18104651,True,True,False,Severe
USA,Large,Energy,Energy Exploration,"Ciales, PR, USA",,72039.0,PR,Name18104652,False,True,False,Low
USA,Large,Energy,Energy Exploration,"Ciales, PR, USA",,72039.0,PR,Name18104653,True,False,False,Low
USA,Large,Energy,Energy Exploration,"Ciales, PR, USA",,72039.0,PR,Name18104654,False,False,True,High
USA,Large,Energy,Energy Exploration,"Ciales, PR, USA",,72039.0,PR,Name18104655,True,True,False,Medium
USA,Large,Energy,Energy Exploration,"Ciales, PR, USA",,72039.0,PR,Name18104656,True,False,False,Severe
USA,Large,Consumer Goods,Food & Beverage,"Ciales, PR, USA",,72039.0,PR,Name18104657,False,True,True,Low
USA,Large,Consumer Goods,Food & Beverage,"Ciales, PR, USA",,72039.0,PR,Name18104658,True,True,False,High
USA,Large,Consumer Goods,Food & Beverage,"Ciales, PR, USA",,72039.0,PR,Name18104659,True,True,False,Severe
USA,Large,Consumer Goods,Food & Beverage,"Ciales, PR, USA",,72039.0,PR,Name18104661,False,True,False,High
USA,Large,Consumer Goods,Food & Beverage,"Ciales, PR, USA",,72039.0,PR,Name18104663,False,True,False,Low
USA,Large,Consumer Goods,Food & Beverage,"Ciales, PR, USA",,72039.0,PR,Name18104664,True,True,False,Medium
USA,Large,Consumer Goods,Food & Beverage,"Ciales, PR, USA",,72039.0,PR,Name18104665,True,False,False,Severe
USA,Large,Consumer Goods,Food & Beverage,"Ciales, PR, USA",,72039.0,PR,Name18104666,False,False,True,Severe
USA,Large,Consumer Goods,Food & Beverage,"Ciales, PR, USA",,72039.0,PR,Name18104667,False,False,True,Low
USA,Large,Consumer Goods,Food & Beverage,"Ciales, PR, USA",,72039.0,PR,Name18104669,False,True,False,Severe
USA,Large,Consumer Goods,Food & Beverage,"Ciales, PR, USA",,72039.0,PR,Name18104670,True,True,False,High
USA,Large,Consumer Goods,Food & Beverage,"Ciales, PR, USA",,72039.0,PR,Name18104671,True,False,False,Severe
USA,Large,Consumer Goods,Food & Beverage,"Ciales, PR, USA",,72039.0,PR,Name18104674,False,True,False,Medium
USA,Large,Consumer Goods,Food & Beverage,"Ciales, PR, USA",,72039.0,PR,Name18104675,True,False,False,Severe
USA,Large,Consumer Goods,Food & Beverage,"Ciales, PR, USA",,72039.0,PR,Name18104676,False,False,True,Severe
USA,Large,Consumer Goods,Food & Beverage,"Ciales, PR, USA",,72039.0,PR,Name18104677,True,True,False,Low
USA,Large,Consumer Goods,Food & Beverage,"Ciales, PR, USA",,72039.0,PR,Name18104678,True,False,False,Low
USA,Large,Consumer Goods,Food & Beverage,"Ciales, PR, USA",,72039.0,PR,Name18104680,True,True,False,Severe
USA,Large,Consumer Goods,Food & Beverage,"Ciales, PR, USA",,72039.0,PR,Name18104681,True,False,False,Low
USA,Large,Consumer Goods,Food & Beverage,"Ciales, PR, USA",,72039.0,PR,Name18104682,False,False,True,High
USA,Large,Consumer Goods,Food & Beverage,"Ciales, PR, USA",,72039.0,PR,Name18104683,True,True,False,Medium
USA,Large,Consumer Goods,Food & Beverage,"Ciales, PR, USA",,72039.0,PR,Name18104684,False,False,True,Severe
USA,Large,Consumer Goods,Food & Beverage,"Ciales, PR, USA",,72039.0,PR,Name18104685,False,True,True,Medium
USA,Large,Consumer Goods,Food & Beverage,"Ciales, PR, USA",,72039.0,PR,Name18104686,False,True,False,Low
USA,Large,Consumer Goods,Food & Beverage,"Ciales, PR, USA",,72039.0,PR,Name18104687,True,True,False,Severe
USA,Large,Consumer Goods,Food & Beverage,"Ciales, PR, USA",,72039.0,PR,Name18104688,False,True,True,Low
USA,Large,Consumer Goods,Food & Beverage,"Ciales, PR, USA",,72039.0,PR,Name18104689,False,False,True,Severe
USA,Large,Consumer Goods,Household Products,"Ciales, PR, USA",,72039.0,PR,Name18104690,True,True,False,Low
USA,Large,Consumer Goods,Household Products,"Ciales, PR, USA",,72039.0,PR,Name18104691,False,True,False,High
USA,Large,Consumer Goods,Household Products,"Ciales, PR, USA",,72039.0,PR,Name18104692,True,True,False,Low
USA,Large,Consumer Goods,Household Products,"Ciales, PR, USA",,72039.0,PR,Name18104693,False,False,True,High
USA,Large,Consumer Goods,Household Products,"Ciales, PR, USA",,72039.0,PR,Name18104694,True,True,False,Low
USA,Large,Consumer Goods,Household Products,"Ciales, PR, USA",,72039.0,PR,Name18104695,False,False,True,Severe
USA,Large,Consumer Goods,Household Products,"Ciales, PR, USA",,72039.0,PR,Name18104696,True,True,False,Severe
USA,Large,Consumer Goods,Household Products,"Ciales, PR, USA",,72039.0,PR,Name18104697,False,True,False,Medium
USA,Large,Consumer Goods,Household Products,"Ciales, PR, USA",,72039.0,PR,Name18104698,True,False,False,High
USA,Large,Consumer Goods,Household Products,"Ciales, PR, USA",,72039.0,PR,Name18104699,True,False,False,Low
USA,Large,Consumer Goods,Household Products,"Ciales, PR, USA",,72039.0,PR,Name18104700,True,True,False,High
USA,Large,Consumer Goods,Apparel,"Ciales, PR, USA",,72039.0,PR,Name18104701,True,False,False,Low
USA,Large,Consumer Goods,Apparel,"Ciales, PR, USA",,72039.0,PR,Name18104702,True,False,False,Low
USA,Large,Consumer Goods,Apparel,"Ciales, PR, USA",,72039.0,PR,Name18104703,True,False,False,High
USA,Large,Consumer Goods,Apparel,"Ciales, PR, USA",,72039.0,PR,Name18104704,True,False,False,Medium
USA,Large,Consumer Goods,Apparel,"Ciales, PR, USA",,72039.0,PR,Name18104705,True,False,False,Severe
USA,Large,Consumer Goods,Apparel,"Ciales, PR, USA",,72039.0,PR,Name18104706,True,True,False,Low
USA,Large,Consumer Goods,Apparel,"Ciales, PR, USA",,72039.0,PR,Name18104707,True,False,False,Medium
USA,Large,Consumer Goods,Apparel,"Ciales, PR, USA",,72039.0,PR,Name18104708,False,False,True,Low
USA,Large,Consumer Goods,Apparel,"Ciales, PR, USA",,72039.0,PR,Name18104709,True,False,False,Low
USA,Large,Consumer Goods,Apparel,"Ciales, PR, USA",,72039.0,PR,Name18104710,True,False,False,Medium
USA,Large,Consumer Goods,Apparel,"Ciales, PR, USA",,72039.0,PR,Name18104711,False,False,True,Medium
USA,Large,Consumer Goods,Apparel,"Ciales, PR, USA",,72039.0,PR,Name18104712,False,True,False,Low
USA,Large,Consumer Goods,Apparel,"Ciales, PR, USA",,72039.0,PR,Name18104713,True,True,False,Medium
USA,Large,Consumer Goods,Apparel,"Ciales, PR, USA",,72039.0,PR,Name18104714,False,True,True,Medium
USA,Large,Consumer Goods,Apparel,"Ciales, PR, USA",,72039.0,PR,Name18104715,False,True,False,Medium
USA,Large,Consumer Goods,Apparel,"Ciales, PR, USA",,72039.0,PR,Name18104716,False,False,True,Severe
USA,Large,Consumer Goods,Apparel,"Ciales, PR, USA",,72039.0,PR,Name18104717,True,False,False,High
USA,Large,Consumer Goods,Apparel,"Ciales, PR, USA",,72039.0,PR,Name18104718,True,False,False,High
USA,Large,Consumer Goods,Apparel,"Ciales, PR, USA",,72039.0,PR,Name18104719,True,False,False,Severe
USA,Large,Consumer Goods,Apparel,"Ciales, PR, USA",,72039.0,PR,Name18104720,True,True,False,Severe
USA,Large,Consumer Goods,Apparel,"Ciales, PR, USA",,72039.0,PR,Name18104721,True,True,False,Severe
USA,Large,Consumer Goods,Apparel,"Ciales, PR, USA",,72039.0,PR,Name18104722,False,True,True,High
USA,Large,Consumer Goods,Apparel,"Ciales, PR, USA",,72039.0,PR,Name18104723,False,True,True,Severe
USA,Large,Consumer Goods,Apparel,"Ciales, PR, USA",,72039.0,PR,Name18104724,False,True,True,Medium
USA,Large,Consumer Goods,Apparel,"Ciales, PR, USA",,72039.0,PR,Name18104725,False,True,False,Severe
USA,Large,Consumer Goods,Apparel,"Ciales, PR, USA",,72039.0,PR,Name18104726,True,True,False,Severe
USA,Large,Consumer Goods,Apparel,"Ciales, PR, USA",,72039.0,PR,Name18104727,False,False,True,Severe
USA,Large,Consumer Goods,Apparel,"Ciales, PR, USA",,72039.0,PR,Name18104728,True,False,False,Low
USA,Large,Consumer Goods,Apparel,"Ciales, PR, USA",,72039.0,PR,Name18104729,False,False,True,Medium
USA,Large,Consumer Goods,Apparel,"Ciales, PR, USA",,72039.0,PR,Name18104730,False,True,False,Medium
USA,Large,Consumer Goods,Apparel,"Ciales, PR, USA",,72039.0,PR,Name18104731,False,True,False,Medium
USA,Large,Consumer Goods,Apparel,"Ciales, PR, USA",,72039.0,PR,Name18104732,False,False,True,Severe
USA,Large,Consumer Goods,Apparel,"Ciales, PR, USA",,72039.0,PR,Name18104733,True,False,False,Medium
USA,Large,Consumer Goods,Apparel,"Ciales, PR, USA",,72039.0,PR,Name18104734,False,True,True,Severe
USA,Large,Consumer Goods,Apparel,"Ciales, PR, USA",,72039.0,PR,Name18104735,True,False,False,High
USA,Large,Consumer Goods,Apparel,"Ciales, PR, USA",,72039.0,PR,Name18104736,True,True,False,Low
USA,Large,Consumer Goods,Apparel,"Ciales, PR, USA",,72039.0,PR,Name18104737,True,False,False,Low
USA,Large,Consumer Goods,Apparel,"Ciales, PR, USA",,72039.0,PR,Name18104738,False,True,False,Medium
USA,Large,Consumer Goods,Apparel,"Ciales, PR, USA",,72039.0,PR,Name18104739,False,True,True,Medium
USA,Large,Consumer Goods,Apparel,"Ciales, PR, USA",,72039.0,PR,Name18104740,True,True,False,High
USA,Large,Consumer Goods,Apparel,"Ciales, PR, USA",,72039.0,PR,Name18104741,True,False,False,High
USA,Large,Consumer Goods,Apparel,"Ciales, PR, USA",,72039.0,PR,Name18104742,True,True,False,Low
USA,Large,Utilities,Electric,"Ciales, PR, USA",,72039.0,PR,Name18104743,True,True,False,High
USA,Large,Utilities,Electric,"Ciales, PR, USA",,72039.0,PR,Name18104744,False,True,False,Severe
USA,Large,Utilities,Electric,"Ciales, PR, USA",,72039.0,PR,Name18104745,False,True,False,High
USA,Large,Utilities,Electric,"Ciales, PR, USA",,72039.0,PR,Name18104746,True,False,False,Severe
USA,Large,Utilities,Electric,"Ciales, PR, USA",,72039.0,PR,Name18104747,True,True,False,Medium
USA,Large,Utilities,Electric,"Ciales, PR, USA",,72039.0,PR,Name18104748,False,True,True,High
USA,Large,Utilities,Electric,"Ciales, PR, USA",,72039.0,PR,Name18104749,True,False,False,Low
USA,Large,Utilities,Electric,"Ciales, PR, USA",,72039.0,PR,Name18104750,False,False,True,High
USA,Large,Utilities,Electric,"Ciales, PR, USA",,72039.0,PR,Name18104752,True,True,False,Low
USA,Large,Utilities,Electric,"Ciales, PR, USA",,72039.0,PR,Name18104753,True,False,False,Severe
USA,Large,Utilities,Electric,"Ciales, PR, USA",,72039.0,PR,Name18104754,False,True,True,Low
USA,Large,Utilities,Electric,"Ciales, PR, USA",,72039.0,PR,Name18104755,True,True,False,Medium
USA,Large,Utilities,Electric,"Ciales, PR, USA",,72039.0,PR,Name18104756,False,False,True,Severe
USA,Large,Utilities,Electric,"Ciales, PR, USA",,72039.0,PR,Name18104757,False,True,True,Severe
USA,Large,Utilities,Electric,"Ciales, PR, USA",,72039.0,PR,Name18104758,False,False,True,High
USA,Large,Utilities,Electric,"Ciales, PR, USA",,72039.0,PR,Name18104759,False,True,False,Medium
USA,Large,Utilities,Electric,"Ciales, PR, USA",,72039.0,PR,Name18104760,False,False,True,Low
USA,Large,Utilities,Electric,"Ciales, PR, USA",,72039.0,PR,Name18104761,True,True,False,Medium
USA,Large,Utilities,Electric,"Ciales, PR, USA",,72039.0,PR,Name18104762,False,True,True,High
USA,Large,Utilities,Electric,"Ciales, PR, USA",,72039.0,PR,Name18104763,False,True,False,Severe
USA,Large,Utilities,Electric,"Ciales, PR, USA",,72039.0,PR,Name18104764,False,False,True,Low
USA,Large,Utilities,Electric,"Ciales, PR, USA",,72039.0,PR,Name18104765,True,True,False,Severe
USA,Large,Utilities,Electric,"Ciales, PR, USA",,72039.0,PR,Name18104766,True,False,False,Low
USA,Large,Utilities,Electric,"Ciales, PR, USA",,72039.0,PR,Name18104767,False,True,True,Low
USA,Large,Utilities,Electric,"Ciales, PR, USA",,72039.0,PR,Name18104768,True,False,False,High
USA,Large,Utilities,Electric,"Ciales, PR, USA",,72039.0,PR,Name18104769,True,True,False,Low
USA,Large,Utilities,Electric,"Ciales, PR, USA",,72039.0,PR,Name18104770,True,False,False,High
USA,Large,Utilities,Electric,"Ciales, PR, USA",,72039.0,PR,Name18104771,True,True,False,Low
USA,Large,Utilities,Electric,"Ciales, PR, USA",,72039.0,PR,Name18104772,True,True,False,High
USA,Large,Utilities,Electric,"Ciales, PR, USA",,72039.0,PR,Name18104773,True,False,False,Severe
USA,Large,Utilities,Electric,"Ciales, PR, USA",,72039.0,PR,Name18104774,False,True,False,Severe
USA,Large,Utilities,Electric,"Ciales, PR, USA",,72039.0,PR,Name18104775,False,True,True,Medium
USA,Large,Utilities,Electric,"Ciales, PR, USA",,72039.0,PR,Name18104776,False,True,False,High
USA,Large,Utilities,Electric,"Ciales, PR, USA",,72039.0,PR,Name18104777,False,True,False,Medium
USA,Large,Utilities,Electric,"Ciales, PR, USA",,72039.0,PR,Name18104779,True,True,False,Severe
USA,Large,Utilities,Electric,"Ciales, PR, USA",,72039.0,PR,Name18104780,False,True,False,Severe
USA,Large,Utilities,Electric,"Ciales, PR, USA",,72039.0,PR,Name18104781,True,False,False,Low
USA,Large,Utilities,Electric,"Ciales, PR, USA",,72039.0,PR,Name18104782,True,True,False,High
USA,Large,Utilities,Electric,"Ciales, PR, USA",,72039.0,PR,Name18104783,True,False,False,Severe
USA,Large,Utilities,Water,"Ciales, PR, USA",,72039.0,PR,Name18104784,True,False,False,High
USA,Large,Utilities,Water,"Ciales, PR, USA",,72039.0,PR,Name18104785,True,False,False,High
USA,Large,Utilities,Water,"Ciales, PR, USA",,72039.0,PR,Name18104786,False,True,True,Severe
USA,Large,Utilities,Water,"Ciales, PR, USA",,72039.0,PR,Name18104787,True,False,False,High
USA,Large,Utilities,Water,"Ciales, PR, USA",,72039.0,PR,Name18104789,True,True,False,Low
USA,Large,Utilities,Water,"Ciales, PR, USA",,72039.0,PR,Name18104790,True,False,False,Medium
USA,Large,Utilities,Water,"Ciales, PR, USA",,72039.0,PR,Name18104791,True,True,False,Medium
USA,Large,Utilities,Water,"Ciales, PR, USA",,72039.0,PR,Name18104792,False,True,False,High
USA,Large,Utilities,Water,"Ciales, PR, USA",,72039.0,PR,Name18104793,True,True,False,Low
USA,Large,Utilities,Water,"Ciales, PR, USA",,72039.0,PR,Name18104794,False,False,True,Severe
USA,Large,Utilities,Water,"Ciales, PR, USA",,72039.0,PR,Name18104795,True,False,False,Medium
USA,Large,Utilities,Water,"Ciales, PR, USA",,72039.0,PR,Name18104796,True,False,False,Low
USA,Large,Utilities,Water,"Ciales, PR, USA",,72039.0,PR,Name18104797,True,False,False,Low
USA,Large,Utilities,Water,"Ciales, PR, USA",,72039.0,PR,Name18104798,False,True,False,Medium
USA,Large,Utilities,Water,"Ciales, PR, USA",,72039.0,PR,Name18104799,False,True,True,Medium
USA,Large,Utilities,Gas,"Ciales, PR, USA",,72039.0,PR,Name18104800,False,True,False,Low
USA,Large,Utilities,Gas,"Ciales, PR, USA",,72039.0,PR,Name18104801,True,True,False,High
USA,Large,Utilities,Gas,"Ciales, PR, USA",,72039.0,PR,Name18104802,True,True,False,Severe
USA,Large,Utilities,Gas,"Ciales, PR, USA",,72039.0,PR,Name18104803,True,True,False,Low
USA,Large,Utilities,Gas,"Ciales, PR, USA",,72039.0,PR,Name18104804,False,False,True,Low
USA,Large,Utilities,Gas,"Ciales, PR, USA",,72039.0,PR,Name18104805,True,True,False,Medium
USA,Large,Utilities,Gas,"Ciales, PR, USA",,72039.0,PR,Name18104806,True,False,False,Low
USA,Large,Utilities,Gas,"Ciales, PR, USA",,72039.0,PR,Name18104807,True,True,False,Low
USA,Large,Utilities,Gas,"Ciales, PR, USA",,72039.0,PR,Name18104808,True,True,False,Low
USA,Large,Utilities,Gas,"Ciales, PR, USA",,72039.0,PR,Name18104810,False,True,False,High
USA,Large,Real Estate,Residential,"Ciales, PR, USA",,72039.0,PR,Name18104811,True,False,False,Severe
USA,Large,Real Estate,Residential,"Ciales, PR, USA",,72039.0,PR,Name18104812,False,True,True,Low
USA,Large,Real Estate,Residential,"Ciales, PR, USA",,72039.0,PR,Name18104813,False,False,True,High
USA,Large,Real Estate,Residential,"Ciales, PR, USA",,72039.0,PR,Name18104814,False,True,False,High
USA,Large,Real Estate,Residential,"Ciales, PR, USA",,72039.0,PR,Name18104815,True,False,False,Low
USA,Large,Real Estate,Residential,"Ciales, PR, USA",,72039.0,PR,Name18104816,True,False,False,Severe
USA,Large,Real Estate,Residential,"Ciales, PR, USA",,72039.0,PR,Name18104817,False,True,True,Severe
USA,Large,Real Estate,Residential,"Ciales, PR, USA",,72039.0,PR,Name18104818,False,False,True,Severe
USA,Large,Real Estate,Residential,"Ciales, PR, USA",,72039.0,PR,Name18104819,False,True,False,Low
USA,Large,Real Estate,Residential,"Ciales, PR, USA",,72039.0,PR,Name18104820,False,False,True,Low
USA,Large,Real Estate,Residential,"Ciales, PR, USA",,72039.0,PR,Name18104821,False,True,True,High
USA,Large,Real Estate,Commercial,"Ciales, PR, USA",,72039.0,PR,Name18104822,True,True,False,Low
USA,Large,Real Estate,Commercial,"Ciales, PR, USA",,72039.0,PR,Name18104823,False,True,False,High
USA,Large,Real Estate,Commercial,"Ciales, PR, USA",,72039.0,PR,Name18104824,True,False,False,Low
USA,Large,Real Estate,Commercial,"Ciales, PR, USA",,72039.0,PR,Name18104825,True,False,False,Severe
USA,Large,Real Estate,Commercial,"Ciales, PR, USA",,72039.0,PR,Name18104827,False,True,True,Low
USA,Large,Real Estate,Commercial,"Ciales, PR, USA",,72039.0,PR,Name18104829,True,True,False,High
USA,Large,Real Estate,Commercial,"Ciales, PR, USA",,72039.0,PR,Name18104830,True,False,False,Severe
USA,Large,Real Estate,Commercial,"Ciales, PR, USA",,72039.0,PR,Name18104831,True,True,False,Medium
USA,Large,Real Estate,Commercial,"Ciales, PR, USA",,72039.0,PR,Name18104832,False,True,False,Medium
USA,Large,Real Estate,Commercial,"Ciales, PR, USA",,72039.0,PR,Name18104835,False,True,True,Medium
USA,Large,Real Estate,Commercial,"Ciales, PR, USA",,72039.0,PR,Name18104836,False,True,True,Low
USA,Large,Real Estate,Commercial,"Ciales, PR, USA",,72039.0,PR,Name18104837,True,True,False,Medium
USA,Large,Real Estate,Commercial,"Ciales, PR, USA",,72039.0,PR,Name18104838,True,True,False,Medium
USA,Large,Real Estate,Commercial,"Ciales, PR, USA",,72039.0,PR,Name18104839,True,False,False,Low
USA,Large,Real Estate,Commercial,"Ciales, PR, USA",,72039.0,PR,Name18104840,False,False,True,Medium
USA,Large,Real Estate,Commercial,"Ciales, PR, USA",,72039.0,PR,Name18104841,True,True,False,Medium
USA,Large,Real Estate,Commercial,"Ciales, PR, USA",,72039.0,PR,Name18104842,False,False,True,Medium
USA,Large,Real Estate,Commercial,"Ciales, PR, USA",,72039.0,PR,Name18104843,True,True,False,Medium
USA,Large,Real Estate,Commercial,"Ciales, PR, USA",,72039.0,PR,Name18104844,True,True,False,High
USA,Large,Real Estate,Commercial,"Ciales, PR, USA",,72039.0,PR,Name18104847,False,True,True,Low
USA,Large,Real Estate,Commercial,"Ciales, PR, USA",,72039.0,PR,Name18104848,False,True,False,Medium
USA,Large,Real Estate,Commercial,"Ciales, PR, USA",,72039.0,PR,Name18104849,True,True,False,Low
USA,Large,Real Estate,Commercial,"Ciales, PR, USA",,72039.0,PR,Name18104850,False,True,False,Low
USA,Large,Real Estate,Commercial,"Ciales, PR, USA",,72039.0,PR,Name18104851,False,True,False,Medium
USA,Large,Real Estate,Commercial,"Ciales, PR, USA",,72039.0,PR,Name18104852,False,False,True,High
USA,Large,Real Estate,Commercial,"Ciales, PR, USA",,72039.0,PR,Name18104853,True,False,False,Severe
USA,Large,Real Estate,Commercial,"Ciales, PR, USA",,72039.0,PR,Name18104854,False,True,True,Low
USA,Large,Real Estate,Commercial,"Ciales, PR, USA",,72039.0,PR,Name18104855,True,True,False,Medium
USA,Large,Real Estate,Commercial,"Ciales, PR, USA",,72039.0,PR,Name18104856,True,False,False,Low
USA,Large,Real Estate,Commercial,"Ciales, PR, USA",,72039.0,PR,Name18104857,False,True,False,Low
USA,Large,Real Estate,Commercial,"Ciales, PR, USA",,72039.0,PR,Name18104858,True,True,False,High
USA,Large,Real Estate,Commercial,"Ciales, PR, USA",,72039.0,PR,Name18104859,False,True,True,Medium
USA,Large,Real Estate,Commercial,"Ciales, PR, USA",,72039.0,PR,Name18104860,True,False,False,Medium
USA,Large,Real Estate,Industrial,"Ciales, PR, USA",,72039.0,PR,Name18104861,True,True,False,Severe
USA,Large,Real Estate,Industrial,"Ciales, PR, USA",,72039.0,PR,Name18104862,False,False,True,High
USA,Large,Real Estate,Industrial,"Ciales, PR, USA",,72039.0,PR,Name18104863,False,True,True,High
USA,Large,Real Estate,Industrial,"Ciales, PR, USA",,72039.0,PR,Name18104864,False,True,False,Medium
USA,Large,Real Estate,Industrial,"Ciales, PR, USA",,72039.0,PR,Name18104865,True,False,False,Severe
USA,Large,Real Estate,Industrial,"Ciales, PR, USA",,72039.0,PR,Name18104866,True,False,False,Medium
USA,Large,Real Estate,Industrial,"Ciales, PR, USA",,72039.0,PR,Name18104867,False,False,True,High
USA,Large,Real Estate,Industrial,"Ciales, PR, USA",,72039.0,PR,Name18104868,True,False,False,High
USA,Large,Real Estate,Industrial,"Ciales, PR, USA",,72039.0,PR,Name18104869,False,True,False,Low
USA,Large,Real Estate,Industrial,"Ciales, PR, USA",,72039.0,PR,Name18104870,True,False,False,Severe
USA,Large,Telecommunications,Mobile,"Ciales, PR, USA",,72039.0,PR,Name18104871,False,True,False,Medium
USA,Large,Telecommunications,Mobile,"Ciales, PR, USA",,72039.0,PR,Name18104872,True,True,False,Severe
USA,Large,Telecommunications,Mobile,"Ciales, PR, USA",,72039.0,PR,Name18104873,False,False,True,Severe
USA,Large,Telecommunications,Mobile,"Ciales, PR, USA",,72039.0,PR,Name18104874,True,False,False,Medium
USA,Large,Telecommunications,Mobile,"Ciales, PR, USA",,72039.0,PR,Name18104875,True,True,False,Severe
USA,Large,Telecommunications,Mobile,"Ciales, PR, USA",,72039.0,PR,Name18104876,True,True,False,Low
USA,Large,Telecommunications,Mobile,"Ciales, PR, USA",,72039.0,PR,Name18104877,True,False,False,Medium
USA,Large,Telecommunications,Mobile,"Ciales, PR, USA",,72039.0,PR,Name18104878,True,False,False,Medium
USA,Large,Telecommunications,Mobile,"Ciales, PR, USA",,72039.0,PR,Name18104879,True,True,False,Medium
USA,Large,Telecommunications,Mobile,"Ciales, PR, USA",,72039.0,PR,Name18104880,False,True,True,High
USA,Large,Telecommunications,Mobile,"Ciales, PR, USA",,72039.0,PR,Name18104881,False,True,True,Low
USA,Large,Telecommunications,Mobile,"Ciales, PR, USA",,72039.0,PR,Name18104882,True,False,False,Medium
USA,Large,Telecommunications,Mobile,"Ciales, PR, USA",,72039.0,PR,Name18104883,False,False,True,Severe
USA,Large,Telecommunications,Mobile,"Ciales, PR, USA",,72039.0,PR,Name18104885,False,True,True,High
USA,Large,Telecommunications,Mobile,"Ciales, PR, USA",,72039.0,PR,Name18104886,False,True,False,Medium
USA,Large,Telecommunications,Mobile,"Ciales, PR, USA",,72039.0,PR,Name18104887,False,True,False,Medium
USA,Large,Telecommunications,Mobile,"Ciales, PR, USA",,72039.0,PR,Name18104888,True,True,False,Low
USA,Large,Telecommunications,Mobile,"Ciales, PR, USA",,72039.0,PR,Name18104889,True,False,False,Medium
USA,Large,Telecommunications,Mobile,"Ciales, PR, USA",,72039.0,PR,Name18104890,True,False,False,Low
USA,Large,Telecommunications,Mobile,"Ciales, PR, USA",,72039.0,PR,Name18104891,False,True,False,Severe
USA,Large,Telecommunications,Mobile,"Ciales, PR, USA",,72039.0,PR,Name18104892,False,True,False,Severe
USA,Large,Telecommunications,Mobile,"Ciales, PR, USA",,72039.0,PR,Name18104893,True,True,False,Severe
USA,Large,Telecommunications,Mobile,"Ciales, PR, USA",,72039.0,PR,Name18104895,True,True,False,Low
USA,Large,Telecommunications,Mobile,"Ciales, PR, USA",,72039.0,PR,Name18104896,True,True,False,High
USA,Large,Telecommunications,Mobile,"Ciales, PR, USA",,72039.0,PR,Name18104897,True,True,False,High
USA,Large,Telecommunications,Mobile,"Ciales, PR, USA",,72039.0,PR,Name18104898,False,True,True,High
USA,Large,Telecommunications,Mobile,"Ciales, PR, USA",,72039.0,PR,Name18104899,True,True,False,Low
USA,Large,Telecommunications,Mobile,"Ciales, PR, USA",,72039.0,PR,Name18104901,True,False,False,Low
USA,Large,Telecommunications,Mobile,"Ciales, PR, USA",,72039.0,PR,Name18104903,False,True,True,Severe
USA,Large,Telecommunications,Mobile,"Ciales, PR, USA",,72039.0,PR,Name18104904,True,False,False,Low
USA,Large,Telecommunications,Mobile,"Ciales, PR, USA",,72039.0,PR,Name18104905,True,False,False,Low
USA,Large,Telecommunications,Mobile,"Ciales, PR, USA",,72039.0,PR,Name18104908,True,False,False,High
USA,Large,Telecommunications,Broadband,"Ciales, PR, USA",,72039.0,PR,Name18104909,True,True,False,High
USA,Large,Telecommunications,Broadband,"Ciales, PR, USA",,72039.0,PR,Name18104910,True,False,False,Severe
USA,Large,Telecommunications,Broadband,"Ciales, PR, USA",,72039.0,PR,Name18104911,True,True,False,Medium
USA,Large,Telecommunications,Broadband,"Ciales, PR, USA",,72039.0,PR,Name18104912,True,False,False,Severe
USA,Large,Telecommunications,Broadband,"Ciales, PR, USA",,72039.0,PR,Name18104913,False,True,False,Low
USA,Large,Telecommunications,Broadband,"Ciales, PR, USA",,72039.0,PR,Name18104914,True,True,False,Low
USA,Large,Telecommunications,Broadband,"Ciales, PR, USA",,72039.0,PR,Name18104915,True,True,False,High
USA,Large,Telecommunications,Broadband,"Ciales, PR, USA",,72039.0,PR,Name18104916,True,False,False,Severe
USA,Large,Telecommunications,Broadband,"Ciales, PR, USA",,72039.0,PR,Name18104917,True,False,False,High
USA,Large,Telecommunications,Broadband,"Ciales, PR, USA",,72039.0,PR,Name18104918,True,True,False,Medium
USA,Large,Telecommunications,Broadband,"Ciales, PR, USA",,72039.0,PR,Name18104919,False,False,True,High
USA,Large,Telecommunications,Broadband,"Ciales, PR, USA",,72039.0,PR,Name18104920,False,True,False,High
USA,Large,Telecommunications,Broadband,"Ciales, PR, USA",,72039.0,PR,Name18104921,True,False,False,Low
USA,Large,Telecommunications,Broadband,"Ciales, PR, USA",,72039.0,PR,Name18104922,False,True,True,High
USA,Large,Telecommunications,Broadband,"Ciales, PR, USA",,72039.0,PR,Name18104923,True,False,False,Low
USA,Large,Telecommunications,Satellite,"Ciales, PR, USA",,72039.0,PR,Name18104924,True,False,False,Severe
USA,Large,Telecommunications,Satellite,"Ciales, PR, USA",,72039.0,PR,Name18104925,False,True,True,Low
USA,Large,Telecommunications,Satellite,"Ciales, PR, USA",,72039.0,PR,Name18104926,True,False,False,Medium
USA,Large,Telecommunications,Satellite,"Ciales, PR, USA",,72039.0,PR,Name18104927,True,True,False,High
USA,Large,Telecommunications,Satellite,"Ciales, PR, USA",,72039.0,PR,Name18104928,True,True,False,Low
USA,Large,Telecommunications,Satellite,"Ciales, PR, USA",,72039.0,PR,Name18104929,False,False,True,High
USA,Large,Telecommunications,Satellite,"Ciales, PR, USA",,72039.0,PR,Name18104930,True,True,False,Medium
USA,Large,Telecommunications,Satellite,"Ciales, PR, USA",,72039.0,PR,Name18104931,False,True,False,Medium
USA,Large,Telecommunications,Satellite,"Ciales, PR, USA",,72039.0,PR,Name18104932,False,False,True,Low
USA,Large,Telecommunications,Satellite,"Ciales, PR, USA",,72039.0,PR,Name18104933,True,True,False,High
USA,Large,Telecommunications,Satellite,"Ciales, PR, USA",,72039.0,PR,Name18104934,False,True,False,Severe
USA,Large,Telecommunications,Satellite,"Ciales, PR, USA",,72039.0,PR,Name18104935,True,False,False,Medium
USA,Large,Telecommunications,Satellite,"Ciales, PR, USA",,72039.0,PR,Name18104936,False,True,False,Severe
USA,Large,Telecommunications,Satellite,"Ciales, PR, USA",,72039.0,PR,Name18104938,True,True,False,Low
USA,Large,Telecommunications,Satellite,"Ciales, PR, USA",,72039.0,PR,Name18104939,False,True,True,High
USA,Large,Telecommunications,Satellite,"Ciales, PR, USA",,72039.0,PR,Name18104940,True,False,False,Severe
USA,Large,Telecommunications,Satellite,"Ciales, PR, USA",,72039.0,PR,Name18104941,False,False,True,Medium
USA,Large,Telecommunications,Satellite,"Ciales, PR, USA",,72039.0,PR,Name18104942,True,True,False,Low
USA,Large,Materials,Chemicals,"Ciales, PR, USA",,72039.0,PR,Name18104944,True,False,False,Medium
USA,Large,Materials,Chemicals,"Ciales, PR, USA",,72039.0,PR,Name18104945,True,True,False,Medium
USA,Large,Materials,Chemicals,"Ciales, PR, USA",,72039.0,PR,Name18104946,True,False,False,Medium
USA,Large,Materials,Chemicals,"Ciales, PR, USA",,72039.0,PR,Name18104947,True,True,False,Medium
USA,Large,Materials,Chemicals,"Ciales, PR, USA",,72039.0,PR,Name18104948,False,True,False,Severe
USA,Large,Materials,Chemicals,"Ciales, PR, USA",,72039.0,PR,Name18104949,True,True,False,Medium
USA,Large,Materials,Chemicals,"Ciales, PR, USA",,72039.0,PR,Name18104950,False,True,False,Medium
USA,Large,Materials,Chemicals,"Ciales, PR, USA",,72039.0,PR,Name18104951,False,True,False,Medium
USA,Large,Materials,Chemicals,"Ciales, PR, USA",,72039.0,PR,Name18104952,False,False,True,High
USA,Large,Materials,Chemicals,"Ciales, PR, USA",,72039.0,PR,Name18104953,False,False,True,Low
USA,Large,Materials,Chemicals,"Ciales, PR, USA",,72039.0,PR,Name18104954,True,False,False,Low
USA,Large,Materials,Chemicals,"Ciales, PR, USA",,72039.0,PR,Name18104955,False,False,True,Low
USA,Large,Materials,Chemicals,"Ciales, PR, USA",,72039.0,PR,Name18104956,True,True,False,Severe
USA,Large,Materials,Chemicals,"Ciales, PR, USA",,72039.0,PR,Name18104957,True,True,False,High
USA,Large,Materials,Chemicals,"Ciales, PR, USA",,72039.0,PR,Name18104958,True,True,False,Low
USA,Large,Materials,Chemicals,"Ciales, PR, USA",,72039.0,PR,Name18104959,True,True,False,Medium
USA,Large,Materials,Metals & Mining,"Ciales, PR, USA",,72039.0,PR,Name18104960,False,True,True,Low
USA,Large,Materials,Metals & Mining,"Ciales, PR, USA",,72039.0,PR,Name18104961,False,True,True,High
USA,Large,Materials,Metals & Mining,"Ciales, PR, USA",,72039.0,PR,Name18104962,True,True,False,Severe
USA,Large,Materials,Metals & Mining,"Ciales, PR, USA",,72039.0,PR,Name18104963,False,False,True,Low
USA,Large,Materials,Metals & Mining,"Ciales, PR, USA",,72039.0,PR,Name18104964,True,False,False,Severe
USA,Large,Materials,Metals & Mining,"Ciales, PR, USA",,72039.0,PR,Name18104965,True,True,False,High
USA,Large,Materials,Metals & Mining,"Ciales, PR, USA",,72039.0,PR,Name18104966,True,False,False,High
USA,Large,Materials,Metals & Mining,"Ciales, PR, USA",,72039.0,PR,Name18104967,True,False,False,High
USA,Large,Materials,Metals & Mining,"Ciales, PR, USA",,72039.0,PR,Name18104968,True,False,False,High
USA,Large,Materials,Construction Materials,"Ciales, PR, USA",,72039.0,PR,Name18104969,True,True,False,High
USA,Large,Materials,Construction Materials,"Ciales, PR, USA",,72039.0,PR,Name18104970,False,True,False,Medium
USA,Large,Materials,Construction Materials,"Ciales, PR, USA",,72039.0,PR,Name18104971,True,True,False,Severe
USA,Large,Materials,Construction Materials,"Ciales, PR, USA",,72039.0,PR,Name18104972,False,False,True,Medium
USA,Large,Materials,Construction Materials,"Ciales, PR, USA",,72039.0,PR,Name18104973,False,True,False,Medium
USA,Large,Materials,Construction Materials,"Ciales, PR, USA",,72039.0,PR,Name18104974,False,True,False,Severe
USA,Large,Materials,Construction Materials,"Ciales, PR, USA",,72039.0,PR,Name18104975,True,True,False,Medium
USA,Large,Materials,Construction Materials,"Ciales, PR, USA",,72039.0,PR,Name18104976,False,True,False,Low
USA,Large,Materials,Construction Materials,"Ciales, PR, USA",,72039.0,PR,Name18104977,False,True,True,Low
USA,Large,Materials,Construction Materials,"Ciales, PR, USA",,72039.0,PR,Name18104978,True,True,False,High
USA,Large,Materials,Construction Materials,"Ciales, PR, USA",,72039.0,PR,Name18104979,True,False,False,Low
USA,Large,Materials,Construction Materials,"Ciales, PR, USA",,72039.0,PR,Name18104980,True,False,False,High
USA,Large,Materials,Construction Materials,"Ciales, PR, USA",,72039.0,PR,Name18104981,False,True,True,High
USA,Large,Materials,Construction Materials,"Ciales, PR, USA",,72039.0,PR,Name18104982,True,True,False,Low
USA,Large,Materials,Construction Materials,"Ciales, PR, USA",,72039.0,PR,Name18104983,False,True,True,Low
USA,Large,Materials,Construction Materials,"Ciales, PR, USA",,72039.0,PR,Name18104984,True,False,False,High
USA,Large,Materials,Construction Materials,"Ciales, PR, USA",,72039.0,PR,Name18104985,False,True,True,High
USA,Large,Materials,Construction Materials,"Ciales, PR, USA",,72039.0,PR,Name18104986,True,False,False,Low
USA,Large,Materials,Construction Materials,"Ciales, PR, USA",,72039.0,PR,Name18104987,True,True,False,Medium
USA,Large,Materials,Construction Materials,"Ciales, PR, USA",,72039.0,PR,Name18104988,True,True,False,Medium
USA,Large,Materials,Construction Materials,"Ciales, PR, USA",,72039.0,PR,Name18104989,True,False,False,High
USA,Large,Materials,Construction Materials,"Ciales, PR, USA",,72039.0,PR,Name18104990,True,True,False,Severe
USA,Large,Materials,Construction Materials,"Ciales, PR, USA",,72039.0,PR,Name18104991,False,True,True,Medium
USA,Large,Materials,Construction Materials,"Ciales, PR, USA",,72039.0,PR,Name18104992,False,True,True,High
USA,Large,Materials,Construction Materials,"Ciales, PR, USA",,72039.0,PR,Name18104993,False,True,True,Low
USA,Large,Materials,Construction Materials,"Ciales, PR, USA",,72039.0,PR,Name18104994,True,False,False,High
USA,Large,Materials,Construction Materials,"Ciales, PR, USA",,72039.0,PR,Name18104995,False,True,False,High
USA,Large,Materials,Construction Materials,"Ciales, PR, USA",,72039.0,PR,Name18104996,True,True,False,Severe
USA,Large,Materials,Construction Materials,"Ciales, PR, USA",,72039.0,PR,Name18104997,True,True,False,High
USA,Large,Materials,Construction Materials,"Ciales, PR, USA",,72039.0,PR,Name18104998,False,True,True,Medium
USA,Large,Materials,Construction Materials,"Ciales, PR, USA",,72039.0,PR,Name18104999,False,True,False,Severe
USA,Large,Materials,Construction Materials,"Ciales, PR, USA",,72039.0,PR,Name18105000,False,True,True,Low
USA,Large,Materials,Construction Materials,"Ciales, PR, USA",,72039.0,PR,Name18105001,True,True,False,High
USA,Large,Materials,Construction Materials,"Ciales, PR, USA",,72039.0,PR,Name18105002,True,True,False,Medium
USA,Large,Materials,Construction Materials,"Ciales, PR, USA",,72039.0,PR,Name18105003,True,True,False,High
USA,Large,Materials,Construction Materials,"Ciales, PR, USA",,72039.0,PR,Name18105004,True,True,False,Low
USA,Large,Materials,Construction Materials,"Ciales, PR, USA",,72039.0,PR,Name18105005,True,True,False,Medium
USA,Large,Materials,Construction Materials,"Ciales, PR, USA",,72039.0,PR,Name18105006,True,True,False,Medium
USA,Large,Materials,Construction Materials,"Ciales, PR, USA",,72039.0,PR,Name18105007,True,True,False,Severe
USA,Large,Materials,Construction Materials,"Ciales, PR, USA",,72039.0,PR,Name18105008,True,False,False,Medium
USA,Large,Industrials,Aerospace & Defense,"Ciales, PR, USA",,72039.0,PR,Name18105009,False,True,False,Severe
USA,Large,Industrials,Aerospace & Defense,"Ciales, PR, USA",,72039.0,PR,Name18105010,True,True,False,Low
USA,Large,Industrials,Aerospace & Defense,"Ciales, PR, USA",,72039.0,PR,Name18105011,False,False,True,High
USA,Large,Industrials,Aerospace & Defense,"Ciales, PR, USA",,72039.0,PR,Name18105012,True,True,False,Low
USA,Large,Industrials,Aerospace & Defense,"Ciales, PR, USA",,72039.0,PR,Name18105013,True,False,False,Medium
USA,Large,Industrials,Aerospace & Defense,"Ciales, PR, USA",,72039.0,PR,Name18105014,True,True,False,Medium
USA,Large,Industrials,Aerospace & Defense,"Ciales, PR, USA",,72039.0,PR,Name18105016,False,False,True,Severe
USA,Large,Industrials,Aerospace & Defense,"Ciales, PR, USA",,72039.0,PR,Name18105017,True,True,False,High
USA,Large,Industrials,Aerospace & Defense,"Ciales, PR, USA",,72039.0,PR,Name18105018,False,True,True,High
USA,Large,Industrials,Aerospace & Defense,"Ciales, PR, USA",,72039.0,PR,Name18105019,False,True,True,Severe
USA,Large,Industrials,Aerospace & Defense,"Ciales, PR, USA",,72039.0,PR,Name18105020,False,True,True,Medium
USA,Large,Industrials,Aerospace & Defense,"Ciales, PR, USA",,72039.0,PR,Name18105021,True,False,False,Severe
USA,Large,Industrials,Aerospace & Defense,"Ciales, PR, USA",,72039.0,PR,Name18105022,True,False,False,Low
USA,Large,Industrials,Aerospace & Defense,"Ciales, PR, USA",,72039.0,PR,Name18105023,True,True,False,Low
USA,Large,Industrials,Aerospace & Defense,"Ciales, PR, USA",,72039.0,PR,Name18105024,True,False,False,High
USA,Large,Industrials,Aerospace & Defense,"Ciales, PR, USA",,72039.0,PR,Name18105025,True,True,False,High
USA,Large,Industrials,Aerospace & Defense,"Ciales, PR, USA",,72039.0,PR,Name18105026,True,True,False,Medium
USA,Large,Industrials,Aerospace & Defense,"Ciales, PR, USA",,72039.0,PR,Name18105027,False,True,True,Medium
USA,Large,Industrials,Aerospace & Defense,"Ciales, PR, USA",,72039.0,PR,Name18105028,False,True,False,Severe
USA,Large,Industrials,Aerospace & Defense,"Ciales, PR, USA",,72039.0,PR,Name18105029,True,True,False,Severe
USA,Large,Industrials,Aerospace & Defense,"Ciales, PR, USA",,72039.0,PR,Name18105030,True,True,False,Severe
USA,Large,Industrials,Aerospace & Defense,"Ciales, PR, USA",,72039.0,PR,Name18105031,True,True,False,Medium
USA,Large,Industrials,Aerospace & Defense,"Ciales, PR, USA",,72039.0,PR,Name18105032,True,True,False,Severe
USA,Large,Industrials,Aerospace & Defense,"Ciales, PR, USA",,72039.0,PR,Name18105033,True,False,False,Severe
USA,Large,Industrials,Aerospace & Defense,"Ciales, PR, USA",,72039.0,PR,Name18105034,True,False,False,Low
USA,Large,Industrials,Aerospace & Defense,"Ciales, PR, USA",,72039.0,PR,Name18105036,True,True,False,Medium
USA,Large,Industrials,Aerospace & Defense,"Ciales, PR, USA",,72039.0,PR,Name18105037,True,False,False,Severe
USA,Large,Industrials,Machinery,"Ciales, PR, USA",,72039.0,PR,Name18105038,True,True,False,High
USA,Large,Industrials,Machinery,"Ciales, PR, USA",,72039.0,PR,Name18105039,True,False,False,Severe
USA,Large,Industrials,Machinery,"Ciales, PR, USA",,72039.0,PR,Name18105040,False,False,True,Low
USA,Large,Industrials,Machinery,"Ciales, PR, USA",,72039.0,PR,Name18105041,False,True,True,High
USA,Large,Industrials,Machinery,"Ciales, PR, USA",,72039.0,PR,Name18105042,True,True,False,Severe
USA,Large,Industrials,Machinery,"Ciales, PR, USA",,72039.0,PR,Name18105043,True,True,False,Medium
USA,Large,Industrials,Machinery,"Ciales, PR, USA",,72039.0,PR,Name18105044,False,True,False,High
USA,Large,Industrials,Machinery,"Ciales, PR, USA",,72039.0,PR,Name18105045,False,True,False,Low
USA,Large,Industrials,Machinery,"Ciales, PR, USA",,72039.0,PR,Name18105046,True,False,False,High
USA,Large,Industrials,Machinery,"Ciales, PR, USA",,72039.0,PR,Name18105047,True,True,False,High
USA,Large,Industrials,Machinery,"Ciales, PR, USA",,72039.0,PR,Name18105049,False,True,False,High
USA,Large,Industrials,Machinery,"Ciales, PR, USA",,72039.0,PR,Name18105050,False,False,True,High
USA,Large,Industrials,Industrial Services,"Ciales, PR, USA",,72039.0,PR,Name18105053,True,True,False,Medium
USA,Large,Industrials,Industrial Services,"Ciales, PR, USA",,72039.0,PR,Name18105054,True,True,False,High
USA,Large,Industrials,Industrial Services,"Ciales, PR, USA",,72039.0,PR,Name18105055,False,False,True,Low
USA,Large,Industrials,Industrial Services,"Ciales, PR, USA",,72039.0,PR,Name18105056,False,True,True,Severe
USA,Large,Industrials,Industrial Services,"Ciales, PR, USA",,72039.0,PR,Name18105057,False,False,True,High
USA,Large,Industrials,Industrial Services,"Ciales, PR, USA",,72039.0,PR,Name18105058,False,False,True,Low
USA,Large,Industrials,Industrial Services,"Ciales, PR, USA",,72039.0,PR,Name18105059,True,False,False,High
USA,Large,Industrials,Industrial Services,"Ciales, PR, USA",,72039.0,PR,Name18105060,True,False,False,Low
USA,Large,Industrials,Industrial Services,"Ciales, PR, USA",,72039.0,PR,Name18105061,True,False,False,Low
USA,Large,Industrials,Industrial Services,"Ciales, PR, USA",,72039.0,PR,Name18105062,False,False,True,Medium
USA,Large,Industrials,Industrial Services,"Ciales, PR, USA",,72039.0,PR,Name18105063,True,True,False,High
USA,Large,Industrials,Industrial Services,"Ciales, PR, USA",,72039.0,PR,Name18105064,True,True,False,Medium
USA,Large,Industrials,Industrial Services,"Ciales, PR, USA",,72039.0,PR,Name18105065,True,True,False,Severe
USA,Large,Industrials,Industrial Services,"Ciales, PR, USA",,72039.0,PR,Name18105066,False,True,True,Medium
USA,Large,Industrials,Industrial Services,"Ciales, PR, USA",,72039.0,PR,Name18105067,False,False,True,Medium
USA,Large,Industrials,Industrial Services,"Ciales, PR, USA",,72039.0,PR,Name18105068,False,True,True,Severe
USA,Large,Industrials,Industrial Services,"Ciales, PR, USA",,72039.0,PR,Name18105069,False,False,True,Severe
USA,Large,Industrials,Industrial Services,"Ciales, PR, USA",,72039.0,PR,Name18105070,False,True,True,High
USA,Large,Industrials,Industrial Services,"Ciales, PR, USA",,72039.0,PR,Name18105071,False,False,True,Low
USA,Large,Industrials,Industrial Services,"Ciales, PR, USA",,72039.0,PR,Name18105072,False,False,True,High
USA,Large,Industrials,Industrial Services,"Ciales, PR, USA",,72039.0,PR,Name18105074,True,True,False,Severe
USA,Large,Industrials,Industrial Services,"Ciales, PR, USA",,72039.0,PR,Name18105075,False,False,True,Medium
USA,Large,Industrials,Industrial Services,"Ciales, PR, USA",,72039.0,PR,Name18105076,True,True,False,High
USA,Large,Industrials,Industrial Services,"Ciales, PR, USA",,72039.0,PR,Name18105077,True,True,False,High
USA,Large,Industrials,Industrial Services,"Ciales, PR, USA",,72039.0,PR,Name18105078,True,False,False,High
USA,Large,Industrials,Industrial Services,"Ciales, PR, USA",,72039.0,PR,Name18105079,True,True,False,Medium
USA,Large,Industrials,Industrial Services,"Ciales, PR, USA",,72039.0,PR,Name18105080,True,True,False,Low
USA,Large,Industrials,Industrial Services,"Ciales, PR, USA",,72039.0,PR,Name18105081,True,False,False,Severe
USA,Large,Industrials,Industrial Services,"Ciales, PR, USA",,72039.0,PR,Name18105082,False,False,True,Low
USA,Large,Industrials,Industrial Services,"Ciales, PR, USA",,72039.0,PR,Name18105083,False,True,True,Low
USA,Large,Industrials,Industrial Services,"Ciales, PR, USA",,72039.0,PR,Name18105085,False,False,True,Severe
USA,Large,Industrials,Industrial Services,"Ciales, PR, USA",,72039.0,PR,Name18105086,False,False,True,Low
USA,Large,Industrials,Industrial Services,"Ciales, PR, USA",,72039.0,PR,Name18105087,False,True,False,High
USA,Large,Industrials,Industrial Services,"Ciales, PR, USA",,72039.0,PR,Name18105088,True,False,False,High
USA,Large,Industrials,Industrial Services,"Ciales, PR, USA",,72039.0,PR,Name18105089,True,False,False,Medium
USA,Large,Industrials,Industrial Services,"Ciales, PR, USA",,72039.0,PR,Name18105090,False,True,False,Medium
USA,Large,Consumer Services,Retail,"Ciales, PR, USA",,72039.0,PR,Name18105091,False,True,False,Severe
USA,Large,Consumer Services,Retail,"Ciales, PR, USA",,72039.0,PR,Name18105092,True,True,False,Medium
USA,Large,Consumer Services,Retail,"Ciales, PR, USA",,72039.0,PR,Name18105093,False,True,True,High
USA,Large,Consumer Services,Retail,"Ciales, PR, USA",,72039.0,PR,Name18105094,False,False,True,Low
USA,Large,Consumer Services,Retail,"Ciales, PR, USA",,72039.0,PR,Name18105095,False,True,True,High
USA,Large,Consumer Services,Retail,"Ciales, PR, USA",,72039.0,PR,Name18105096,True,True,False,Severe
USA,Large,Consumer Services,Retail,"Ciales, PR, USA",,72039.0,PR,Name18105098,False,True,True,Severe
USA,Large,Consumer Services,Retail,"Ciales, PR, USA",,72039.0,PR,Name18105099,True,True,False,Low
USA,Large,Consumer Services,Retail,"Ciales, PR, USA",,72039.0,PR,Name18105100,True,False,False,Severe
USA,Large,Consumer Services,Retail,"Ciales, PR, USA",,72039.0,PR,Name18105102,True,False,False,High
USA,Large,Consumer Services,Retail,"Ciales, PR, USA",,72039.0,PR,Name18105104,False,True,True,Severe
USA,Large,Consumer Services,Retail,"Ciales, PR, USA",,72039.0,PR,Name18105105,False,False,True,Medium
USA,Large,Consumer Services,Retail,"Ciales, PR, USA",,72039.0,PR,Name18105106,True,True,False,Severe
USA,Large,Consumer Services,Retail,"Ciales, PR, USA",,72039.0,PR,Name18105107,True,False,False,High
USA,Large,Consumer Services,Retail,"Ciales, PR, USA",,72039.0,PR,Name18105108,False,True,False,Severe
USA,Large,Consumer Services,Retail,"Ciales, PR, USA",,72039.0,PR,Name18105109,True,True,False,Medium
USA,Large,Consumer Services,Retail,"Ciales, PR, USA",,72039.0,PR,Name18105110,True,True,False,Low
USA,Large,Consumer Services,Retail,"Ciales, PR, USA",,72039.0,PR,Name18105111,False,True,False,Severe
USA,Large,Consumer Services,Retail,"Ciales, PR, USA",,72039.0,PR,Name18105112,False,False,True,Severe
USA,Large,Consumer Services,Retail,"Ciales, PR, USA",,72039.0,PR,Name18105113,True,True,False,Low
USA,Large,Consumer Services,Retail,"Ciales, PR, USA",,72039.0,PR,Name18105114,True,False,False,Low
USA,Large,Consumer Services,Retail,"Ciales, PR, USA",,72039.0,PR,Name18105115,True,True,False,High
USA,Large,Consumer Services,Retail,"Ciales, PR, USA",,72039.0,PR,Name18105116,False,False,True,Severe
USA,Large,Consumer Services,Retail,"Ciales, PR, USA",,72039.0,PR,Name18105117,False,True,True,Severe
USA,Large,Consumer Services,Retail,"Ciales, PR, USA",,72039.0,PR,Name18105118,True,True,False,Low
USA,Large,Consumer Services,Travel & Leisure,"Ciales, PR, USA",,72039.0,PR,Name18105120,True,False,False,Severe
USA,Large,Consumer Services,Travel & Leisure,"Ciales, PR, USA",,72039.0,PR,Name18105121,True,True,False,Medium
USA,Large,Consumer Services,Travel & Leisure,"Ciales, PR, USA",,72039.0,PR,Name18105122,False,True,False,Low
USA,Large,Consumer Services,Travel & Leisure,"Ciales, PR, USA",,72039.0,PR,Name18105123,False,True,True,Severe
USA,Large,Consumer Services,Travel & Leisure,"Ciales, PR, USA",,72039.0,PR,Name18105125,True,True,False,High
USA,Large,Consumer Services,Travel & Leisure,"Ciales, PR, USA",,72039.0,PR,Name18105126,True,True,False,High
USA,Large,Consumer Services,Travel & Leisure,"Ciales, PR, USA",,72039.0,PR,Name18105127,True,True,False,Severe
USA,Large,Consumer Services,Travel & Leisure,"Ciales, PR, USA",,72039.0,PR,Name18105128,True,True,False,Low
USA,Large,Consumer Services,Travel & Leisure,"Ciales, PR, USA",,72039.0,PR,Name18105129,True,False,False,Severe
USA,Large,Consumer Services,Travel & Leisure,"Ciales, PR, USA",,72039.0,PR,Name18105130,False,False,True,Severe
USA,Large,Consumer Services,Travel & Leisure,"Ciales, PR, USA",,72039.0,PR,Name18105131,False,True,False,Medium
USA,Large,Consumer Services,Travel & Leisure,"Ciales, PR, USA",,72039.0,PR,Name18105132,False,True,True,High
USA,Large,Consumer Services,Travel & Leisure,"Ciales, PR, USA",,72039.0,PR,Name18105133,False,True,False,High
USA,Large,Consumer Services,Travel & Leisure,"Ciales, PR, USA",,72039.0,PR,Name18105134,True,False,False,Low
USA,Large,Consumer Services,Travel & Leisure,"Ciales, PR, USA",,72039.0,PR,Name18105135,True,False,False,High
USA,Large,Consumer Services,Travel & Leisure,"Ciales, PR, USA",,72039.0,PR,Name18105136,True,False,False,Medium
USA,Large,Consumer Services,Travel & Leisure,"Ciales, PR, USA",,72039.0,PR,Name18105139,True,True,False,High
USA,Large,Consumer Services,Travel & Leisure,"Ciales, PR, USA",,72039.0,PR,Name18105140,False,False,True,Low
USA,Large,Consumer Services,Travel & Leisure,"Ciales, PR, USA",,72039.0,PR,Name18105141,False,False,True,High
USA,Large,Consumer Services,Travel & Leisure,"Ciales, PR, USA",,72039.0,PR,Name18105142,True,True,False,Severe
USA,Large,Consumer Services,Travel & Leisure,"Ciales, PR, USA",,72039.0,PR,Name18105144,True,True,False,Medium
USA,Large,Consumer Services,Travel & Leisure,"Ciales, PR, USA",,72039.0,PR,Name18105145,True,False,False,Medium
USA,Large,Consumer Services,Travel & Leisure,"Ciales, PR, USA",,72039.0,PR,Name18105146,False,True,True,Low
USA,Large,Consumer Services,Travel & Leisure,"Ciales, PR, USA",,72039.0,PR,Name18105147,True,True,False,Severe
USA,Large,Consumer Services,Travel & Leisure,"Ciales, PR, USA",,72039.0,PR,Name18105148,True,True,False,Medium
USA,Large,Consumer Services,Travel & Leisure,"Ciales, PR, USA",,72039.0,PR,Name18105149,False,True,False,Severe
USA,Large,Consumer Services,Travel & Leisure,"Ciales, PR, USA",,72039.0,PR,Name18105150,False,True,False,Low
USA,Large,Consumer Services,Travel & Leisure,"Ciales, PR, USA",,72039.0,PR,Name18105151,True,False,False,Severe
USA,Large,Consumer Services,Travel & Leisure,"Ciales, PR, USA",,72039.0,PR,Name18105154,True,True,False,Medium
USA,Large,Consumer Services,Travel & Leisure,"Ciales, PR, USA",,72039.0,PR,Name18105155,True,False,False,Severe
USA,Large,Consumer Services,Travel & Leisure,"Ciales, PR, USA",,72039.0,PR,Name18105156,True,True,False,Low
USA,Large,Consumer Services,Travel & Leisure,"Ciales, PR, USA",,72039.0,PR,Name18105157,True,True,False,Low
USA,Large,Consumer Services,Travel & Leisure,"Ciales, PR, USA",,72039.0,PR,Name18105158,False,False,True,Severe
USA,Large,Consumer Services,Travel & Leisure,"Ciales, PR, USA",,72039.0,PR,Name18105159,True,True,False,Low
USA,Large,Consumer Services,Travel & Leisure,"Ciales, PR, USA",,72039.0,PR,Name18105160,True,False,False,Medium
USA,Large,Consumer Services,Travel & Leisure,"Ciales, PR, USA",,72039.0,PR,Name18105162,True,False,False,Medium
USA,Large,Consumer Services,Travel & Leisure,"Ciales, PR, USA",,72039.0,PR,Name18105163,False,True,True,Medium
USA,Large,Consumer Services,Media,"Ciales, PR, USA",,72039.0,PR,Name18105164,False,True,True,Medium
USA,Large,Consumer Services,Media,"Ciales, PR, USA",,72039.0,PR,Name18105166,False,True,False,Medium
USA,Large,Consumer Services,Media,"Ciales, PR, USA",,72039.0,PR,Name18105167,False,True,True,Medium
USA,Large,Consumer Services,Media,"Ciales, PR, USA",,72039.0,PR,Name18105168,True,True,False,Low
USA,Large,Consumer Services,Media,"Ciales, PR, USA",,72039.0,PR,Name18105169,False,False,True,Severe
USA,Large,Consumer Services,Media,"Ciales, PR, USA",,72039.0,PR,Name18105170,True,False,False,High
USA,Large,Consumer Services,Media,"Ciales, PR, USA",,72039.0,PR,Name18105171,True,True,False,Medium
USA,Large,Consumer Services,Media,"Ciales, PR, USA",,72039.0,PR,Name18105173,True,True,False,Medium
USA,Large,Consumer Services,Media,"Ciales, PR, USA",,72039.0,PR,Name18105174,True,True,False,High
USA,Large,Consumer Services,Media,"Ciales, PR, USA",,72039.0,PR,Name18105175,False,True,False,Low
USA,Large,Consumer Services,Media,"Ciales, PR, USA",,72039.0,PR,Name18105176,True,True,False,Medium
USA,Large,Consumer Services,Media,"Ciales, PR, USA",,72039.0,PR,Name18105177,False,True,False,High
USA,Large,Consumer Services,Media,"Ciales, PR, USA",,72039.0,PR,Name18105178,True,True,False,Medium
USA,Large,Consumer Services,Media,"Ciales, PR, USA",,72039.0,PR,Name18105180,True,True,False,Severe
USA,Large,Consumer Services,Media,"Ciales, PR, USA",,72039.0,PR,Name18105181,True,True,False,Severe
USA,Large,Transportation,Airlines,"Ciales, PR, USA",,72039.0,PR,Name18105182,False,True,False,High
USA,Large,Transportation,Airlines,"Ciales, PR, USA",,72039.0,PR,Name18105183,False,False,True,Severe
USA,Large,Transportation,Airlines,"Ciales, PR, USA",,72039.0,PR,Name18105184,False,True,True,Severe
USA,Large,Transportation,Airlines,"Ciales, PR, USA",,72039.0,PR,Name18105186,False,True,True,Low
USA,Large,Transportation,Airlines,"Ciales, PR, USA",,72039.0,PR,Name18105187,True,True,False,Medium
USA,Large,Transportation,Airlines,"Ciales, PR, USA",,72039.0,PR,Name18105188,False,True,True,Low
USA,Large,Transportation,Airlines,"Ciales, PR, USA",,72039.0,PR,Name18105189,True,True,False,Severe
USA,Large,Transportation,Railroads,"Ciales, PR, USA",,72039.0,PR,Name18105190,False,False,True,Severe
USA,Large,Transportation,Railroads,"Ciales, PR, USA",,72039.0,PR,Name18105191,True,False,False,Medium
USA,Large,Transportation,Railroads,"Ciales, PR, USA",,72039.0,PR,Name18105192,False,False,True,High
USA,Large,Transportation,Railroads,"Ciales, PR, USA",,72039.0,PR,Name18105194,False,True,False,Medium
USA,Large,Transportation,Railroads,"Ciales, PR, USA",,72039.0,PR,Name18105195,False,True,True,Severe
USA,Large,Transportation,Railroads,"Ciales, PR, USA",,72039.0,PR,Name18105196,False,True,True,Low
USA,Large,Transportation,Railroads,"Ciales, PR, USA",,72039.0,PR,Name18105197,True,True,False,Severe
USA,Large,Transportation,Railroads,"Ciales, PR, USA",,72039.0,PR,Name18105198,False,True,False,Low
USA,Large,Transportation,Railroads,"Ciales, PR, USA",,72039.0,PR,Name18105199,False,True,False,Medium
USA,Large,Transportation,Logistics,"Ciales, PR, USA",,72039.0,PR,Name18105201,True,True,False,Medium
USA,Large,Transportation,Logistics,"Ciales, PR, USA",,72039.0,PR,Name18105202,False,True,False,High
USA,Large,Transportation,Logistics,"Ciales, PR, USA",,72039.0,PR,Name18105203,True,True,False,Medium
USA,Large,Transportation,Logistics,"Ciales, PR, USA",,72039.0,PR,Name18105205,False,True,True,Severe
USA,Large,Transportation,Logistics,"Ciales, PR, USA",,72039.0,PR,Name18105206,False,True,True,Severe
USA,Large,Transportation,Logistics,"Ciales, PR, USA",,72039.0,PR,Name18105207,True,True,False,Medium
USA,Large,Transportation,Logistics,"Ciales, PR, USA",,72039.0,PR,Name18105208,False,True,False,High
USA,Large,Transportation,Logistics,"Ciales, PR, USA",,72039.0,PR,Name18105210,True,True,False,Low
USA,Large,Transportation,Logistics,"Ciales, PR, USA",,72039.0,PR,Name18105211,True,False,False,Medium
USA,Large,Transportation,Logistics,"Ciales, PR, USA",,72039.0,PR,Name18105212,False,True,False,High
USA,Large,Transportation,Logistics,"Ciales, PR, USA",,72039.0,PR,Name18105213,False,True,False,Severe
USA,Large,Transportation,Logistics,"Ciales, PR, USA",,72039.0,PR,Name18105214,False,True,False,Low
USA,Large,Transportation,Logistics,"Ciales, PR, USA",,72039.0,PR,Name18105215,False,True,False,Low
USA,Large,Transportation,Logistics,"Ciales, PR, USA",,72039.0,PR,Name18105216,False,True,False,Severe
USA,Large,Transportation,Logistics,"Ciales, PR, USA",,72039.0,PR,Name18105217,True,False,False,Low
USA,Large,Transportation,Logistics,"Ciales, PR, USA",,72039.0,PR,Name18105218,False,False,True,Severe
USA,Large,Transportation,Logistics,"Ciales, PR, USA",,72039.0,PR,Name18105219,False,True,True,Severe
USA,Large,Transportation,Logistics,"Ciales, PR, USA",,72039.0,PR,Name18105220,True,False,False,High
USA,Large,Transportation,Logistics,"Ciales, PR, USA",,72039.0,PR,Name18105221,False,True,False,Low
USA,Large,Transportation,Logistics,"Ciales, PR, USA",,72039.0,PR,Name18105222,True,False,False,Low
USA,Large,Transportation,Logistics,"Ciales, PR, USA",,72039.0,PR,Name18105223,False,True,False,Low
USA,Large,Transportation,Logistics,"Ciales, PR, USA",,72039.0,PR,Name18105224,True,True,False,Severe
USA,Large,Transportation,Logistics,"Ciales, PR, USA",,72039.0,PR,Name18105225,False,True,True,High
USA,Large,Transportation,Logistics,"Ciales, PR, USA",,72039.0,PR,Name18105226,True,True,False,High
USA,Large,Transportation,Logistics,"Ciales, PR, USA",,72039.0,PR,Name18105227,True,True,False,Low
USA,Large,Transportation,Logistics,"Ciales, PR, USA",,72039.0,PR,Name18105228,False,True,False,High
USA,Large,Transportation,Logistics,"Ciales, PR, USA",,72039.0,PR,Name18105229,True,False,False,Medium
USA,Large,Transportation,Logistics,"Ciales, PR, USA",,72039.0,PR,Name18105230,True,True,False,Severe
USA,Large,Transportation,Logistics,"Ciales, PR, USA",,72039.0,PR,Name18105231,False,True,False,Medium
USA,Large,Transportation,Logistics,"Ciales, PR, USA",,72039.0,PR,Name18105233,False,True,False,Low
USA,Large,Transportation,Logistics,"Ciales, PR, USA",,72039.0,PR,Name18105234,True,False,False,Low
USA,Large,Transportation,Logistics,"Ciales, PR, USA",,72039.0,PR,Name18105235,True,True,False,Medium
USA,Large,Transportation,Logistics,"Ciales, PR, USA",,72039.0,PR,Name18105236,True,True,False,Medium
USA,Large,Transportation,Logistics,"Ciales, PR, USA",,72039.0,PR,Name18105237,True,True,False,Severe
USA,Large,Transportation,Logistics,"Ciales, PR, USA",,72039.0,PR,Name18105239,False,True,False,Severe
USA,Large,Transportation,Logistics,"Ciales, PR, USA",,72039.0,PR,Name18105242,True,True,False,Severe
USA,Large,Transportation,Logistics,"Ciales, PR, USA",,72039.0,PR,Name18105243,False,True,False,Low
USA,Large,Transportation,Logistics,"Ciales, PR, USA",,72039.0,PR,Name18105244,False,True,True,Low
USA,Medium,Technology,Software,"Ciales, PR, USA",,72039.0,PR,Name18105246,False,True,False,Medium
USA,Medium,Technology,Software,"Ciales, PR, USA",,72039.0,PR,Name18105248,True,False,False,Medium
USA,Medium,Technology,Software,"Ciales, PR, USA",,72039.0,PR,Name18105249,False,False,True,High
USA,Medium,Technology,Software,"Ciales, PR, USA",,72039.0,PR,Name18105250,True,False,False,Severe
USA,Medium,Technology,Software,"Ciales, PR, USA",,72039.0,PR,Name18105252,True,False,False,High
USA,Medium,Technology,Software,"Ciales, PR, USA",,72039.0,PR,Name18105253,True,True,False,Medium
USA,Medium,Technology,Software,"Ciales, PR, USA",,72039.0,PR,Name18105254,True,True,False,Low
USA,Medium,Technology,Software,"Ciales, PR, USA",,72039.0,PR,Name18105255,False,True,False,High
USA,Medium,Technology,Software,"Ciales, PR, USA",,72039.0,PR,Name18105256,True,True,False,Medium
USA,Medium,Technology,Software,"Ciales, PR, USA",,72039.0,PR,Name18105257,True,False,False,High
USA,Medium,Technology,Software,"Ciales, PR, USA",,72039.0,PR,Name18105258,True,True,False,Low
USA,Medium,Technology,Software,"Ciales, PR, USA",,72039.0,PR,Name18105259,False,True,True,Low
USA,Medium,Technology,Software,"Ciales, PR, USA",,72039.0,PR,Name18105260,False,False,True,High
USA,Medium,Technology,Software,"Ciales, PR, USA",,72039.0,PR,Name18105261,False,False,True,High
USA,Medium,Technology,Software,"Ciales, PR, USA",,72039.0,PR,Name18105262,True,True,False,Low
USA,Medium,Technology,Software,"Ciales, PR, USA",,72039.0,PR,Name18105263,False,True,False,Severe
USA,Medium,Technology,Software,"Ciales, PR, USA",,72039.0,PR,Name18105264,True,False,False,High
USA,Medium,Technology,Software,"Ciales, PR, USA",,72039.0,PR,Name18105265,False,True,False,Medium
USA,Medium,Technology,Software,"Ciales, PR, USA",,72039.0,PR,Name18105266,True,False,False,Medium
USA,Medium,Technology,Software,"Ciales, PR, USA",,72039.0,PR,Name18105267,False,False,True,Low
USA,Medium,Technology,Software,"Ciales, PR, USA",,72039.0,PR,Name18105268,True,True,False,High
USA,Medium,Technology,Software,"Ciales, PR, USA",,72039.0,PR,Name18105269,True,True,False,Medium
USA,Medium,Technology,Hardware,"Ciales, PR, USA",,72039.0,PR,Name18105270,False,True,True,Medium
USA,Medium,Technology,Hardware,"Ciales, PR, USA",,72039.0,PR,Name18105271,True,False,False,High
USA,Medium,Technology,Hardware,"Ciales, PR, USA",,72039.0,PR,Name18105272,True,True,False,High
USA,Medium,Technology,Hardware,"Ciales, PR, USA",,72039.0,PR,Name18105273,True,False,False,Low
USA,Medium,Technology,Hardware,"Ciales, PR, USA",,72039.0,PR,Name18105274,True,True,False,Low
USA,Medium,Technology,IT Services,"Ciales, PR, USA",,72039.0,PR,Name18105275,False,False,True,Medium
USA,Medium,Technology,IT Services,"Ciales, PR, USA",,72039.0,PR,Name18105276,False,True,False,Medium
USA,Medium,Technology,IT Services,"Ciales, PR, USA",,72039.0,PR,Name18105277,True,False,False,Severe
USA,Medium,Technology,IT Services,"Ciales, PR, USA",,72039.0,PR,Name18105278,True,True,False,Severe
USA,Medium,Technology,IT Services,"Ciales, PR, USA",,72039.0,PR,Name18105279,False,True,True,Severe
USA,Medium,Technology,IT Services,"Ciales, PR, USA",,72039.0,PR,Name18105281,True,False,False,High
USA,Medium,Technology,IT Services,"Ciales, PR, USA",,72039.0,PR,Name18105282,False,False,True,Low
USA,Medium,Technology,IT Services,"Ciales, PR, USA",,72039.0,PR,Name18105283,False,True,False,Low
USA,Medium,Technology,IT Services,"Ciales, PR, USA",,72039.0,PR,Name18105284,True,True,False,Low
USA,Medium,Technology,IT Services,"Ciales, PR, USA",,72039.0,PR,Name18105285,True,False,False,High
USA,Medium,Technology,IT Services,"Ciales, PR, USA",,72039.0,PR,Name18105286,True,False,False,Medium
USA,Medium,Technology,IT Services,"Ciales, PR, USA",,72039.0,PR,Name18105287,False,True,False,Severe
USA,Medium,Technology,IT Services,"Ciales, PR, USA",,72039.0,PR,Name18105289,False,False,True,Severe
USA,Medium,Technology,IT Services,"Ciales, PR, USA",,72039.0,PR,Name18105290,True,True,False,High
USA,Medium,Technology,IT Services,"Ciales, PR, USA",,72039.0,PR,Name18105291,False,True,False,Low
USA,Medium,Technology,IT Services,"Ciales, PR, USA",,72039.0,PR,Name18105292,True,False,False,Medium
USA,Medium,Technology,IT Services,"Ciales, PR, USA",,72039.0,PR,Name18105293,False,False,True,High
USA,Medium,Technology,IT Services,"Ciales, PR, USA",,72039.0,PR,Name18105294,True,True,False,Medium
USA,Medium,Technology,IT Services,"Ciales, PR, USA",,72039.0,PR,Name18105295,False,False,True,High
USA,Medium,Technology,IT Services,"Ciales, PR, USA",,72039.0,PR,Name18105296,False,True,True,Low
USA,Medium,Technology,IT Services,"Ciales, PR, USA",,72039.0,PR,Name18105297,False,True,True,Medium
USA,Medium,Technology,IT Services,"Ciales, PR, USA",,72039.0,PR,Name18105298,True,True,False,Low
USA,Medium,Technology,IT Services,"Ciales, PR, USA",,72039.0,PR,Name18105299,True,True,False,Low
USA,Medium,Technology,IT Services,"Ciales, PR, USA",,72039.0,PR,Name18105300,True,False,False,High
USA,Medium,Technology,IT Services,"Ciales, PR, USA",,72039.0,PR,Name18105301,False,True,False,Severe
USA,Medium,Technology,IT Services,"Ciales, PR, USA",,72039.0,PR,Name18105303,False,False,True,High
USA,Medium,Technology,IT Services,"Ciales, PR, USA",,72039.0,PR,Name18105304,True,False,False,Low
USA,Medium,Technology,IT Services,"Ciales, PR, USA",,72039.0,PR,Name18105305,True,False,False,Medium
USA,Medium,Technology,IT Services,"Ciales, PR, USA",,72039.0,PR,Name18105306,True,False,False,Severe
USA,Medium,Technology,IT Services,"Ciales, PR, USA",,72039.0,PR,Name18105307,True,True,False,Severe
USA,Medium,Healthcare,Pharmaceuticals,"Ciales, PR, USA",,72039.0,PR,Name18105308,True,True,False,High
USA,Medium,Healthcare,Pharmaceuticals,"Ciales, PR, USA",,72039.0,PR,Name18105309,True,True,False,High
USA,Medium,Healthcare,Pharmaceuticals,"Ciales, PR, USA",,72039.0,PR,Name18105310,True,False,False,High
USA,Medium,Healthcare,Pharmaceuticals,"Ciales, PR, USA",,72039.0,PR,Name18105311,True,True,False,High
USA,Medium,Healthcare,Pharmaceuticals,"Ciales, PR, USA",,72039.0,PR,Name18105312,False,False,True,Medium
USA,Medium,Healthcare,Pharmaceuticals,"Ciales, PR, USA",,72039.0,PR,Name18105313,True,False,False,High
USA,Medium,Healthcare,Pharmaceuticals,"Ciales, PR, USA",,72039.0,PR,Name18105315,False,False,True,Severe
USA,Medium,Healthcare,Pharmaceuticals,"Ciales, PR, USA",,72039.0,PR,Name18105317,True,False,False,Low
USA,Medium,Healthcare,Pharmaceuticals,"Ciales, PR, USA",,72039.0,PR,Name18105318,True,True,False,Medium
USA,Medium,Healthcare,Pharmaceuticals,"Ciales, PR, USA",,72039.0,PR,Name18105319,True,True,False,Low
USA,Medium,Healthcare,Pharmaceuticals,"Ciales, PR, USA",,72039.0,PR,Name18105320,True,True,False,Low
USA,Medium,Healthcare,Pharmaceuticals,"Ciales, PR, USA",,72039.0,PR,Name18105321,True,False,False,Low
USA,Medium,Healthcare,Pharmaceuticals,"Ciales, PR, USA",,72039.0,PR,Name18105322,True,False,False,High
USA,Medium,Healthcare,Pharmaceuticals,"Ciales, PR, USA",,72039.0,PR,Name18105323,True,True,False,Low
USA,Medium,Healthcare,Pharmaceuticals,"Ciales, PR, USA",,72039.0,PR,Name18105324,False,True,False,High
USA,Medium,Healthcare,Pharmaceuticals,"Ciales, PR, USA",,72039.0,PR,Name18105325,True,False,False,High
USA,Medium,Healthcare,Pharmaceuticals,"Ciales, PR, USA",,72039.0,PR,Name18105329,False,True,False,Severe
USA,Medium,Healthcare,Pharmaceuticals,"Ciales, PR, USA",,72039.0,PR,Name18105330,True,True,False,Severe
USA,Medium,Healthcare,Pharmaceuticals,"Ciales, PR, USA",,72039.0,PR,Name18105331,True,False,False,Low
USA,Medium,Healthcare,Pharmaceuticals,"Ciales, PR, USA",,72039.0,PR,Name18105332,True,True,False,High
USA,Medium,Healthcare,Pharmaceuticals,"Ciales, PR, USA",,72039.0,PR,Name18105333,True,False,False,Medium
USA,Medium,Healthcare,Pharmaceuticals,"Ciales, PR, USA",,72039.0,PR,Name18105335,False,False,True,High
USA,Medium,Healthcare,Pharmaceuticals,"Ciales, PR, USA",,72039.0,PR,Name18105336,True,False,False,Low
USA,Medium,Healthcare,Pharmaceuticals,"Ciales, PR, USA",,72039.0,PR,Name18105337,False,False,True,Severe
USA,Medium,Healthcare,Pharmaceuticals,"Ciales, PR, USA",,72039.0,PR,Name18105338,True,True,False,Low
USA,Medium,Healthcare,Pharmaceuticals,"Ciales, PR, USA",,72039.0,PR,Name18105339,True,True,False,High
USA,Medium,Healthcare,Pharmaceuticals,"Ciales, PR, USA",,72039.0,PR,Name18105340,True,True,False,Medium
USA,Medium,Healthcare,Pharmaceuticals,"Ciales, PR, USA",,72039.0,PR,Name18105341,True,True,False,Medium
USA,Medium,Healthcare,Pharmaceuticals,"Ciales, PR, USA",,72039.0,PR,Name18105343,True,True,False,Medium
USA,Medium,Healthcare,Pharmaceuticals,"Ciales, PR, USA",,72039.0,PR,Name18105344,True,False,False,Severe
USA,Medium,Healthcare,Pharmaceuticals,"Ciales, PR, USA",,72039.0,PR,Name18105345,False,True,False,Low
USA,Medium,Healthcare,Pharmaceuticals,"Ciales, PR, USA",,72039.0,PR,Name18105346,False,True,True,Medium
USA,Medium,Healthcare,Pharmaceuticals,"Ciales, PR, USA",,72039.0,PR,Name18105347,True,True,False,High
USA,Medium,Healthcare,Pharmaceuticals,"Ciales, PR, USA",,72039.0,PR,Name18105348,False,False,True,Medium
USA,Medium,Healthcare,Pharmaceuticals,"Ciales, PR, USA",,72039.0,PR,Name18105349,False,True,False,Low
USA,Medium,Healthcare,Pharmaceuticals,"Ciales, PR, USA",,72039.0,PR,Name18105351,False,True,True,Medium
USA,Medium,Healthcare,Pharmaceuticals,"Ciales, PR, USA",,72039.0,PR,Name18105352,False,True,False,Low
USA,Medium,Healthcare,Pharmaceuticals,"Ciales, PR, USA",,72039.0,PR,Name18105353,False,True,False,Severe
USA,Medium,Healthcare,Pharmaceuticals,"Ciales, PR, USA",,72039.0,PR,Name18105354,True,False,False,Medium
USA,Medium,Healthcare,Pharmaceuticals,"Ciales, PR, USA",,72039.0,PR,Name18105356,True,False,False,High
USA,Medium,Healthcare,Medical Devices,"Ciales, PR, USA",,72039.0,PR,Name18105357,True,False,False,High
USA,Medium,Healthcare,Medical Devices,"Ciales, PR, USA",,72039.0,PR,Name18105358,False,True,False,High
USA,Medium,Healthcare,Medical Devices,"Ciales, PR, USA",,72039.0,PR,Name18105359,False,False,True,Low
USA,Medium,Healthcare,Medical Devices,"Ciales, PR, USA",,72039.0,PR,Name18105360,False,True,False,Severe
USA,Medium,Healthcare,Medical Devices,"Ciales, PR, USA",,72039.0,PR,Name18105361,True,True,False,High
USA,Medium,Healthcare,Medical Devices,"Ciales, PR, USA",,72039.0,PR,Name18105362,True,True,False,High
USA,Medium,Healthcare,Medical Devices,"Ciales, PR, USA",,72039.0,PR,Name18105363,True,False,False,High
USA,Medium,Healthcare,Medical Devices,"Ciales, PR, USA",,72039.0,PR,Name18105364,False,True,True,Medium
USA,Medium,Healthcare,Medical Devices,"Ciales, PR, USA",,72039.0,PR,Name18105367,True,True,False,Severe
USA,Medium,Healthcare,Medical Devices,"Ciales, PR, USA",,72039.0,PR,Name18105368,False,False,True,Severe
USA,Medium,Healthcare,Medical Devices,"Ciales, PR, USA",,72039.0,PR,Name18105369,True,True,False,Medium
USA,Medium,Healthcare,Medical Devices,"Ciales, PR, USA",,72039.0,PR,Name18105370,True,False,False,Low
USA,Medium,Healthcare,Medical Devices,"Ciales, PR, USA",,72039.0,PR,Name18105371,False,True,True,Medium
USA,Medium,Healthcare,Medical Devices,"Ciales, PR, USA",,72039.0,PR,Name18105372,True,True,False,Low
USA,Medium,Healthcare,Medical Devices,"Ciales, PR, USA",,72039.0,PR,Name18105373,False,False,True,Low
USA,Medium,Healthcare,Medical Devices,"Ciales, PR, USA",,72039.0,PR,Name18105374,False,True,True,Medium
USA,Medium,Healthcare,Medical Devices,"Ciales, PR, USA",,72039.0,PR,Name18105375,False,False,True,Severe
USA,Medium,Healthcare,Medical Devices,"Ciales, PR, USA",,72039.0,PR,Name18105377,True,False,False,High
USA,Medium,Healthcare,Medical Devices,"Ciales, PR, USA",,72039.0,PR,Name18105378,True,False,False,High
USA,Medium,Healthcare,Medical Devices,"Ciales, PR, USA",,72039.0,PR,Name18105379,True,False,False,High
USA,Medium,Healthcare,Medical Devices,"Ciales, PR, USA",,72039.0,PR,Name18105380,False,False,True,Low
USA,Medium,Healthcare,Medical Devices,"Ciales, PR, USA",,72039.0,PR,Name18105381,True,False,False,Severe
USA,Medium,Healthcare,Medical Devices,"Ciales, PR, USA",,72039.0,PR,Name18105384,False,False,True,Medium
USA,Medium,Healthcare,Medical Devices,"Ciales, PR, USA",,72039.0,PR,Name18105385,True,True,False,High
USA,Medium,Healthcare,Healthcare Services,"Ciales, PR, USA",,72039.0,PR,Name18105386,False,True,True,Low
USA,Medium,Healthcare,Healthcare Services,"Ciales, PR, USA",,72039.0,PR,Name18105387,False,False,True,Severe
USA,Medium,Healthcare,Healthcare Services,"Ciales, PR, USA",,72039.0,PR,Name18105388,True,True,False,Severe
USA,Medium,Healthcare,Healthcare Services,"Ciales, PR, USA",,72039.0,PR,Name18105389,True,True,False,Severe
USA,Medium,Healthcare,Healthcare Services,"Ciales, PR, USA",,72039.0,PR,Name18105390,True,True,False,Low
USA,Medium,Healthcare,Healthcare Services,"Ciales, PR, USA",,72039.0,PR,Name18105391,False,True,True,Severe
USA,Medium,Healthcare,Healthcare Services,"Ciales, PR, USA",,72039.0,PR,Name18105392,True,True,False,Low
USA,Medium,Healthcare,Healthcare Services,"Ciales, PR, USA",,72039.0,PR,Name18105393,True,True,False,Medium
USA,Medium,Healthcare,Healthcare Services,"Ciales, PR, USA",,72039.0,PR,Name18105395,True,True,False,Medium
USA,Medium,Healthcare,Healthcare Services,"Ciales, PR, USA",,72039.0,PR,Name18105396,True,True,False,Severe
USA,Medium,Healthcare,Healthcare Services,"Ciales, PR, USA",,72039.0,PR,Name18105398,False,False,True,Low
USA,Medium,Healthcare,Healthcare Services,"Ciales, PR, USA",,72039.0,PR,Name18105399,False,True,False,Medium
USA,Medium,Healthcare,Healthcare Services,"Ciales, PR, USA",,72039.0,PR,Name18105400,False,False,True,Low
USA,Medium,Healthcare,Healthcare Services,"Ciales, PR, USA",,72039.0,PR,Name18105401,False,True,True,High
USA,Medium,Healthcare,Healthcare Services,"Ciales, PR, USA",,72039.0,PR,Name18105402,True,False,False,Medium
USA,Medium,Healthcare,Healthcare Services,"Ciales, PR, USA",,72039.0,PR,Name18105403,True,False,False,Severe
USA,Medium,Healthcare,Healthcare Services,"Ciales, PR, USA",,72039.0,PR,Name18105404,True,True,False,Low
USA,Medium,Healthcare,Healthcare Services,"Ciales, PR, USA",,72039.0,PR,Name18105405,True,True,False,Low
USA,Medium,Finance,Banking,"Ciales, PR, USA",,72039.0,PR,Name18105406,True,False,False,Medium
USA,Medium,Finance,Banking,"Ciales, PR, USA",,72039.0,PR,Name18105407,True,True,False,Severe
USA,Medium,Finance,Banking,"Ciales, PR, USA",,72039.0,PR,Name18105408,True,False,False,Severe
USA,Medium,Finance,Banking,"Ciales, PR, USA",,72039.0,PR,Name18105409,True,True,False,Medium
USA,Medium,Finance,Banking,"Ciales, PR, USA",,72039.0,PR,Name18105410,False,False,True,Low
USA,Medium,Finance,Banking,"Ciales, PR, USA",,72039.0,PR,Name18105411,False,False,True,Low
USA,Medium,Finance,Banking,"Ciales, PR, USA",,72039.0,PR,Name18105412,True,True,False,Medium
USA,Medium,Finance,Banking,"Ciales, PR, USA",,72039.0,PR,Name18105413,True,True,False,Medium
USA,Medium,Finance,Banking,"Ciales, PR, USA",,72039.0,PR,Name18105414,False,True,True,Low
USA,Medium,Finance,Banking,"Ciales, PR, USA",,72039.0,PR,Name18105416,False,False,True,Low
USA,Medium,Finance,Banking,"Ciales, PR, USA",,72039.0,PR,Name18105417,True,True,False,Medium
USA,Medium,Finance,Banking,"Ciales, PR, USA",,72039.0,PR,Name18105418,True,False,False,Severe
USA,Medium,Finance,Banking,"Ciales, PR, USA",,72039.0,PR,Name18105419,False,True,True,Severe
USA,Medium,Finance,Banking,"Ciales, PR, USA",,72039.0,PR,Name18105420,False,True,True,High
USA,Medium,Finance,Banking,"Ciales, PR, USA",,72039.0,PR,Name18105421,True,False,False,Medium
USA,Medium,Finance,Banking,"Ciales, PR, USA",,72039.0,PR,Name18105422,False,False,True,Low
USA,Medium,Finance,Banking,"Ciales, PR, USA",,72039.0,PR,Name18105423,True,False,False,High
USA,Medium,Finance,Banking,"Ciales, PR, USA",,72039.0,PR,Name18105424,True,True,False,Low
USA,Medium,Finance,Banking,"Ciales, PR, USA",,72039.0,PR,Name18105425,True,False,False,High
USA,Medium,Finance,Banking,"Ciales, PR, USA",,72039.0,PR,Name18105426,True,True,False,Medium
USA,Medium,Finance,Banking,"Ciales, PR, USA",,72039.0,PR,Name18105427,True,True,False,Severe
USA,Medium,Finance,Banking,"Ciales, PR, USA",,72039.0,PR,Name18105428,False,True,False,High
USA,Medium,Finance,Banking,"Ciales, PR, USA",,72039.0,PR,Name18105430,True,False,False,Low
USA,Medium,Finance,Banking,"Ciales, PR, USA",,72039.0,PR,Name18105431,True,False,False,High
USA,Medium,Finance,Banking,"Ciales, PR, USA",,72039.0,PR,Name18105434,False,False,True,Severe
USA,Medium,Finance,Banking,"Ciales, PR, USA",,72039.0,PR,Name18105435,True,True,False,High
USA,Medium,Finance,Banking,"Ciales, PR, USA",,72039.0,PR,Name18105436,True,False,False,Low
USA,Medium,Finance,Banking,"Ciales, PR, USA",,72039.0,PR,Name18105437,True,False,False,Medium
USA,Medium,Finance,Banking,"Ciales, PR, USA",,72039.0,PR,Name18105439,True,False,False,Severe
USA,Medium,Finance,Banking,"Ciales, PR, USA",,72039.0,PR,Name18105440,False,False,True,Severe
USA,Medium,Finance,Banking,"Ciales, PR, USA",,72039.0,PR,Name18105441,True,False,False,Medium
USA,Medium,Finance,Insurance,"Ciales, PR, USA",,72039.0,PR,Name18105442,True,False,False,High
USA,Medium,Finance,Insurance,"Ciales, PR, USA",,72039.0,PR,Name18105443,False,False,True,Low
USA,Medium,Finance,Insurance,"Ciales, PR, USA",,72039.0,PR,Name18105444,False,False,True,Severe
USA,Medium,Finance,Insurance,"Ciales, PR, USA",,72039.0,PR,Name18105445,False,False,True,Medium
USA,Medium,Finance,Insurance,"Ciales, PR, USA",,72039.0,PR,Name18105446,True,True,False,Severe
USA,Medium,Finance,Insurance,"Ciales, PR, USA",,72039.0,PR,Name18105447,True,True,False,Medium
USA,Medium,Finance,Insurance,"Ciales, PR, USA",,72039.0,PR,Name18105448,False,True,True,Low
USA,Medium,Finance,Insurance,"Ciales, PR, USA",,72039.0,PR,Name18105450,True,False,False,Severe
USA,Medium,Finance,Insurance,"Ciales, PR, USA",,72039.0,PR,Name18105451,False,True,True,Medium
USA,Medium,Finance,Insurance,"Ciales, PR, USA",,72039.0,PR,Name18105452,False,True,False,Low
USA,Medium,Finance,Insurance,"Ciales, PR, USA",,72039.0,PR,Name18105453,True,True,False,Low
USA,Medium,Finance,Insurance,"Ciales, PR, USA",,72039.0,PR,Name18105454,False,False,True,Low
USA,Medium,Finance,Insurance,"Ciales, PR, USA",,72039.0,PR,Name18105455,False,True,False,Medium
USA,Medium,Finance,Investment Services,"Ciales, PR, USA",,72039.0,PR,Name18105456,False,False,True,Low
USA,Medium,Finance,Investment Services,"Ciales, PR, USA",,72039.0,PR,Name18105457,True,False,False,Low
USA,Medium,Finance,Investment Services,"Ciales, PR, USA",,72039.0,PR,Name18105458,True,True,False,Severe
USA,Medium,Finance,Investment Services,"Ciales, PR, USA",,72039.0,PR,Name18105459,True,False,False,Low
USA,Medium,Finance,Investment Services,"Ciales, PR, USA",,72039.0,PR,Name18105462,False,True,True,Severe
USA,Medium,Finance,Investment Services,"Ciales, PR, USA",,72039.0,PR,Name18105464,True,False,False,High
USA,Medium,Finance,Investment Services,"Ciales, PR, USA",,72039.0,PR,Name18105465,False,True,False,Severe
USA,Medium,Finance,Investment Services,"Ciales, PR, USA",,72039.0,PR,Name18105466,True,True,False,Low
USA,Medium,Finance,Investment Services,"Ciales, PR, USA",,72039.0,PR,Name18105467,True,True,False,Low
USA,Medium,Finance,Investment Services,"Ciales, PR, USA",,72039.0,PR,Name18105468,False,True,False,Medium
USA,Medium,Finance,Investment Services,"Ciales, PR, USA",,72039.0,PR,Name18105469,False,True,True,Severe
USA,Medium,Finance,Investment Services,"Ciales, PR, USA",,72039.0,PR,Name18105470,True,True,False,Low
USA,Medium,Finance,Investment Services,"Ciales, PR, USA",,72039.0,PR,Name18105471,False,False,True,Medium
USA,Medium,Finance,Investment Services,"Ciales, PR, USA",,72039.0,PR,Name18105472,False,True,False,Severe
USA,Medium,Finance,Investment Services,"Ciales, PR, USA",,72039.0,PR,Name18105473,False,True,True,High
USA,Medium,Finance,Investment Services,"Ciales, PR, USA",,72039.0,PR,Name18105475,True,False,False,Low
USA,Medium,Finance,Investment Services,"Ciales, PR, USA",,72039.0,PR,Name18105476,True,False,False,Medium
USA,Medium,Finance,Investment Services,"Ciales, PR, USA",,72039.0,PR,Name18105477,True,True,False,High
USA,Medium,Finance,Investment Services,"Ciales, PR, USA",,72039.0,PR,Name18105478,True,False,False,High
USA,Medium,Finance,Investment Services,"Ciales, PR, USA",,72039.0,PR,Name18105479,False,True,False,Medium
USA,Medium,Finance,Investment Services,"Ciales, PR, USA",,72039.0,PR,Name18105480,False,True,False,Medium
USA,Medium,Finance,Investment Services,"Ciales, PR, USA",,72039.0,PR,Name18105481,True,False,False,High
USA,Medium,Finance,Investment Services,"Ciales, PR, USA",,72039.0,PR,Name18105482,True,False,False,Severe
USA,Medium,Finance,Investment Services,"Ciales, PR, USA",,72039.0,PR,Name18105483,True,False,False,Low
USA,Medium,Finance,Investment Services,"Ciales, PR, USA",,72039.0,PR,Name18105484,False,True,True,Medium
USA,Medium,Finance,Investment Services,"Ciales, PR, USA",,72039.0,PR,Name18105485,False,False,True,Severe
USA,Medium,Finance,Investment Services,"Ciales, PR, USA",,72039.0,PR,Name18105486,True,False,False,Severe
USA,Medium,Finance,Investment Services,"Ciales, PR, USA",,72039.0,PR,Name18105487,True,False,False,Severe
USA,Medium,Energy,Oil & Gas,"Ciales, PR, USA",,72039.0,PR,Name18105488,True,False,False,High
USA,Medium,Energy,Oil & Gas,"Ciales, PR, USA",,72039.0,PR,Name18105489,True,True,False,Severe
USA,Medium,Energy,Oil & Gas,"Ciales, PR, USA",,72039.0,PR,Name18105490,False,False,True,Severe
USA,Medium,Energy,Oil & Gas,"Ciales, PR, USA",,72039.0,PR,Name18105491,True,False,False,Low
USA,Medium,Energy,Oil & Gas,"Ciales, PR, USA",,72039.0,PR,Name18105492,True,True,False,Low
USA,Medium,Energy,Oil & Gas,"Ciales, PR, USA",,72039.0,PR,Name18105493,True,False,False,Medium
USA,Medium,Energy,Oil & Gas,"Ciales, PR, USA",,72039.0,PR,Name18105494,True,False,False,Low
USA,Medium,Energy,Oil & Gas,"Ciales, PR, USA",,72039.0,PR,Name18105495,False,False,True,Severe
USA,Medium,Energy,Oil & Gas,"Ciales, PR, USA",,72039.0,PR,Name18105496,False,True,False,High
USA,Medium,Energy,Renewable Energy,"Ciales, PR, USA",,72039.0,PR,Name18105497,True,False,False,Medium
USA,Medium,Energy,Renewable Energy,"Ciales, PR, USA",,72039.0,PR,Name18105499,True,True,False,Low
USA,Medium,Energy,Renewable Energy,"Ciales, PR, USA",,72039.0,PR,Name18105500,True,True,False,Low
USA,Medium,Energy,Renewable Energy,"Ciales, PR, USA",,72039.0,PR,Name18105501,True,False,False,Medium
USA,Medium,Energy,Renewable Energy,"Ciales, PR, USA",,72039.0,PR,Name18105502,False,False,True,Medium
USA,Medium,Energy,Renewable Energy,"Ciales, PR, USA",,72039.0,PR,Name18105503,True,True,False,Low
USA,Medium,Energy,Renewable Energy,"Ciales, PR, USA",,72039.0,PR,Name18105504,False,True,True,Severe
USA,Medium,Energy,Energy Exploration,"Ciales, PR, USA",,72039.0,PR,Name18105505,False,True,True,Low
USA,Medium,Energy,Energy Exploration,"Ciales, PR, USA",,72039.0,PR,Name18105506,True,False,False,Severe
USA,Medium,Energy,Energy Exploration,"Ciales, PR, USA",,72039.0,PR,Name18105507,True,True,False,Severe
USA,Medium,Energy,Energy Exploration,"Ciales, PR, USA",,72039.0,PR,Name18105508,True,False,False,Low
USA,Medium,Energy,Energy Exploration,"Ciales, PR, USA",,72039.0,PR,Name18105509,True,False,False,High
USA,Medium,Energy,Energy Exploration,"Ciales, PR, USA",,72039.0,PR,Name18105511,False,True,False,Low
USA,Medium,Energy,Energy Exploration,"Ciales, PR, USA",,72039.0,PR,Name18105513,False,False,True,Severe
USA,Medium,Energy,Energy Exploration,"Ciales, PR, USA",,72039.0,PR,Name18105514,False,False,True,Medium
USA,Medium,Energy,Energy Exploration,"Ciales, PR, USA",,72039.0,PR,Name18105515,True,False,False,Medium
USA,Medium,Energy,Energy Exploration,"Ciales, PR, USA",,72039.0,PR,Name18105516,False,True,False,Medium
USA,Medium,Energy,Energy Exploration,"Ciales, PR, USA",,72039.0,PR,Name18105517,False,False,True,Severe
USA,Medium,Energy,Energy Exploration,"Ciales, PR, USA",,72039.0,PR,Name18105518,False,True,True,High
USA,Medium,Energy,Energy Exploration,"Ciales, PR, USA",,72039.0,PR,Name18105519,False,True,False,Severe
USA,Medium,Energy,Energy Exploration,"Ciales, PR, USA",,72039.0,PR,Name18105521,True,False,False,Low
USA,Medium,Energy,Energy Exploration,"Ciales, PR, USA",,72039.0,PR,Name18105522,False,True,False,Low
USA,Medium,Energy,Energy Exploration,"Ciales, PR, USA",,72039.0,PR,Name18105523,False,True,False,Severe
USA,Medium,Energy,Energy Exploration,"Ciales, PR, USA",,72039.0,PR,Name18105525,False,False,True,High
USA,Medium,Energy,Energy Exploration,"Ciales, PR, USA",,72039.0,PR,Name18105526,False,False,True,Severe
USA,Medium,Energy,Energy Exploration,"Ciales, PR, USA",,72039.0,PR,Name18105527,True,False,False,High
USA,Medium,Energy,Energy Exploration,"Ciales, PR, USA",,72039.0,PR,Name18105528,False,False,True,Severe
USA,Medium,Energy,Energy Exploration,"Ciales, PR, USA",,72039.0,PR,Name18105529,False,False,True,Low
USA,Medium,Energy,Energy Exploration,"Ciales, PR, USA",,72039.0,PR,Name18105530,True,True,False,Severe
USA,Medium,Energy,Energy Exploration,"Ciales, PR, USA",,72039.0,PR,Name18105531,False,True,True,Low
USA,Medium,Energy,Energy Exploration,"Ciales, PR, USA",,72039.0,PR,Name18105532,False,True,True,Medium
USA,Medium,Energy,Energy Exploration,"Ciales, PR, USA",,72039.0,PR,Name18105533,True,False,False,Medium
USA,Medium,Energy,Energy Exploration,"Ciales, PR, USA",,72039.0,PR,Name18105534,True,False,False,High
USA,Medium,Energy,Energy Exploration,"Ciales, PR, USA",,72039.0,PR,Name18105535,False,False,True,Severe
USA,Medium,Energy,Energy Exploration,"Ciales, PR, USA",,72039.0,PR,Name18105536,True,False,False,High
USA,Medium,Energy,Energy Exploration,"Ciales, PR, USA",,72039.0,PR,Name18105537,True,True,False,High
USA,Medium,Energy,Energy Exploration,"Ciales, PR, USA",,72039.0,PR,Name18105538,True,True,False,Severe
USA,Medium,Energy,Energy Exploration,"Ciales, PR, USA",,72039.0,PR,Name18105539,True,True,False,Medium
USA,Medium,Energy,Energy Exploration,"Ciales, PR, USA",,72039.0,PR,Name18105540,True,True,False,Medium
USA,Medium,Energy,Energy Exploration,"Ciales, PR, USA",,72039.0,PR,Name18105542,True,False,False,Medium
USA,Medium,Energy,Energy Exploration,"Ciales, PR, USA",,72039.0,PR,Name18105543,False,False,True,Severe
USA,Medium,Energy,Energy Exploration,"Ciales, PR, USA",,72039.0,PR,Name18105544,True,True,False,Low
USA,Medium,Energy,Energy Exploration,"Ciales, PR, USA",,72039.0,PR,Name18105545,False,True,False,High
USA,Medium,Energy,Energy Exploration,"Ciales, PR, USA",,72039.0,PR,Name18105546,False,True,False,Medium
USA,Medium,Energy,Energy Exploration,"Ciales, PR, USA",,72039.0,PR,Name18105547,True,True,False,Severe
USA,Medium,Energy,Energy Exploration,"Ciales, PR, USA",,72039.0,PR,Name18105548,False,False,True,Low
USA,Medium,Energy,Energy Exploration,"Ciales, PR, USA",,72039.0,PR,Name18105549,True,False,False,High
USA,Medium,Consumer Goods,Food & Beverage,"Ciales, PR, USA",,72039.0,PR,Name18105550,True,True,False,Medium
USA,Medium,Consumer Goods,Food & Beverage,"Ciales, PR, USA",,72039.0,PR,Name18105552,True,True,False,Severe
USA,Medium,Consumer Goods,Food & Beverage,"Ciales, PR, USA",,72039.0,PR,Name18105553,True,False,False,High
USA,Medium,Consumer Goods,Food & Beverage,"Ciales, PR, USA",,72039.0,PR,Name18105554,True,False,False,Severe
USA,Medium,Consumer Goods,Food & Beverage,"Ciales, PR, USA",,72039.0,PR,Name18105555,False,True,True,Severe
USA,Medium,Consumer Goods,Food & Beverage,"Ciales, PR, USA",,72039.0,PR,Name18105556,False,True,False,Low
USA,Medium,Consumer Goods,Food & Beverage,"Ciales, PR, USA",,72039.0,PR,Name18105557,False,True,True,Medium
USA,Medium,Consumer Goods,Food & Beverage,"Ciales, PR, USA",,72039.0,PR,Name18105559,False,False,True,Severe
USA,Medium,Consumer Goods,Food & Beverage,"Ciales, PR, USA",,72039.0,PR,Name18105560,False,False,True,Severe
USA,Medium,Consumer Goods,Food & Beverage,"Ciales, PR, USA",,72039.0,PR,Name18105561,False,True,True,Medium
USA,Medium,Consumer Goods,Food & Beverage,"Ciales, PR, USA",,72039.0,PR,Name18105562,True,False,False,Low
USA,Medium,Consumer Goods,Food & Beverage,"Ciales, PR, USA",,72039.0,PR,Name18105563,True,True,False,High
USA,Medium,Consumer Goods,Food & Beverage,"Ciales, PR, USA",,72039.0,PR,Name18105565,False,False,True,Medium
USA,Medium,Consumer Goods,Food & Beverage,"Ciales, PR, USA",,72039.0,PR,Name18105566,True,True,False,Severe
USA,Medium,Consumer Goods,Food & Beverage,"Ciales, PR, USA",,72039.0,PR,Name18105567,True,True,False,Severe
USA,Medium,Consumer Goods,Food & Beverage,"Ciales, PR, USA",,72039.0,PR,Name18105568,True,True,False,Low
USA,Medium,Consumer Goods,Food & Beverage,"Ciales, PR, USA",,72039.0,PR,Name18105570,True,False,False,Low
USA,Medium,Consumer Goods,Food & Beverage,"Ciales, PR, USA",,72039.0,PR,Name18105571,False,False,True,Low
USA,Medium,Consumer Goods,Food & Beverage,"Ciales, PR, USA",,72039.0,PR,Name18105572,False,False,True,High
USA,Medium,Consumer Goods,Food & Beverage,"Ciales, PR, USA",,72039.0,PR,Name18105573,True,False,False,Low
USA,Medium,Consumer Goods,Food & Beverage,"Ciales, PR, USA",,72039.0,PR,Name18105574,True,True,False,Severe
USA,Medium,Consumer Goods,Food & Beverage,"Ciales, PR, USA",,72039.0,PR,Name18105575,True,True,False,Severe
USA,Medium,Consumer Goods,Food & Beverage,"Ciales, PR, USA",,72039.0,PR,Name18105576,True,False,False,Medium
USA,Medium,Consumer Goods,Food & Beverage,"Ciales, PR, USA",,72039.0,PR,Name18105577,True,True,False,Severe
USA,Medium,Consumer Goods,Food & Beverage,"Ciales, PR, USA",,72039.0,PR,Name18105578,False,False,True,Severe
USA,Medium,Consumer Goods,Food & Beverage,"Ciales, PR, USA",,72039.0,PR,Name18105579,False,True,False,Medium
USA,Medium,Consumer Goods,Food & Beverage,"Ciales, PR, USA",,72039.0,PR,Name18105580,True,True,False,Low
USA,Medium,Consumer Goods,Food & Beverage,"Ciales, PR, USA",,72039.0,PR,Name18105581,True,True,False,Severe
USA,Medium,Consumer Goods,Food & Beverage,"Ciales, PR, USA",,72039.0,PR,Name18105582,True,False,False,Low
USA,Medium,Consumer Goods,Food & Beverage,"Ciales, PR, USA",,72039.0,PR,Name18105583,True,True,False,High
USA,Medium,Consumer Goods,Food & Beverage,"Ciales, PR, USA",,72039.0,PR,Name18105585,False,True,False,Severe
USA,Medium,Consumer Goods,Food & Beverage,"Ciales, PR, USA",,72039.0,PR,Name18105586,False,True,True,Medium
USA,Medium,Consumer Goods,Food & Beverage,"Ciales, PR, USA",,72039.0,PR,Name18105588,True,False,False,Low
USA,Medium,Consumer Goods,Food & Beverage,"Ciales, PR, USA",,72039.0,PR,Name18105589,True,False,False,Severe
USA,Medium,Consumer Goods,Food & Beverage,"Ciales, PR, USA",,72039.0,PR,Name18105590,True,False,False,Severe
USA,Medium,Consumer Goods,Food & Beverage,"Ciales, PR, USA",,72039.0,PR,Name18105591,True,True,False,Low
USA,Medium,Consumer Goods,Food & Beverage,"Ciales, PR, USA",,72039.0,PR,Name18105592,True,False,False,Low
USA,Medium,Consumer Goods,Food & Beverage,"Ciales, PR, USA",,72039.0,PR,Name18105593,False,True,False,Medium
USA,Medium,Consumer Goods,Food & Beverage,"Ciales, PR, USA",,72039.0,PR,Name18105594,True,False,False,Medium
USA,Medium,Consumer Goods,Food & Beverage,"Ciales, PR, USA",,72039.0,PR,Name18105595,True,True,False,Low
USA,Medium,Consumer Goods,Food & Beverage,"Ciales, PR, USA",,72039.0,PR,Name18105596,False,False,True,Medium
USA,Medium,Consumer Goods,Household Products,"Ciales, PR, USA",,72039.0,PR,Name18105598,True,True,False,High
USA,Medium,Consumer Goods,Household Products,"Ciales, PR, USA",,72039.0,PR,Name18105599,True,True,False,Low
USA,Medium,Consumer Goods,Household Products,"Ciales, PR, USA",,72039.0,PR,Name18105600,False,True,False,Medium
USA,Medium,Consumer Goods,Household Products,"Ciales, PR, USA",,72039.0,PR,Name18105601,False,False,True,Low
USA,Medium,Consumer Goods,Household Products,"Ciales, PR, USA",,72039.0,PR,Name18105602,False,True,True,High
USA,Medium,Consumer Goods,Household Products,"Ciales, PR, USA",,72039.0,PR,Name18105603,True,False,False,Medium
USA,Medium,Consumer Goods,Household Products,"Ciales, PR, USA",,72039.0,PR,Name18105604,True,False,False,Medium
USA,Medium,Consumer Goods,Household Products,"Ciales, PR, USA",,72039.0,PR,Name18105605,False,True,False,High
USA,Medium,Consumer Goods,Household Products,"Ciales, PR, USA",,72039.0,PR,Name18105606,False,True,False,Severe
USA,Medium,Consumer Goods,Household Products,"Ciales, PR, USA",,72039.0,PR,Name18105607,False,False,True,Severe
USA,Medium,Consumer Goods,Household Products,"Ciales, PR, USA",,72039.0,PR,Name18105608,True,True,False,High
USA,Medium,Consumer Goods,Household Products,"Ciales, PR, USA",,72039.0,PR,Name18105609,False,True,False,High
USA,Medium,Consumer Goods,Household Products,"Ciales, PR, USA",,72039.0,PR,Name18105610,False,True,True,High
USA,Medium,Consumer Goods,Household Products,"Ciales, PR, USA",,72039.0,PR,Name18105611,True,False,False,Medium
USA,Medium,Consumer Goods,Household Products,"Ciales, PR, USA",,72039.0,PR,Name18105612,True,False,False,Severe
USA,Medium,Consumer Goods,Household Products,"Ciales, PR, USA",,72039.0,PR,Name18105613,False,True,True,Severe
USA,Medium,Consumer Goods,Household Products,"Ciales, PR, USA",,72039.0,PR,Name18105614,False,True,True,Low
USA,Medium,Consumer Goods,Household Products,"Ciales, PR, USA",,72039.0,PR,Name18105615,False,True,False,Severe
USA,Medium,Consumer Goods,Household Products,"Ciales, PR, USA",,72039.0,PR,Name18105616,False,True,False,Severe
USA,Medium,Consumer Goods,Household Products,"Ciales, PR, USA",,72039.0,PR,Name18105617,True,True,False,Low
USA,Medium,Consumer Goods,Household Products,"Ciales, PR, USA",,72039.0,PR,Name18105618,False,True,True,High
USA,Medium,Consumer Goods,Household Products,"Ciales, PR, USA",,72039.0,PR,Name18105619,True,False,False,High
USA,Medium,Consumer Goods,Household Products,"Ciales, PR, USA",,72039.0,PR,Name18105620,False,True,False,High
USA,Medium,Consumer Goods,Household Products,"Ciales, PR, USA",,72039.0,PR,Name18105621,True,False,False,High
USA,Medium,Consumer Goods,Household Products,"Ciales, PR, USA",,72039.0,PR,Name18105622,True,False,False,Low
USA,Medium,Consumer Goods,Household Products,"Ciales, PR, USA",,72039.0,PR,Name18105623,True,True,False,Low
USA,Medium,Consumer Goods,Household Products,"Ciales, PR, USA",,72039.0,PR,Name18105624,True,False,False,Low
USA,Medium,Consumer Goods,Household Products,"Ciales, PR, USA",,72039.0,PR,Name18105625,True,False,False,High
USA,Medium,Consumer Goods,Household Products,"Ciales, PR, USA",,72039.0,PR,Name18105626,True,False,False,Severe
USA,Medium,Consumer Goods,Household Products,"Ciales, PR, USA",,72039.0,PR,Name18105627,True,False,False,Severe
USA,Medium,Consumer Goods,Household Products,"Ciales, PR, USA",,72039.0,PR,Name18105628,False,True,False,High
USA,Medium,Consumer Goods,Household Products,"Ciales, PR, USA",,72039.0,PR,Name18105629,True,False,False,Severe
USA,Medium,Consumer Goods,Household Products,"Ciales, PR, USA",,72039.0,PR,Name18105630,True,False,False,Low
USA,Medium,Consumer Goods,Household Products,"Ciales, PR, USA",,72039.0,PR,Name18105631,False,False,True,Severe
USA,Medium,Consumer Goods,Household Products,"Ciales, PR, USA",,72039.0,PR,Name18105632,True,False,False,Low
USA,Medium,Consumer Goods,Household Products,"Ciales, PR, USA",,72039.0,PR,Name18105633,False,False,True,Medium
USA,Medium,Consumer Goods,Household Products,"Ciales, PR, USA",,72039.0,PR,Name18105634,True,True,False,High
USA,Medium,Consumer Goods,Household Products,"Ciales, PR, USA",,72039.0,PR,Name18105635,True,True,False,Medium
USA,Medium,Consumer Goods,Household Products,"Ciales, PR, USA",,72039.0,PR,Name18105636,False,True,True,Medium
USA,Medium,Consumer Goods,Household Products,"Ciales, PR, USA",,72039.0,PR,Name18105637,False,True,False,Low
USA,Medium,Consumer Goods,Household Products,"Ciales, PR, USA",,72039.0,PR,Name18105638,False,True,True,Medium
USA,Medium,Consumer Goods,Apparel,"Ciales, PR, USA",,72039.0,PR,Name18105639,True,True,False,Low
USA,Medium,Consumer Goods,Apparel,"Ciales, PR, USA",,72039.0,PR,Name18105640,True,False,False,Severe
USA,Medium,Consumer Goods,Apparel,"Ciales, PR, USA",,72039.0,PR,Name18105641,False,False,True,Severe
USA,Medium,Consumer Goods,Apparel,"Ciales, PR, USA",,72039.0,PR,Name18105642,True,True,False,Medium
USA,Medium,Consumer Goods,Apparel,"Ciales, PR, USA",,72039.0,PR,Name18105643,True,False,False,Severe
USA,Medium,Consumer Goods,Apparel,"Ciales, PR, USA",,72039.0,PR,Name18105644,False,False,True,High
USA,Medium,Consumer Goods,Apparel,"Ciales, PR, USA",,72039.0,PR,Name18105645,True,True,False,High
USA,Medium,Consumer Goods,Apparel,"Ciales, PR, USA",,72039.0,PR,Name18105646,True,False,False,Severe
USA,Medium,Consumer Goods,Apparel,"Ciales, PR, USA",,72039.0,PR,Name18105647,True,True,False,High
USA,Medium,Consumer Goods,Apparel,"Ciales, PR, USA",,72039.0,PR,Name18105649,True,True,False,High
USA,Medium,Consumer Goods,Apparel,"Ciales, PR, USA",,72039.0,PR,Name18105650,True,False,False,Low
USA,Medium,Consumer Goods,Apparel,"Ciales, PR, USA",,72039.0,PR,Name18105651,False,True,False,Low
USA,Medium,Consumer Goods,Apparel,"Ciales, PR, USA",,72039.0,PR,Name18105652,True,True,False,Low
USA,Medium,Consumer Goods,Apparel,"Ciales, PR, USA",,72039.0,PR,Name18105654,False,False,True,Low
USA,Medium,Consumer Goods,Apparel,"Ciales, PR, USA",,72039.0,PR,Name18105655,False,True,True,Severe
USA,Medium,Utilities,Electric,"Ciales, PR, USA",,72039.0,PR,Name18105656,False,True,True,Low
USA,Medium,Utilities,Electric,"Ciales, PR, USA",,72039.0,PR,Name18105657,False,True,False,Low
USA,Medium,Utilities,Electric,"Ciales, PR, USA",,72039.0,PR,Name18105658,False,False,True,Severe
USA,Medium,Utilities,Electric,"Ciales, PR, USA",,72039.0,PR,Name18105659,False,True,False,Low
USA,Medium,Utilities,Electric,"Ciales, PR, USA",,72039.0,PR,Name18105660,False,True,False,High
USA,Medium,Utilities,Electric,"Ciales, PR, USA",,72039.0,PR,Name18105661,True,True,False,Medium
USA,Medium,Utilities,Electric,"Ciales, PR, USA",,72039.0,PR,Name18105663,False,True,True,Severe
USA,Medium,Utilities,Electric,"Ciales, PR, USA",,72039.0,PR,Name18105664,True,False,False,Severe
USA,Medium,Utilities,Electric,"Ciales, PR, USA",,72039.0,PR,Name18105665,True,False,False,Severe
USA,Medium,Utilities,Electric,"Ciales, PR, USA",,72039.0,PR,Name18105666,True,True,False,Low
USA,Medium,Utilities,Electric,"Ciales, PR, USA",,72039.0,PR,Name18105668,False,True,True,Medium
USA,Medium,Utilities,Electric,"Ciales, PR, USA",,72039.0,PR,Name18105669,True,True,False,Medium
USA,Medium,Utilities,Electric,"Ciales, PR, USA",,72039.0,PR,Name18105670,True,False,False,Medium
USA,Medium,Utilities,Electric,"Ciales, PR, USA",,72039.0,PR,Name18105671,False,True,False,Low
USA,Medium,Utilities,Electric,"Ciales, PR, USA",,72039.0,PR,Name18105672,True,True,False,Severe
USA,Medium,Utilities,Electric,"Ciales, PR, USA",,72039.0,PR,Name18105673,True,True,False,Severe
USA,Medium,Utilities,Electric,"Ciales, PR, USA",,72039.0,PR,Name18105674,True,True,False,Severe
USA,Medium,Utilities,Electric,"Ciales, PR, USA",,72039.0,PR,Name18105675,False,False,True,High
USA,Medium,Utilities,Electric,"Ciales, PR, USA",,72039.0,PR,Name18105676,False,True,False,Medium
USA,Medium,Utilities,Electric,"Ciales, PR, USA",,72039.0,PR,Name18105677,False,True,False,Medium
USA,Medium,Utilities,Electric,"Ciales, PR, USA",,72039.0,PR,Name18105678,False,True,False,Medium
USA,Medium,Utilities,Water,"Ciales, PR, USA",,72039.0,PR,Name18105679,False,False,True,Severe
USA,Medium,Utilities,Water,"Ciales, PR, USA",,72039.0,PR,Name18105680,True,False,False,High
USA,Medium,Utilities,Water,"Ciales, PR, USA",,72039.0,PR,Name18105681,True,True,False,High
USA,Medium,Utilities,Water,"Ciales, PR, USA",,72039.0,PR,Name18105682,True,False,False,Severe
USA,Medium,Utilities,Water,"Ciales, PR, USA",,72039.0,PR,Name18105683,True,False,False,Medium
USA,Medium,Utilities,Gas,"Ciales, PR, USA",,72039.0,PR,Name18105684,True,True,False,Low
USA,Medium,Utilities,Gas,"Ciales, PR, USA",,72039.0,PR,Name18105685,True,True,False,High
USA,Medium,Utilities,Gas,"Ciales, PR, USA",,72039.0,PR,Name18105686,True,False,False,Low
USA,Medium,Utilities,Gas,"Ciales, PR, USA",,72039.0,PR,Name18105687,False,True,False,Low
USA,Medium,Utilities,Gas,"Ciales, PR, USA",,72039.0,PR,Name18105688,False,True,True,Medium
USA,Medium,Utilities,Gas,"Ciales, PR, USA",,72039.0,PR,Name18105690,True,True,False,Medium
USA,Medium,Utilities,Gas,"Ciales, PR, USA",,72039.0,PR,Name18105691,True,True,False,Severe
USA,Medium,Utilities,Gas,"Ciales, PR, USA",,72039.0,PR,Name18105692,False,True,False,Severe
USA,Medium,Utilities,Gas,"Ciales, PR, USA",,72039.0,PR,Name18105693,True,True,False,High
USA,Medium,Utilities,Gas,"Ciales, PR, USA",,72039.0,PR,Name18105694,False,False,True,High
USA,Medium,Utilities,Gas,"Ciales, PR, USA",,72039.0,PR,Name18105695,False,False,True,Low
USA,Medium,Utilities,Gas,"Ciales, PR, USA",,72039.0,PR,Name18105696,True,True,False,Medium
USA,Medium,Utilities,Gas,"Ciales, PR, USA",,72039.0,PR,Name18105698,False,False,True,High
USA,Medium,Utilities,Gas,"Ciales, PR, USA",,72039.0,PR,Name18105699,True,True,False,Low
USA,Medium,Utilities,Gas,"Ciales, PR, USA",,72039.0,PR,Name18105700,False,False,True,Severe
USA,Medium,Utilities,Gas,"Ciales, PR, USA",,72039.0,PR,Name18105701,True,False,False,High
USA,Medium,Utilities,Gas,"Ciales, PR, USA",,72039.0,PR,Name18105702,True,False,False,Severe
USA,Medium,Utilities,Gas,"Ciales, PR, USA",,72039.0,PR,Name18105703,True,False,False,Low
USA,Medium,Real Estate,Residential,"Ciales, PR, USA",,72039.0,PR,Name18105707,True,False,False,Medium
USA,Medium,Real Estate,Residential,"Ciales, PR, USA",,72039.0,PR,Name18105708,False,True,False,High
USA,Medium,Real Estate,Residential,"Ciales, PR, USA",,72039.0,PR,Name18105709,False,True,True,Medium
USA,Medium,Real Estate,Residential,"Ciales, PR, USA",,72039.0,PR,Name18105710,True,False,False,Severe
USA,Medium,Real Estate,Residential,"Ciales, PR, USA",,72039.0,PR,Name18105712,True,True,False,High
USA,Medium,Real Estate,Residential,"Ciales, PR, USA",,72039.0,PR,Name18105713,True,False,False,Severe
USA,Medium,Real Estate,Residential,"Ciales, PR, USA",,72039.0,PR,Name18105714,True,False,False,Medium
USA,Medium,Real Estate,Residential,"Ciales, PR, USA",,72039.0,PR,Name18105715,True,True,False,Low
USA,Medium,Real Estate,Residential,"Ciales, PR, USA",,72039.0,PR,Name18105716,True,False,False,Severe
USA,Medium,Real Estate,Residential,"Ciales, PR, USA",,72039.0,PR,Name18105718,True,True,False,High
USA,Medium,Real Estate,Residential,"Ciales, PR, USA",,72039.0,PR,Name18105719,True,False,False,Low
USA,Medium,Real Estate,Residential,"Ciales, PR, USA",,72039.0,PR,Name18105720,True,True,False,Low
USA,Medium,Real Estate,Residential,"Ciales, PR, USA",,72039.0,PR,Name18105721,False,True,True,Medium
USA,Medium,Real Estate,Residential,"Ciales, PR, USA",,72039.0,PR,Name18105722,True,True,False,Medium
USA,Medium,Real Estate,Residential,"Ciales, PR, USA",,72039.0,PR,Name18105723,True,True,False,High
USA,Medium,Real Estate,Residential,"Ciales, PR, USA",,72039.0,PR,Name18105724,True,True,False,High
USA,Medium,Real Estate,Residential,"Ciales, PR, USA",,72039.0,PR,Name18105725,False,True,False,High
USA,Medium,Real Estate,Residential,"Ciales, PR, USA",,72039.0,PR,Name18105727,True,True,False,Low
USA,Medium,Real Estate,Residential,"Ciales, PR, USA",,72039.0,PR,Name18105728,False,False,True,Low
USA,Medium,Real Estate,Residential,"Ciales, PR, USA",,72039.0,PR,Name18105729,True,True,False,High
USA,Medium,Real Estate,Residential,"Ciales, PR, USA",,72039.0,PR,Name18105730,True,True,False,High
USA,Medium,Real Estate,Residential,"Ciales, PR, USA",,72039.0,PR,Name18105731,False,False,True,Low
USA,Medium,Real Estate,Residential,"Ciales, PR, USA",,72039.0,PR,Name18105732,False,True,True,Severe
USA,Medium,Real Estate,Residential,"Ciales, PR, USA",,72039.0,PR,Name18105733,False,True,True,Medium
USA,Medium,Real Estate,Residential,"Ciales, PR, USA",,72039.0,PR,Name18105734,False,False,True,Low
USA,Medium,Real Estate,Residential,"Ciales, PR, USA",,72039.0,PR,Name18105735,True,True,False,Low
USA,Medium,Real Estate,Commercial,"Ciales, PR, USA",,72039.0,PR,Name18105736,True,True,False,Severe
USA,Medium,Real Estate,Commercial,"Ciales, PR, USA",,72039.0,PR,Name18105737,True,True,False,Medium
USA,Medium,Real Estate,Commercial,"Ciales, PR, USA",,72039.0,PR,Name18105738,True,True,False,High
USA,Medium,Real Estate,Commercial,"Ciales, PR, USA",,72039.0,PR,Name18105739,True,False,False,High
USA,Medium,Real Estate,Commercial,"Ciales, PR, USA",,72039.0,PR,Name18105740,False,False,True,Low
USA,Medium,Real Estate,Commercial,"Ciales, PR, USA",,72039.0,PR,Name18105741,False,True,True,Medium
USA,Medium,Real Estate,Commercial,"Ciales, PR, USA",,72039.0,PR,Name18105742,False,True,True,Severe
USA,Medium,Real Estate,Commercial,"Ciales, PR, USA",,72039.0,PR,Name18105744,False,False,True,Severe
USA,Medium,Real Estate,Commercial,"Ciales, PR, USA",,72039.0,PR,Name18105745,True,False,False,Severe
USA,Medium,Real Estate,Commercial,"Ciales, PR, USA",,72039.0,PR,Name18105746,False,True,True,Severe
USA,Medium,Real Estate,Commercial,"Ciales, PR, USA",,72039.0,PR,Name18105747,False,False,True,High
USA,Medium,Real Estate,Commercial,"Ciales, PR, USA",,72039.0,PR,Name18105748,False,False,True,Severe
USA,Medium,Real Estate,Commercial,"Ciales, PR, USA",,72039.0,PR,Name18105749,True,False,False,Medium
USA,Medium,Real Estate,Commercial,"Ciales, PR, USA",,72039.0,PR,Name18105751,False,True,False,Low
USA,Medium,Real Estate,Commercial,"Ciales, PR, USA",,72039.0,PR,Name18105753,True,True,False,Low
USA,Medium,Real Estate,Commercial,"Ciales, PR, USA",,72039.0,PR,Name18105754,False,False,True,Severe
USA,Medium,Real Estate,Commercial,"Ciales, PR, USA",,72039.0,PR,Name18105755,True,False,False,Medium
USA,Medium,Real Estate,Commercial,"Ciales, PR, USA",,72039.0,PR,Name18105756,True,True,False,High
USA,Medium,Real Estate,Commercial,"Ciales, PR, USA",,72039.0,PR,Name18105757,False,False,True,Severe
USA,Medium,Real Estate,Commercial,"Ciales, PR, USA",,72039.0,PR,Name18105758,True,False,False,Severe
USA,Medium,Real Estate,Commercial,"Ciales, PR, USA",,72039.0,PR,Name18105759,True,True,False,Severe
USA,Medium,Real Estate,Commercial,"Ciales, PR, USA",,72039.0,PR,Name18105760,False,False,True,High
USA,Medium,Real Estate,Commercial,"Ciales, PR, USA",,72039.0,PR,Name18105761,False,True,False,Severe
USA,Medium,Real Estate,Commercial,"Ciales, PR, USA",,72039.0,PR,Name18105762,True,True,False,Medium
USA,Medium,Real Estate,Industrial,"Ciales, PR, USA",,72039.0,PR,Name18105763,True,False,False,Low
USA,Medium,Real Estate,Industrial,"Ciales, PR, USA",,72039.0,PR,Name18105764,False,False,True,Low
USA,Medium,Real Estate,Industrial,"Ciales, PR, USA",,72039.0,PR,Name18105765,False,False,True,High
USA,Medium,Real Estate,Industrial,"Ciales, PR, USA",,72039.0,PR,Name18105766,True,True,False,Medium
USA,Medium,Real Estate,Industrial,"Ciales, PR, USA",,72039.0,PR,Name18105767,True,False,False,High
USA,Medium,Real Estate,Industrial,"Ciales, PR, USA",,72039.0,PR,Name18105768,False,True,True,High
USA,Medium,Real Estate,Industrial,"Ciales, PR, USA",,72039.0,PR,Name18105769,False,False,True,Medium
USA,Medium,Real Estate,Industrial,"Ciales, PR, USA",,72039.0,PR,Name18105770,False,True,True,High
USA,Medium,Real Estate,Industrial,"Ciales, PR, USA",,72039.0,PR,Name18105771,True,True,False,High
USA,Medium,Real Estate,Industrial,"Ciales, PR, USA",,72039.0,PR,Name18105773,False,True,False,Low
USA,Medium,Real Estate,Industrial,"Ciales, PR, USA",,72039.0,PR,Name18105774,True,True,False,High
USA,Medium,Real Estate,Industrial,"Ciales, PR, USA",,72039.0,PR,Name18105776,False,True,True,High
USA,Medium,Real Estate,Industrial,"Ciales, PR, USA",,72039.0,PR,Name18105777,True,False,False,Severe
USA,Medium,Real Estate,Industrial,"Ciales, PR, USA",,72039.0,PR,Name18105778,True,False,False,Low
USA,Medium,Telecommunications,Mobile,"Ciales, PR, USA",,72039.0,PR,Name18105780,True,True,False,Low
USA,Medium,Telecommunications,Mobile,"Ciales, PR, USA",,72039.0,PR,Name18105781,True,False,False,Low
USA,Medium,Telecommunications,Mobile,"Ciales, PR, USA",,72039.0,PR,Name18105782,True,False,False,Medium
USA,Medium,Telecommunications,Mobile,"Ciales, PR, USA",,72039.0,PR,Name18105783,False,True,False,Medium
USA,Medium,Telecommunications,Mobile,"Ciales, PR, USA",,72039.0,PR,Name18105786,True,True,False,Medium
USA,Medium,Telecommunications,Mobile,"Ciales, PR, USA",,72039.0,PR,Name18105787,False,True,False,Medium
USA,Medium,Telecommunications,Mobile,"Ciales, PR, USA",,72039.0,PR,Name18105788,False,False,True,Low
USA,Medium,Telecommunications,Mobile,"Ciales, PR, USA",,72039.0,PR,Name18105790,True,False,False,Medium
USA,Medium,Telecommunications,Mobile,"Ciales, PR, USA",,72039.0,PR,Name18105791,True,True,False,Medium
USA,Medium,Telecommunications,Mobile,"Ciales, PR, USA",,72039.0,PR,Name18105792,False,False,True,Low
USA,Medium,Telecommunications,Mobile,"Ciales, PR, USA",,72039.0,PR,Name18105793,False,False,True,High
USA,Medium,Telecommunications,Mobile,"Ciales, PR, USA",,72039.0,PR,Name18105794,False,True,True,Severe
USA,Medium,Telecommunications,Mobile,"Ciales, PR, USA",,72039.0,PR,Name18105795,False,True,True,Medium
USA,Medium,Telecommunications,Mobile,"Ciales, PR, USA",,72039.0,PR,Name18105796,False,True,True,Low
USA,Medium,Telecommunications,Mobile,"Ciales, PR, USA",,72039.0,PR,Name18105797,True,True,False,High
USA,Medium,Telecommunications,Mobile,"Ciales, PR, USA",,72039.0,PR,Name18105798,True,True,False,Low
USA,Medium,Telecommunications,Mobile,"Ciales, PR, USA",,72039.0,PR,Name18105799,True,False,False,High
USA,Medium,Telecommunications,Mobile,"Ciales, PR, USA",,72039.0,PR,Name18105800,True,True,False,High
USA,Medium,Telecommunications,Mobile,"Ciales, PR, USA",,72039.0,PR,Name18105801,False,True,False,High
USA,Medium,Telecommunications,Mobile,"Ciales, PR, USA",,72039.0,PR,Name18105802,True,True,False,Severe
USA,Medium,Telecommunications,Mobile,"Ciales, PR, USA",,72039.0,PR,Name18105803,False,True,False,Severe
USA,Medium,Telecommunications,Mobile,"Ciales, PR, USA",,72039.0,PR,Name18105804,False,True,False,High
USA,Medium,Telecommunications,Mobile,"Ciales, PR, USA",,72039.0,PR,Name18105805,True,True,False,Medium
USA,Medium,Telecommunications,Mobile,"Ciales, PR, USA",,72039.0,PR,Name18105806,False,True,False,Medium
USA,Medium,Telecommunications,Mobile,"Ciales, PR, USA",,72039.0,PR,Name18105807,False,False,True,Severe
USA,Medium,Telecommunications,Mobile,"Ciales, PR, USA",,72039.0,PR,Name18105808,True,True,False,High
USA,Medium,Telecommunications,Mobile,"Ciales, PR, USA",,72039.0,PR,Name18105809,True,False,False,High
USA,Medium,Telecommunications,Mobile,"Ciales, PR, USA",,72039.0,PR,Name18105810,True,True,False,Low
USA,Medium,Telecommunications,Mobile,"Ciales, PR, USA",,72039.0,PR,Name18105812,True,False,False,Low
USA,Medium,Telecommunications,Broadband,"Ciales, PR, USA",,72039.0,PR,Name18105813,False,False,True,Severe
USA,Medium,Telecommunications,Broadband,"Ciales, PR, USA",,72039.0,PR,Name18105815,False,True,True,Severe
USA,Medium,Telecommunications,Broadband,"Ciales, PR, USA",,72039.0,PR,Name18105816,False,False,True,High
USA,Medium,Telecommunications,Broadband,"Ciales, PR, USA",,72039.0,PR,Name18105817,True,False,False,Severe
USA,Medium,Telecommunications,Broadband,"Ciales, PR, USA",,72039.0,PR,Name18105818,False,True,False,Severe
USA,Medium,Telecommunications,Broadband,"Ciales, PR, USA",,72039.0,PR,Name18105819,False,False,True,High
USA,Medium,Telecommunications,Broadband,"Ciales, PR, USA",,72039.0,PR,Name18105820,True,False,False,Medium
USA,Medium,Telecommunications,Broadband,"Ciales, PR, USA",,72039.0,PR,Name18105821,False,True,True,High
USA,Medium,Telecommunications,Broadband,"Ciales, PR, USA",,72039.0,PR,Name18105822,False,True,True,Severe
USA,Medium,Telecommunications,Broadband,"Ciales, PR, USA",,72039.0,PR,Name18105823,True,False,False,Severe
USA,Medium,Telecommunications,Broadband,"Ciales, PR, USA",,72039.0,PR,Name18105824,False,True,False,Medium
USA,Medium,Telecommunications,Broadband,"Ciales, PR, USA",,72039.0,PR,Name18105826,True,True,False,Severe
USA,Medium,Telecommunications,Broadband,"Ciales, PR, USA",,72039.0,PR,Name18105827,False,False,True,Low
USA,Medium,Telecommunications,Broadband,"Ciales, PR, USA",,72039.0,PR,Name18105828,True,False,False,Medium
USA,Medium,Telecommunications,Broadband,"Ciales, PR, USA",,72039.0,PR,Name18105829,True,True,False,Low
USA,Medium,Telecommunications,Broadband,"Ciales, PR, USA",,72039.0,PR,Name18105830,True,True,False,High
USA,Medium,Telecommunications,Broadband,"Ciales, PR, USA",,72039.0,PR,Name18105831,False,True,False,Low
USA,Medium,Telecommunications,Broadband,"Ciales, PR, USA",,72039.0,PR,Name18105832,False,True,True,High
USA,Medium,Telecommunications,Broadband,"Ciales, PR, USA",,72039.0,PR,Name18105833,True,True,False,Medium
USA,Medium,Telecommunications,Broadband,"Ciales, PR, USA",,72039.0,PR,Name18105835,True,True,False,Low
USA,Medium,Telecommunications,Broadband,"Ciales, PR, USA",,72039.0,PR,Name18105836,False,True,True,High
USA,Medium,Telecommunications,Satellite,"Ciales, PR, USA",,72039.0,PR,Name18105837,False,False,True,Severe
USA,Medium,Telecommunications,Satellite,"Ciales, PR, USA",,72039.0,PR,Name18105838,False,True,True,Medium
USA,Medium,Telecommunications,Satellite,"Ciales, PR, USA",,72039.0,PR,Name18105839,True,False,False,Low
USA,Medium,Telecommunications,Satellite,"Ciales, PR, USA",,72039.0,PR,Name18105840,False,True,True,Medium
USA,Medium,Telecommunications,Satellite,"Ciales, PR, USA",,72039.0,PR,Name18105841,True,False,False,Low
USA,Medium,Telecommunications,Satellite,"Ciales, PR, USA",,72039.0,PR,Name18105842,True,False,False,Medium
USA,Medium,Telecommunications,Satellite,"Ciales, PR, USA",,72039.0,PR,Name18105843,True,False,False,Low
USA,Medium,Telecommunications,Satellite,"Ciales, PR, USA",,72039.0,PR,Name18105844,True,True,False,Low
USA,Medium,Telecommunications,Satellite,"Ciales, PR, USA",,72039.0,PR,Name18105845,False,True,False,Medium
USA,Medium,Telecommunications,Satellite,"Ciales, PR, USA",,72039.0,PR,Name18105846,True,True,False,High
USA,Medium,Telecommunications,Satellite,"Ciales, PR, USA",,72039.0,PR,Name18105847,False,True,True,Medium
USA,Medium,Telecommunications,Satellite,"Ciales, PR, USA",,72039.0,PR,Name18105848,False,True,True,Low
USA,Medium,Telecommunications,Satellite,"Ciales, PR, USA",,72039.0,PR,Name18105849,True,False,False,Medium
USA,Medium,Telecommunications,Satellite,"Ciales, PR, USA",,72039.0,PR,Name18105850,False,False,True,Low
USA,Medium,Telecommunications,Satellite,"Ciales, PR, USA",,72039.0,PR,Name18105851,True,False,False,High
USA,Medium,Telecommunications,Satellite,"Ciales, PR, USA",,72039.0,PR,Name18105853,True,False,False,High
USA,Medium,Telecommunications,Satellite,"Ciales, PR, USA",,72039.0,PR,Name18105854,True,True,False,High
USA,Medium,Telecommunications,Satellite,"Ciales, PR, USA",,72039.0,PR,Name18105855,True,True,False,Severe
USA,Medium,Telecommunications,Satellite,"Ciales, PR, USA",,72039.0,PR,Name18105856,True,False,False,Severe
USA,Medium,Telecommunications,Satellite,"Ciales, PR, USA",,72039.0,PR,Name18105857,True,True,False,Medium
USA,Medium,Telecommunications,Satellite,"Ciales, PR, USA",,72039.0,PR,Name18105858,True,False,False,Medium
USA,Medium,Telecommunications,Satellite,"Ciales, PR, USA",,72039.0,PR,Name18105859,False,True,False,High
USA,Medium,Telecommunications,Satellite,"Ciales, PR, USA",,72039.0,PR,Name18105860,True,True,False,Medium
USA,Medium,Telecommunications,Satellite,"Ciales, PR, USA",,72039.0,PR,Name18105861,True,True,False,Medium
USA,Medium,Telecommunications,Satellite,"Ciales, PR, USA",,72039.0,PR,Name18105862,False,False,True,Medium
USA,Medium,Telecommunications,Satellite,"Ciales, PR, USA",,72039.0,PR,Name18105863,False,True,False,High
USA,Medium,Telecommunications,Satellite,"Ciales, PR, USA",,72039.0,PR,Name18105865,True,True,False,Medium
USA,Medium,Telecommunications,Satellite,"Ciales, PR, USA",,72039.0,PR,Name18105866,False,False,True,Medium
USA,Medium,Telecommunications,Satellite,"Ciales, PR, USA",,72039.0,PR,Name18105867,True,False,False,Severe
USA,Medium,Materials,Chemicals,"Ciales, PR, USA",,72039.0,PR,Name18105868,True,True,False,Low
USA,Medium,Materials,Chemicals,"Ciales, PR, USA",,72039.0,PR,Name18105869,False,True,False,High
USA,Medium,Materials,Chemicals,"Ciales, PR, USA",,72039.0,PR,Name18105870,True,True,False,Medium
USA,Medium,Materials,Chemicals,"Ciales, PR, USA",,72039.0,PR,Name18105871,False,False,True,Medium
USA,Medium,Materials,Chemicals,"Ciales, PR, USA",,72039.0,PR,Name18105873,False,True,False,Severe
USA,Medium,Materials,Chemicals,"Ciales, PR, USA",,72039.0,PR,Name18105874,True,False,False,Medium
USA,Medium,Materials,Chemicals,"Ciales, PR, USA",,72039.0,PR,Name18105875,False,True,False,High
USA,Medium,Materials,Chemicals,"Ciales, PR, USA",,72039.0,PR,Name18105876,False,False,True,Low
USA,Medium,Materials,Chemicals,"Ciales, PR, USA",,72039.0,PR,Name18105877,True,False,False,Low
USA,Medium,Materials,Chemicals,"Ciales, PR, USA",,72039.0,PR,Name18105878,True,False,False,Medium
USA,Medium,Materials,Chemicals,"Ciales, PR, USA",,72039.0,PR,Name18105879,False,False,True,Low
USA,Medium,Materials,Chemicals,"Ciales, PR, USA",,72039.0,PR,Name18105880,True,True,False,Medium
USA,Medium,Materials,Chemicals,"Ciales, PR, USA",,72039.0,PR,Name18105882,True,True,False,Low
USA,Medium,Materials,Chemicals,"Ciales, PR, USA",,72039.0,PR,Name18105883,False,True,True,Severe
USA,Medium,Materials,Chemicals,"Ciales, PR, USA",,72039.0,PR,Name18105884,False,True,True,High
USA,Medium,Materials,Chemicals,"Ciales, PR, USA",,72039.0,PR,Name18105885,False,True,False,Medium
USA,Medium,Materials,Chemicals,"Ciales, PR, USA",,72039.0,PR,Name18105886,True,False,False,Medium
USA,Medium,Materials,Chemicals,"Ciales, PR, USA",,72039.0,PR,Name18105887,False,True,True,Severe
USA,Medium,Materials,Chemicals,"Ciales, PR, USA",,72039.0,PR,Name18105888,True,True,False,High
USA,Medium,Materials,Chemicals,"Ciales, PR, USA",,72039.0,PR,Name18105889,True,False,False,Medium
USA,Medium,Materials,Chemicals,"Ciales, PR, USA",,72039.0,PR,Name18105890,True,False,False,Severe
USA,Medium,Materials,Chemicals,"Ciales, PR, USA",,72039.0,PR,Name18105891,False,True,True,High
USA,Medium,Materials,Chemicals,"Ciales, PR, USA",,72039.0,PR,Name18105892,True,False,False,Medium
USA,Medium,Materials,Chemicals,"Ciales, PR, USA",,72039.0,PR,Name18105893,False,True,True,High
USA,Medium,Materials,Chemicals,"Ciales, PR, USA",,72039.0,PR,Name18105894,False,True,False,High
USA,Medium,Materials,Chemicals,"Ciales, PR, USA",,72039.0,PR,Name18105895,False,True,True,High
USA,Medium,Materials,Chemicals,"Ciales, PR, USA",,72039.0,PR,Name18105896,True,True,False,High
USA,Medium,Materials,Chemicals,"Ciales, PR, USA",,72039.0,PR,Name18105897,False,True,True,High
USA,Medium,Materials,Chemicals,"Ciales, PR, USA",,72039.0,PR,Name18105899,True,False,False,Low
USA,Medium,Materials,Chemicals,"Ciales, PR, USA",,72039.0,PR,Name18105901,False,False,True,Low
USA,Medium,Materials,Chemicals,"Ciales, PR, USA",,72039.0,PR,Name18105903,True,True,False,Low
USA,Medium,Materials,Chemicals,"Ciales, PR, USA",,72039.0,PR,Name18105904,False,False,True,Low
USA,Medium,Materials,Chemicals,"Ciales, PR, USA",,72039.0,PR,Name18105905,False,True,True,Low
USA,Medium,Materials,Metals & Mining,"Ciales, PR, USA",,72039.0,PR,Name18105906,True,True,False,High
USA,Medium,Materials,Metals & Mining,"Ciales, PR, USA",,72039.0,PR,Name18105908,True,False,False,Medium
USA,Medium,Materials,Metals & Mining,"Ciales, PR, USA",,72039.0,PR,Name18105909,False,True,True,Severe
USA,Medium,Materials,Metals & Mining,"Ciales, PR, USA",,72039.0,PR,Name18105910,False,False,True,High
USA,Medium,Materials,Metals & Mining,"Ciales, PR, USA",,72039.0,PR,Name18105911,False,True,True,Medium
USA,Medium,Materials,Metals & Mining,"Ciales, PR, USA",,72039.0,PR,Name18105913,False,False,True,Medium
USA,Medium,Materials,Metals & Mining,"Ciales, PR, USA",,72039.0,PR,Name18105914,True,True,False,Medium
USA,Medium,Materials,Metals & Mining,"Ciales, PR, USA",,72039.0,PR,Name18105915,False,False,True,Medium
USA,Medium,Materials,Metals & Mining,"Ciales, PR, USA",,72039.0,PR,Name18105917,True,False,False,Low
USA,Medium,Materials,Metals & Mining,"Ciales, PR, USA",,72039.0,PR,Name18105918,False,True,False,Low
USA,Medium,Materials,Metals & Mining,"Ciales, PR, USA",,72039.0,PR,Name18105919,True,True,False,Severe
USA,Medium,Materials,Metals & Mining,"Ciales, PR, USA",,72039.0,PR,Name18105920,False,True,False,Medium
USA,Medium,Materials,Metals & Mining,"Ciales, PR, USA",,72039.0,PR,Name18105922,False,False,True,Severe
USA,Medium,Materials,Metals & Mining,"Ciales, PR, USA",,72039.0,PR,Name18105923,False,False,True,Low
USA,Medium,Materials,Construction Materials,"Ciales, PR, USA",,72039.0,PR,Name18105925,True,True,False,Severe
USA,Medium,Materials,Construction Materials,"Ciales, PR, USA",,72039.0,PR,Name18105926,False,True,False,Medium
USA,Medium,Materials,Construction Materials,"Ciales, PR, USA",,72039.0,PR,Name18105927,True,True,False,High
USA,Medium,Materials,Construction Materials,"Ciales, PR, USA",,72039.0,PR,Name18105928,True,False,False,Low
USA,Medium,Materials,Construction Materials,"Ciales, PR, USA",,72039.0,PR,Name18105929,False,True,False,Medium
USA,Medium,Materials,Construction Materials,"Ciales, PR, USA",,72039.0,PR,Name18105930,True,False,False,Severe
USA,Medium,Materials,Construction Materials,"Ciales, PR, USA",,72039.0,PR,Name18105931,True,False,False,Severe
USA,Medium,Materials,Construction Materials,"Ciales, PR, USA",,72039.0,PR,Name18105932,False,True,True,Low
USA,Medium,Materials,Construction Materials,"Ciales, PR, USA",,72039.0,PR,Name18105934,False,True,True,Low
USA,Medium,Materials,Construction Materials,"Ciales, PR, USA",,72039.0,PR,Name18105935,False,True,True,Low
USA,Medium,Materials,Construction Materials,"Ciales, PR, USA",,72039.0,PR,Name18105936,True,True,False,High
USA,Medium,Materials,Construction Materials,"Ciales, PR, USA",,72039.0,PR,Name18105937,False,False,True,Low
USA,Medium,Materials,Construction Materials,"Ciales, PR, USA",,72039.0,PR,Name18105938,True,True,False,Severe
USA,Medium,Materials,Construction Materials,"Ciales, PR, USA",,72039.0,PR,Name18105939,True,True,False,High
USA,Medium,Materials,Construction Materials,"Ciales, PR, USA",,72039.0,PR,Name18105940,True,False,False,High
USA,Medium,Materials,Construction Materials,"Ciales, PR, USA",,72039.0,PR,Name18105942,True,False,False,Severe
USA,Medium,Materials,Construction Materials,"Ciales, PR, USA",,72039.0,PR,Name18105943,False,True,True,High
USA,Medium,Materials,Construction Materials,"Ciales, PR, USA",,72039.0,PR,Name18105944,True,False,False,High
USA,Medium,Materials,Construction Materials,"Ciales, PR, USA",,72039.0,PR,Name18105945,True,False,False,Low
USA,Medium,Materials,Construction Materials,"Ciales, PR, USA",,72039.0,PR,Name18105946,True,True,False,Low
USA,Medium,Materials,Construction Materials,"Ciales, PR, USA",,72039.0,PR,Name18105947,False,True,False,High
USA,Medium,Materials,Construction Materials,"Ciales, PR, USA",,72039.0,PR,Name18105949,True,True,False,Severe
USA,Medium,Materials,Construction Materials,"Ciales, PR, USA",,72039.0,PR,Name18105950,False,True,False,Low
USA,Medium,Materials,Construction Materials,"Ciales, PR, USA",,72039.0,PR,Name18105951,True,False,False,Severe
USA,Medium,Materials,Construction Materials,"Ciales, PR, USA",,72039.0,PR,Name18105952,False,True,False,Severe
USA,Medium,Materials,Construction Materials,"Ciales, PR, USA",,72039.0,PR,Name18105953,True,False,False,Medium
USA,Medium,Materials,Construction Materials,"Ciales, PR, USA",,72039.0,PR,Name18105955,True,False,False,Severe
USA,Medium,Materials,Construction Materials,"Ciales, PR, USA",,72039.0,PR,Name18105956,False,True,False,Medium
USA,Medium,Materials,Construction Materials,"Ciales, PR, USA",,72039.0,PR,Name18105957,True,False,False,Low
USA,Medium,Materials,Construction Materials,"Ciales, PR, USA",,72039.0,PR,Name18105958,True,True,False,Severe
USA,Medium,Materials,Construction Materials,"Ciales, PR, USA",,72039.0,PR,Name18105959,True,False,False,Severe
USA,Medium,Materials,Construction Materials,"Ciales, PR, USA",,72039.0,PR,Name18105960,False,True,True,High
USA,Medium,Materials,Construction Materials,"Ciales, PR, USA",,72039.0,PR,Name18105961,False,False,True,High
USA,Medium,Materials,Construction Materials,"Ciales, PR, USA",,72039.0,PR,Name18105962,True,False,False,High
USA,Medium,Materials,Construction Materials,"Ciales, PR, USA",,72039.0,PR,Name18105963,False,True,False,High
USA,Medium,Materials,Construction Materials,"Ciales, PR, USA",,72039.0,PR,Name18105965,False,True,True,Severe
USA,Medium,Materials,Construction Materials,"Ciales, PR, USA",,72039.0,PR,Name18105966,False,False,True,Severe
USA,Medium,Materials,Construction Materials,"Ciales, PR, USA",,72039.0,PR,Name18105967,False,False,True,High
USA,Medium,Industrials,Aerospace & Defense,"Ciales, PR, USA",,72039.0,PR,Name18105968,False,True,True,Severe
USA,Medium,Industrials,Aerospace & Defense,"Ciales, PR, USA",,72039.0,PR,Name18105970,True,False,False,Medium
USA,Medium,Industrials,Aerospace & Defense,"Ciales, PR, USA",,72039.0,PR,Name18105972,False,True,False,Severe
USA,Medium,Industrials,Aerospace & Defense,"Ciales, PR, USA",,72039.0,PR,Name18105973,True,False,False,Severe
USA,Medium,Industrials,Aerospace & Defense,"Ciales, PR, USA",,72039.0,PR,Name18105974,True,False,False,Severe
USA,Medium,Industrials,Aerospace & Defense,"Ciales, PR, USA",,72039.0,PR,Name18105975,True,False,False,Severe
USA,Medium,Industrials,Aerospace & Defense,"Ciales, PR, USA",,72039.0,PR,Name18105976,False,True,False,High
USA,Medium,Industrials,Aerospace & Defense,"Ciales, PR, USA",,72039.0,PR,Name18105977,True,False,False,Low
USA,Medium,Industrials,Aerospace & Defense,"Ciales, PR, USA",,72039.0,PR,Name18105978,True,False,False,Low
USA,Medium,Industrials,Aerospace & Defense,"Ciales, PR, USA",,72039.0,PR,Name18105979,False,True,True,Severe
USA,Medium,Industrials,Aerospace & Defense,"Ciales, PR, USA",,72039.0,PR,Name18105980,False,True,True,High
USA,Medium,Industrials,Aerospace & Defense,"Ciales, PR, USA",,72039.0,PR,Name18105982,False,True,False,Medium
USA,Medium,Industrials,Aerospace & Defense,"Ciales, PR, USA",,72039.0,PR,Name18105983,False,False,True,Medium
USA,Medium,Industrials,Aerospace & Defense,"Ciales, PR, USA",,72039.0,PR,Name18105984,False,True,True,High
USA,Medium,Industrials,Machinery,"Ciales, PR, USA",,72039.0,PR,Name18105986,False,True,False,High
USA,Medium,Industrials,Machinery,"Ciales, PR, USA",,72039.0,PR,Name18105987,False,False,True,Severe
USA,Medium,Industrials,Machinery,"Ciales, PR, USA",,72039.0,PR,Name18105988,True,False,False,Severe
USA,Medium,Industrials,Machinery,"Ciales, PR, USA",,72039.0,PR,Name18105989,True,True,False,Low
USA,Medium,Industrials,Machinery,"Ciales, PR, USA",,72039.0,PR,Name18105990,True,True,False,Severe
USA,Medium,Industrials,Machinery,"Ciales, PR, USA",,72039.0,PR,Name18105991,True,True,False,High
USA,Medium,Industrials,Machinery,"Ciales, PR, USA",,72039.0,PR,Name18105992,True,False,False,Medium
USA,Medium,Industrials,Machinery,"Ciales, PR, USA",,72039.0,PR,Name18105993,True,False,False,Low
USA,Medium,Industrials,Machinery,"Ciales, PR, USA",,72039.0,PR,Name18105994,True,True,False,Severe
USA,Medium,Industrials,Machinery,"Ciales, PR, USA",,72039.0,PR,Name18105995,False,True,True,Low
USA,Medium,Industrials,Machinery,"Ciales, PR, USA",,72039.0,PR,Name18105996,True,False,False,Medium
USA,Medium,Industrials,Machinery,"Ciales, PR, USA",,72039.0,PR,Name18105997,False,True,True,Medium
USA,Medium,Industrials,Machinery,"Ciales, PR, USA",,72039.0,PR,Name18105998,False,False,True,Severe
USA,Medium,Industrials,Machinery,"Ciales, PR, USA",,72039.0,PR,Name18105999,False,True,True,High
USA,Medium,Industrials,Machinery,"Ciales, PR, USA",,72039.0,PR,Name18106000,True,True,False,High
USA,Medium,Industrials,Machinery,"Ciales, PR, USA",,72039.0,PR,Name18106001,True,True,False,Medium
USA,Medium,Industrials,Machinery,"Ciales, PR, USA",,72039.0,PR,Name18106003,False,False,True,High
USA,Medium,Industrials,Machinery,"Ciales, PR, USA",,72039.0,PR,Name18106004,False,True,True,Severe
USA,Medium,Industrials,Machinery,"Ciales, PR, USA",,72039.0,PR,Name18106005,True,True,False,Low
USA,Medium,Industrials,Machinery,"Ciales, PR, USA",,72039.0,PR,Name18106007,True,False,False,Low
USA,Medium,Industrials,Machinery,"Ciales, PR, USA",,72039.0,PR,Name18106008,False,True,True,Severe
USA,Medium,Industrials,Machinery,"Ciales, PR, USA",,72039.0,PR,Name18106010,False,True,False,Severe
USA,Medium,Industrials,Machinery,"Ciales, PR, USA",,72039.0,PR,Name18106011,False,False,True,High
USA,Medium,Industrials,Machinery,"Ciales, PR, USA",,72039.0,PR,Name18106012,False,False,True,Medium
USA,Medium,Industrials,Machinery,"Ciales, PR, USA",,72039.0,PR,Name18106014,False,False,True,Medium
USA,Medium,Industrials,Machinery,"Ciales, PR, USA",,72039.0,PR,Name18106015,True,True,False,High
USA,Medium,Industrials,Machinery,"Ciales, PR, USA",,72039.0,PR,Name18106016,False,True,True,High
USA,Medium,Industrials,Machinery,"Ciales, PR, USA",,72039.0,PR,Name18106017,True,True,False,Medium
USA,Medium,Industrials,Machinery,"Ciales, PR, USA",,72039.0,PR,Name18106018,False,False,True,Medium
USA,Medium,Industrials,Machinery,"Ciales, PR, USA",,72039.0,PR,Name18106019,True,False,False,Severe
USA,Medium,Industrials,Machinery,"Ciales, PR, USA",,72039.0,PR,Name18106020,False,True,True,Medium
USA,Medium,Industrials,Machinery,"Ciales, PR, USA",,72039.0,PR,Name18106022,True,True,False,Severe
USA,Medium,Industrials,Machinery,"Ciales, PR, USA",,72039.0,PR,Name18106023,False,True,False,High
USA,Medium,Industrials,Machinery,"Ciales, PR, USA",,72039.0,PR,Name18106024,True,True,False,Low
USA,Medium,Industrials,Industrial Services,"Ciales, PR, USA",,72039.0,PR,Name18106025,False,False,True,Low
USA,Medium,Industrials,Industrial Services,"Ciales, PR, USA",,72039.0,PR,Name18106026,False,True,False,Low
USA,Medium,Industrials,Industrial Services,"Ciales, PR, USA",,72039.0,PR,Name18106027,True,True,False,Severe
USA,Medium,Industrials,Industrial Services,"Ciales, PR, USA",,72039.0,PR,Name18106028,True,True,False,Severe
USA,Medium,Industrials,Industrial Services,"Ciales, PR, USA",,72039.0,PR,Name18106029,False,True,False,Medium
USA,Medium,Industrials,Industrial Services,"Ciales, PR, USA",,72039.0,PR,Name18106030,True,False,False,Severe
USA,Medium,Industrials,Industrial Services,"Ciales, PR, USA",,72039.0,PR,Name18106031,True,False,False,High
USA,Medium,Industrials,Industrial Services,"Ciales, PR, USA",,72039.0,PR,Name18106032,True,True,False,Medium
USA,Medium,Industrials,Industrial Services,"Ciales, PR, USA",,72039.0,PR,Name18106033,False,True,True,Low
USA,Medium,Industrials,Industrial Services,"Ciales, PR, USA",,72039.0,PR,Name18106034,True,True,False,Medium
USA,Medium,Industrials,Industrial Services,"Ciales, PR, USA",,72039.0,PR,Name18106035,False,True,False,Severe
USA,Medium,Industrials,Industrial Services,"Ciales, PR, USA",,72039.0,PR,Name18106036,True,True,False,Medium
USA,Medium,Industrials,Industrial Services,"Ciales, PR, USA",,72039.0,PR,Name18106037,True,False,False,Medium
USA,Medium,Industrials,Industrial Services,"Ciales, PR, USA",,72039.0,PR,Name18106038,True,True,False,High
USA,Medium,Industrials,Industrial Services,"Ciales, PR, USA",,72039.0,PR,Name18106039,False,True,False,Severe
USA,Medium,Industrials,Industrial Services,"Ciales, PR, USA",,72039.0,PR,Name18106040,True,True,False,Low
USA,Medium,Industrials,Industrial Services,"Ciales, PR, USA",,72039.0,PR,Name18106041,False,False,True,Medium
USA,Medium,Industrials,Industrial Services,"Ciales, PR, USA",,72039.0,PR,Name18106042,True,False,False,Low
USA,Medium,Industrials,Industrial Services,"Ciales, PR, USA",,72039.0,PR,Name18106043,True,False,False,High
USA,Medium,Industrials,Industrial Services,"Ciales, PR, USA",,72039.0,PR,Name18106044,True,False,False,Medium
USA,Medium,Industrials,Industrial Services,"Ciales, PR, USA",,72039.0,PR,Name18106045,True,False,False,High
USA,Medium,Industrials,Industrial Services,"Ciales, PR, USA",,72039.0,PR,Name18106046,False,True,True,Low
USA,Medium,Industrials,Industrial Services,"Ciales, PR, USA",,72039.0,PR,Name18106048,False,True,False,High
USA,Medium,Industrials,Industrial Services,"Ciales, PR, USA",,72039.0,PR,Name18106049,False,False,True,Medium
USA,Medium,Industrials,Industrial Services,"Ciales, PR, USA",,72039.0,PR,Name18106050,True,True,False,Severe
USA,Medium,Industrials,Industrial Services,"Ciales, PR, USA",,72039.0,PR,Name18106052,True,True,False,High
USA,Medium,Industrials,Industrial Services,"Ciales, PR, USA",,72039.0,PR,Name18106053,False,False,True,Severe
USA,Medium,Industrials,Industrial Services,"Ciales, PR, USA",,72039.0,PR,Name18106054,True,False,False,Severe
USA,Medium,Industrials,Industrial Services,"Ciales, PR, USA",,72039.0,PR,Name18106055,False,True,True,Severe
USA,Medium,Industrials,Industrial Services,"Ciales, PR, USA",,72039.0,PR,Name18106056,False,True,True,Severe
USA,Medium,Industrials,Industrial Services,"Ciales, PR, USA",,72039.0,PR,Name18106057,False,True,True,High
USA,Medium,Industrials,Industrial Services,"Ciales, PR, USA",,72039.0,PR,Name18106058,False,True,True,High
USA,Medium,Industrials,Industrial Services,"Ciales, PR, USA",,72039.0,PR,Name18106059,False,True,True,High
USA,Medium,Industrials,Industrial Services,"Ciales, PR, USA",,72039.0,PR,Name18106060,True,False,False,Low
USA,Medium,Industrials,Industrial Services,"Ciales, PR, USA",,72039.0,PR,Name18106061,True,False,False,Severe
USA,Medium,Industrials,Industrial Services,"Ciales, PR, USA",,72039.0,PR,Name18106062,True,False,False,Medium
USA,Medium,Industrials,Industrial Services,"Ciales, PR, USA",,72039.0,PR,Name18106063,True,True,False,Medium
USA,Medium,Consumer Services,Retail,"Ciales, PR, USA",,72039.0,PR,Name18106064,False,True,True,High
USA,Medium,Consumer Services,Retail,"Ciales, PR, USA",,72039.0,PR,Name18106065,True,False,False,Severe
USA,Medium,Consumer Services,Retail,"Ciales, PR, USA",,72039.0,PR,Name18106067,True,False,False,Medium
USA,Medium,Consumer Services,Retail,"Ciales, PR, USA",,72039.0,PR,Name18106068,True,False,False,High
USA,Medium,Consumer Services,Retail,"Ciales, PR, USA",,72039.0,PR,Name18106069,False,True,True,High
USA,Medium,Consumer Services,Retail,"Ciales, PR, USA",,72039.0,PR,Name18106070,True,True,False,High
USA,Medium,Consumer Services,Retail,"Ciales, PR, USA",,72039.0,PR,Name18106071,False,True,True,High
USA,Medium,Consumer Services,Retail,"Ciales, PR, USA",,72039.0,PR,Name18106073,True,False,False,Severe
USA,Medium,Consumer Services,Retail,"Ciales, PR, USA",,72039.0,PR,Name18106074,False,False,True,Medium
USA,Medium,Consumer Services,Retail,"Ciales, PR, USA",,72039.0,PR,Name18106075,True,False,False,High
USA,Medium,Consumer Services,Retail,"Ciales, PR, USA",,72039.0,PR,Name18106076,True,False,False,High
USA,Medium,Consumer Services,Retail,"Ciales, PR, USA",,72039.0,PR,Name18106077,True,True,False,Medium
USA,Medium,Consumer Services,Retail,"Ciales, PR, USA",,72039.0,PR,Name18106078,True,True,False,High
USA,Medium,Consumer Services,Retail,"Ciales, PR, USA",,72039.0,PR,Name18106079,True,False,False,Severe
USA,Medium,Consumer Services,Retail,"Ciales, PR, USA",,72039.0,PR,Name18106080,False,False,True,Medium
USA,Medium,Consumer Services,Retail,"Ciales, PR, USA",,72039.0,PR,Name18106081,True,True,False,Medium
USA,Medium,Consumer Services,Retail,"Ciales, PR, USA",,72039.0,PR,Name18106082,False,True,True,Medium
USA,Medium,Consumer Services,Retail,"Ciales, PR, USA",,72039.0,PR,Name18106083,False,True,False,Low
USA,Medium,Consumer Services,Retail,"Ciales, PR, USA",,72039.0,PR,Name18106084,False,False,True,High
USA,Medium,Consumer Services,Retail,"Ciales, PR, USA",,72039.0,PR,Name18106085,True,True,False,High
USA,Medium,Consumer Services,Retail,"Ciales, PR, USA",,72039.0,PR,Name18106087,False,True,True,Low
USA,Medium,Consumer Services,Retail,"Ciales, PR, USA",,72039.0,PR,Name18106088,True,True,False,Severe
USA,Medium,Consumer Services,Retail,"Ciales, PR, USA",,72039.0,PR,Name18106089,True,True,False,Medium
USA,Medium,Consumer Services,Retail,"Ciales, PR, USA",,72039.0,PR,Name18106090,True,True,False,Low
USA,Medium,Consumer Services,Retail,"Ciales, PR, USA",,72039.0,PR,Name18106091,False,False,True,Medium
USA,Medium,Consumer Services,Retail,"Ciales, PR, USA",,72039.0,PR,Name18106092,True,True,False,High
USA,Medium,Consumer Services,Retail,"Ciales, PR, USA",,72039.0,PR,Name18106093,False,False,True,High
USA,Medium,Consumer Services,Retail,"Ciales, PR, USA",,72039.0,PR,Name18106094,True,True,False,Medium
USA,Medium,Consumer Services,Retail,"Ciales, PR, USA",,72039.0,PR,Name18106095,False,True,True,High
USA,Medium,Consumer Services,Retail,"Ciales, PR, USA",,72039.0,PR,Name18106096,False,False,True,Severe
USA,Medium,Consumer Services,Retail,"Ciales, PR, USA",,72039.0,PR,Name18106097,True,False,False,Medium
USA,Medium,Consumer Services,Retail,"Ciales, PR, USA",,72039.0,PR,Name18106098,False,True,True,Low
USA,Medium,Consumer Services,Retail,"Ciales, PR, USA",,72039.0,PR,Name18106099,True,False,False,High
USA,Medium,Consumer Services,Retail,"Ciales, PR, USA",,72039.0,PR,Name18106101,True,True,False,High
USA,Medium,Consumer Services,Retail,"Ciales, PR, USA",,72039.0,PR,Name18106103,False,True,True,Severe
USA,Medium,Consumer Services,Retail,"Ciales, PR, USA",,72039.0,PR,Name18106104,False,True,False,Severe
USA,Medium,Consumer Services,Retail,"Ciales, PR, USA",,72039.0,PR,Name18106105,True,True,False,Medium
USA,Medium,Consumer Services,Retail,"Ciales, PR, USA",,72039.0,PR,Name18106106,False,False,True,Severe
USA,Medium,Consumer Services,Retail,"Ciales, PR, USA",,72039.0,PR,Name18106107,False,False,True,High
USA,Medium,Consumer Services,Retail,"Ciales, PR, USA",,72039.0,PR,Name18106108,True,False,False,Medium
USA,Medium,Consumer Services,Retail,"Ciales, PR, USA",,72039.0,PR,Name18106109,True,False,False,Severe
USA,Medium,Consumer Services,Retail,"Ciales, PR, USA",,72039.0,PR,Name18106110,True,True,False,Severe
USA,Medium,Consumer Services,Retail,"Ciales, PR, USA",,72039.0,PR,Name18106111,False,False,True,Medium
USA,Medium,Consumer Services,Travel & Leisure,"Ciales, PR, USA",,72039.0,PR,Name18106112,False,False,True,Low
USA,Medium,Consumer Services,Travel & Leisure,"Ciales, PR, USA",,72039.0,PR,Name18106113,True,False,False,Severe
USA,Medium,Consumer Services,Travel & Leisure,"Ciales, PR, USA",,72039.0,PR,Name18106114,False,True,False,Severe
USA,Medium,Consumer Services,Travel & Leisure,"Ciales, PR, USA",,72039.0,PR,Name18106115,False,False,True,High
USA,Medium,Consumer Services,Travel & Leisure,"Ciales, PR, USA",,72039.0,PR,Name18106116,True,False,False,Severe
USA,Medium,Consumer Services,Travel & Leisure,"Ciales, PR, USA",,72039.0,PR,Name18106117,False,True,True,Medium
USA,Medium,Consumer Services,Travel & Leisure,"Ciales, PR, USA",,72039.0,PR,Name18106118,True,False,False,Severe
USA,Medium,Consumer Services,Travel & Leisure,"Ciales, PR, USA",,72039.0,PR,Name18106120,True,False,False,Medium
USA,Medium,Consumer Services,Travel & Leisure,"Ciales, PR, USA",,72039.0,PR,Name18106121,True,True,False,Low
USA,Medium,Consumer Services,Travel & Leisure,"Ciales, PR, USA",,72039.0,PR,Name18106122,True,True,False,Severe
USA,Medium,Consumer Services,Travel & Leisure,"Ciales, PR, USA",,72039.0,PR,Name18106123,True,False,False,Low
USA,Medium,Consumer Services,Travel & Leisure,"Ciales, PR, USA",,72039.0,PR,Name18106124,False,True,True,Medium
USA,Medium,Consumer Services,Travel & Leisure,"Ciales, PR, USA",,72039.0,PR,Name18106125,True,True,False,Low
USA,Medium,Consumer Services,Travel & Leisure,"Ciales, PR, USA",,72039.0,PR,Name18106126,True,False,False,Low
USA,Medium,Consumer Services,Travel & Leisure,"Ciales, PR, USA",,72039.0,PR,Name18106127,False,True,False,Severe
USA,Medium,Consumer Services,Travel & Leisure,"Ciales, PR, USA",,72039.0,PR,Name18106128,False,True,False,Severe
USA,Medium,Consumer Services,Travel & Leisure,"Ciales, PR, USA",,72039.0,PR,Name18106129,True,False,False,Low
USA,Medium,Consumer Services,Travel & Leisure,"Ciales, PR, USA",,72039.0,PR,Name18106130,True,True,False,Medium
USA,Medium,Consumer Services,Travel & Leisure,"Ciales, PR, USA",,72039.0,PR,Name18106131,False,True,True,Medium
USA,Medium,Consumer Services,Travel & Leisure,"Ciales, PR, USA",,72039.0,PR,Name18106132,False,True,True,Severe
USA,Medium,Consumer Services,Travel & Leisure,"Ciales, PR, USA",,72039.0,PR,Name18106133,False,True,True,High
USA,Medium,Consumer Services,Travel & Leisure,"Ciales, PR, USA",,72039.0,PR,Name18106134,False,False,True,Medium
USA,Medium,Consumer Services,Travel & Leisure,"Ciales, PR, USA",,72039.0,PR,Name18106135,False,True,True,Low
USA,Medium,Consumer Services,Travel & Leisure,"Ciales, PR, USA",,72039.0,PR,Name18106136,True,True,False,Severe
USA,Medium,Consumer Services,Travel & Leisure,"Ciales, PR, USA",,72039.0,PR,Name18106137,False,False,True,Low
USA,Medium,Consumer Services,Travel & Leisure,"Ciales, PR, USA",,72039.0,PR,Name18106138,True,False,False,Low
USA,Medium,Consumer Services,Travel & Leisure,"Ciales, PR, USA",,72039.0,PR,Name18106139,True,False,False,Severe
USA,Medium,Consumer Services,Travel & Leisure,"Ciales, PR, USA",,72039.0,PR,Name18106140,True,True,False,Low
USA,Medium,Consumer Services,Travel & Leisure,"Ciales, PR, USA",,72039.0,PR,Name18106141,True,True,False,Severe
USA,Medium,Consumer Services,Travel & Leisure,"Ciales, PR, USA",,72039.0,PR,Name18106142,True,False,False,High
USA,Medium,Consumer Services,Travel & Leisure,"Ciales, PR, USA",,72039.0,PR,Name18106143,False,True,True,Low
USA,Medium,Consumer Services,Travel & Leisure,"Ciales, PR, USA",,72039.0,PR,Name18106144,True,True,False,Medium
USA,Medium,Consumer Services,Travel & Leisure,"Ciales, PR, USA",,72039.0,PR,Name18106146,True,False,False,Medium
USA,Medium,Consumer Services,Travel & Leisure,"Ciales, PR, USA",,72039.0,PR,Name18106147,False,False,True,Severe
USA,Medium,Consumer Services,Travel & Leisure,"Ciales, PR, USA",,72039.0,PR,Name18106148,False,True,True,Severe
USA,Medium,Consumer Services,Travel & Leisure,"Ciales, PR, USA",,72039.0,PR,Name18106149,False,False,True,Severe
USA,Medium,Consumer Services,Travel & Leisure,"Ciales, PR, USA",,72039.0,PR,Name18106150,False,True,False,Low
USA,Medium,Consumer Services,Travel & Leisure,"Ciales, PR, USA",,72039.0,PR,Name18106151,False,True,False,Severe
USA,Medium,Consumer Services,Travel & Leisure,"Ciales, PR, USA",,72039.0,PR,Name18106152,False,True,True,Medium
USA,Medium,Consumer Services,Travel & Leisure,"Ciales, PR, USA",,72039.0,PR,Name18106155,False,True,False,Low
USA,Medium,Consumer Services,Travel & Leisure,"Ciales, PR, USA",,72039.0,PR,Name18106156,True,False,False,Severe
USA,Medium,Consumer Services,Travel & Leisure,"Ciales, PR, USA",,72039.0,PR,Name18106157,False,False,True,High
USA,Medium,Consumer Services,Travel & Leisure,"Ciales, PR, USA",,72039.0,PR,Name18106158,True,False,False,Severe
USA,Medium,Consumer Services,Travel & Leisure,"Ciales, PR, USA",,72039.0,PR,Name18106160,True,False,False,High
USA,Medium,Consumer Services,Media,"Ciales, PR, USA",,72039.0,PR,Name18106161,True,False,False,Severe
USA,Medium,Consumer Services,Media,"Ciales, PR, USA",,72039.0,PR,Name18106163,False,True,True,High
USA,Medium,Consumer Services,Media,"Ciales, PR, USA",,72039.0,PR,Name18106164,True,True,False,Low
USA,Medium,Consumer Services,Media,"Ciales, PR, USA",,72039.0,PR,Name18106165,True,True,False,High
USA,Medium,Consumer Services,Media,"Ciales, PR, USA",,72039.0,PR,Name18106166,False,True,False,High
USA,Medium,Consumer Services,Media,"Ciales, PR, USA",,72039.0,PR,Name18106167,False,False,True,Severe
USA,Medium,Consumer Services,Media,"Ciales, PR, USA",,72039.0,PR,Name18106168,False,False,True,Low
USA,Medium,Consumer Services,Media,"Ciales, PR, USA",,72039.0,PR,Name18106169,True,True,False,Severe
USA,Medium,Consumer Services,Media,"Ciales, PR, USA",,72039.0,PR,Name18106171,True,False,False,Low
USA,Medium,Consumer Services,Media,"Ciales, PR, USA",,72039.0,PR,Name18106172,True,True,False,Medium
USA,Medium,Consumer Services,Media,"Ciales, PR, USA",,72039.0,PR,Name18106173,True,False,False,Severe
USA,Medium,Consumer Services,Media,"Ciales, PR, USA",,72039.0,PR,Name18106174,False,True,False,Low
USA,Medium,Consumer Services,Media,"Ciales, PR, USA",,72039.0,PR,Name18106175,True,False,False,Low
USA,Medium,Consumer Services,Media,"Ciales, PR, USA",,72039.0,PR,Name18106176,True,True,False,High
USA,Medium,Consumer Services,Media,"Ciales, PR, USA",,72039.0,PR,Name18106177,False,True,True,Severe
USA,Medium,Consumer Services,Media,"Ciales, PR, USA",,72039.0,PR,Name18106179,True,False,False,Severe
USA,Medium,Consumer Services,Media,"Ciales, PR, USA",,72039.0,PR,Name18106180,False,True,False,Severe
USA,Medium,Consumer Services,Media,"Ciales, PR, USA",,72039.0,PR,Name18106181,False,True,True,Low
USA,Medium,Consumer Services,Media,"Ciales, PR, USA",,72039.0,PR,Name18106182,True,True,False,Severe
USA,Medium,Consumer Services,Media,"Ciales, PR, USA",,72039.0,PR,Name18106184,True,False,False,High
USA,Medium,Consumer Services,Media,"Ciales, PR, USA",,72039.0,PR,Name18106185,True,True,False,Low
USA,Medium,Consumer Services,Media,"Ciales, PR, USA",,72039.0,PR,Name18106186,True,True,False,Severe
USA,Medium,Consumer Services,Media,"Ciales, PR, USA",,72039.0,PR,Name18106187,False,False,True,Medium
USA,Medium,Consumer Services,Media,"Ciales, PR, USA",,72039.0,PR,Name18106188,False,True,False,High
USA,Medium,Consumer Services,Media,"Ciales, PR, USA",,72039.0,PR,Name18106189,True,False,False,Medium
USA,Medium,Consumer Services,Media,"Ciales, PR, USA",,72039.0,PR,Name18106190,True,False,False,Severe
USA,Medium,Consumer Services,Media,"Ciales, PR, USA",,72039.0,PR,Name18106191,True,True,False,Severe
USA,Medium,Transportation,Airlines,"Ciales, PR, USA",,72039.0,PR,Name18106192,True,True,False,Severe
USA,Medium,Transportation,Airlines,"Ciales, PR, USA",,72039.0,PR,Name18106193,False,True,True,High
USA,Medium,Transportation,Airlines,"Ciales, PR, USA",,72039.0,PR,Name18106194,False,False,True,Severe
USA,Medium,Transportation,Airlines,"Ciales, PR, USA",,72039.0,PR,Name18106196,False,True,False,Low
USA,Medium,Transportation,Airlines,"Ciales, PR, USA",,72039.0,PR,Name18106197,True,True,False,Low
USA,Medium,Transportation,Airlines,"Ciales, PR, USA",,72039.0,PR,Name18106199,True,True,False,Severe
USA,Medium,Transportation,Airlines,"Ciales, PR, USA",,72039.0,PR,Name18106200,True,True,False,High
USA,Medium,Transportation,Airlines,"Ciales, PR, USA",,72039.0,PR,Name18106201,False,True,True,Low
USA,Medium,Transportation,Airlines,"Ciales, PR, USA",,72039.0,PR,Name18106202,True,False,False,Low
USA,Medium,Transportation,Airlines,"Ciales, PR, USA",,72039.0,PR,Name18106203,True,True,False,Medium
USA,Medium,Transportation,Airlines,"Ciales, PR, USA",,72039.0,PR,Name18106204,True,False,False,Medium
USA,Medium,Transportation,Airlines,"Ciales, PR, USA",,72039.0,PR,Name18106205,False,False,True,Medium
USA,Medium,Transportation,Airlines,"Ciales, PR, USA",,72039.0,PR,Name18106206,True,True,False,Severe
USA,Medium,Transportation,Airlines,"Ciales, PR, USA",,72039.0,PR,Name18106207,False,True,False,High
USA,Medium,Transportation,Airlines,"Ciales, PR, USA",,72039.0,PR,Name18106208,True,False,False,High
USA,Medium,Transportation,Railroads,"Ciales, PR, USA",,72039.0,PR,Name18106209,False,True,True,Medium
USA,Medium,Transportation,Railroads,"Ciales, PR, USA",,72039.0,PR,Name18106210,False,True,False,Severe
USA,Medium,Transportation,Railroads,"Ciales, PR, USA",,72039.0,PR,Name18106211,True,True,False,Low
USA,Medium,Transportation,Railroads,"Ciales, PR, USA",,72039.0,PR,Name18106212,False,True,False,Severe
USA,Medium,Transportation,Railroads,"Ciales, PR, USA",,72039.0,PR,Name18106213,False,True,False,Severe
USA,Medium,Transportation,Railroads,"Ciales, PR, USA",,72039.0,PR,Name18106215,False,True,False,Low
USA,Medium,Transportation,Railroads,"Ciales, PR, USA",,72039.0,PR,Name18106216,True,False,False,High
USA,Medium,Transportation,Logistics,"Ciales, PR, USA",,72039.0,PR,Name18106217,False,True,True,Medium
USA,Medium,Transportation,Logistics,"Ciales, PR, USA",,72039.0,PR,Name18106218,False,False,True,Medium
USA,Medium,Transportation,Logistics,"Ciales, PR, USA",,72039.0,PR,Name18106219,True,True,False,Medium
USA,Medium,Transportation,Logistics,"Ciales, PR, USA",,72039.0,PR,Name18106220,True,False,False,Severe
USA,Medium,Transportation,Logistics,"Ciales, PR, USA",,72039.0,PR,Name18106221,True,True,False,Low
USA,Medium,Transportation,Logistics,"Ciales, PR, USA",,72039.0,PR,Name18106223,True,True,False,Severe
USA,Medium,Transportation,Logistics,"Ciales, PR, USA",,72039.0,PR,Name18106224,False,True,False,Medium
USA,Medium,Transportation,Logistics,"Ciales, PR, USA",,72039.0,PR,Name18106225,False,True,True,Low
USA,Medium,Transportation,Logistics,"Ciales, PR, USA",,72039.0,PR,Name18106226,False,True,True,Low
USA,Medium,Transportation,Logistics,"Ciales, PR, USA",,72039.0,PR,Name18106227,False,True,True,High
USA,Medium,Transportation,Logistics,"Ciales, PR, USA",,72039.0,PR,Name18106228,True,True,False,Medium
USA,Medium,Transportation,Logistics,"Ciales, PR, USA",,72039.0,PR,Name18106229,True,True,False,High
USA,Medium,Transportation,Logistics,"Ciales, PR, USA",,72039.0,PR,Name18106230,False,True,True,Low
USA,Medium,Transportation,Logistics,"Ciales, PR, USA",,72039.0,PR,Name18106231,False,False,True,Medium
USA,Medium,Transportation,Logistics,"Ciales, PR, USA",,72039.0,PR,Name18106232,False,False,True,Severe
USA,Medium,Transportation,Logistics,"Ciales, PR, USA",,72039.0,PR,Name18106233,False,True,False,Low
USA,Medium,Transportation,Logistics,"Ciales, PR, USA",,72039.0,PR,Name18106234,False,False,True,Severe
USA,Medium,Transportation,Logistics,"Ciales, PR, USA",,72039.0,PR,Name18106235,False,True,True,Medium
USA,Medium,Transportation,Logistics,"Ciales, PR, USA",,72039.0,PR,Name18106236,False,True,False,Low
USA,Medium,Transportation,Logistics,"Ciales, PR, USA",,72039.0,PR,Name18106237,True,True,False,Severe
USA,Medium,Transportation,Logistics,"Ciales, PR, USA",,72039.0,PR,Name18106238,False,True,True,Low
USA,Medium,Transportation,Logistics,"Ciales, PR, USA",,72039.0,PR,Name18106239,False,False,True,High
USA,Medium,Transportation,Logistics,"Ciales, PR, USA",,72039.0,PR,Name18106241,True,True,False,High
USA,Medium,Transportation,Logistics,"Ciales, PR, USA",,72039.0,PR,Name18106242,True,True,False,High
USA,Medium,Transportation,Logistics,"Ciales, PR, USA",,72039.0,PR,Name18106243,True,True,False,Medium
USA,Medium,Transportation,Logistics,"Ciales, PR, USA",,72039.0,PR,Name18106244,True,True,False,High
USA,Medium,Transportation,Logistics,"Ciales, PR, USA",,72039.0,PR,Name18106245,True,True,False,High
USA,Medium,Transportation,Logistics,"Ciales, PR, USA",,72039.0,PR,Name18106246,True,True,False,Severe
USA,Medium,Transportation,Logistics,"Ciales, PR, USA",,72039.0,PR,Name18106247,True,True,False,High
USA,Medium,Transportation,Logistics,"Ciales, PR, USA",,72039.0,PR,Name18106248,True,False,False,Low
USA,Medium,Transportation,Logistics,"Ciales, PR, USA",,72039.0,PR,Name18106249,False,True,False,High
USA,Medium,Transportation,Logistics,"Ciales, PR, USA",,72039.0,PR,Name18106250,False,False,True,Medium
USA,Small,Technology,Software,"Ciales, PR, USA",,72039.0,PR,Name18106251,False,False,True,Medium
USA,Small,Technology,Software,"Ciales, PR, USA",,72039.0,PR,Name18106252,True,True,False,High
USA,Small,Technology,Software,"Ciales, PR, USA",,72039.0,PR,Name18106253,True,False,False,Low
USA,Small,Technology,Software,"Ciales, PR, USA",,72039.0,PR,Name18106254,True,False,False,Severe
USA,Small,Technology,Software,"Ciales, PR, USA",,72039.0,PR,Name18106257,False,False,True,Medium
USA,Small,Technology,Software,"Ciales, PR, USA",,72039.0,PR,Name18106258,False,False,True,Severe
USA,Small,Technology,Software,"Ciales, PR, USA",,72039.0,PR,Name18106259,True,False,False,Medium
USA,Small,Technology,Software,"Ciales, PR, USA",,72039.0,PR,Name18106260,False,False,True,Low
USA,Small,Technology,Software,"Ciales, PR, USA",,72039.0,PR,Name18106261,False,True,False,Medium
USA,Small,Technology,Software,"Ciales, PR, USA",,72039.0,PR,Name18106262,True,False,False,Low
USA,Small,Technology,Software,"Ciales, PR, USA",,72039.0,PR,Name18106263,True,False,False,Severe
USA,Small,Technology,Software,"Ciales, PR, USA",,72039.0,PR,Name18106264,False,True,True,Severe
USA,Small,Technology,Software,"Ciales, PR, USA",,72039.0,PR,Name18106265,False,False,True,Low
USA,Small,Technology,Software,"Ciales, PR, USA",,72039.0,PR,Name18106266,True,True,False,Low
USA,Small,Technology,Software,"Ciales, PR, USA",,72039.0,PR,Name18106267,True,True,False,Severe
USA,Small,Technology,Software,"Ciales, PR, USA",,72039.0,PR,Name18106268,True,False,False,Low
USA,Small,Technology,Software,"Ciales, PR, USA",,72039.0,PR,Name18106269,True,False,False,Severe
USA,Small,Technology,Software,"Ciales, PR, USA",,72039.0,PR,Name18106270,True,False,False,Medium
USA,Small,Technology,Software,"Ciales, PR, USA",,72039.0,PR,Name18106272,False,True,False,Medium
USA,Small,Technology,Software,"Ciales, PR, USA",,72039.0,PR,Name18106273,False,True,True,Severe
USA,Small,Technology,Software,"Ciales, PR, USA",,72039.0,PR,Name18106274,True,True,False,Severe
USA,Small,Technology,Software,"Ciales, PR, USA",,72039.0,PR,Name18106275,False,True,False,Low
USA,Small,Technology,Software,"Ciales, PR, USA",,72039.0,PR,Name18106276,True,False,False,Severe
USA,Small,Technology,Software,"Ciales, PR, USA",,72039.0,PR,Name18106277,False,True,False,Low
USA,Small,Technology,Software,"Ciales, PR, USA",,72039.0,PR,Name18106278,False,True,False,Severe
USA,Small,Technology,Software,"Ciales, PR, USA",,72039.0,PR,Name18106280,False,True,False,Low
USA,Small,Technology,Software,"Ciales, PR, USA",,72039.0,PR,Name18106281,True,True,False,Medium
USA,Small,Technology,Software,"Ciales, PR, USA",,72039.0,PR,Name18106282,True,True,False,Low
USA,Small,Technology,Software,"Ciales, PR, USA",,72039.0,PR,Name18106284,False,True,True,Severe
USA,Small,Technology,Software,"Ciales, PR, USA",,72039.0,PR,Name18106285,False,True,False,Medium
USA,Small,Technology,Software,"Ciales, PR, USA",,72039.0,PR,Name18106286,False,True,False,High
USA,Small,Technology,Software,"Ciales, PR, USA",,72039.0,PR,Name18106287,True,True,False,Low
USA,Small,Technology,Software,"Ciales, PR, USA",,72039.0,PR,Name18106288,False,False,True,Medium
USA,Small,Technology,Software,"Ciales, PR, USA",,72039.0,PR,Name18106289,False,True,True,Low
USA,Small,Technology,Software,"Ciales, PR, USA",,72039.0,PR,Name18106290,False,False,True,Severe
USA,Small,Technology,Software,"Ciales, PR, USA",,72039.0,PR,Name18106291,True,True,False,Low
USA,Small,Technology,Software,"Ciales, PR, USA",,72039.0,PR,Name18106292,True,True,False,Medium
USA,Small,Technology,Software,"Ciales, PR, USA",,72039.0,PR,Name18106294,False,True,False,High
USA,Small,Technology,Software,"Ciales, PR, USA",,72039.0,PR,Name18106295,True,False,False,Medium
USA,Small,Technology,Software,"Ciales, PR, USA",,72039.0,PR,Name18106296,True,True,False,High
USA,Small,Technology,Software,"Ciales, PR, USA",,72039.0,PR,Name18106297,False,True,False,Medium
USA,Small,Technology,Software,"Ciales, PR, USA",,72039.0,PR,Name18106298,True,False,False,Medium
USA,Small,Technology,Software,"Ciales, PR, USA",,72039.0,PR,Name18106299,True,True,False,Severe
USA,Small,Technology,Hardware,"Ciales, PR, USA",,72039.0,PR,Name18106300,True,True,False,High
USA,Small,Technology,Hardware,"Ciales, PR, USA",,72039.0,PR,Name18106301,False,False,True,Medium
USA,Small,Technology,Hardware,"Ciales, PR, USA",,72039.0,PR,Name18106302,False,True,False,Severe
USA,Small,Technology,Hardware,"Ciales, PR, USA",,72039.0,PR,Name18106303,True,False,False,High
USA,Small,Technology,Hardware,"Ciales, PR, USA",,72039.0,PR,Name18106304,True,True,False,Severe
USA,Small,Technology,Hardware,"Ciales, PR, USA",,72039.0,PR,Name18106305,True,False,False,Low
USA,Small,Technology,Hardware,"Ciales, PR, USA",,72039.0,PR,Name18106306,True,False,False,High
USA,Small,Technology,Hardware,"Ciales, PR, USA",,72039.0,PR,Name18106307,True,True,False,High
USA,Small,Technology,Hardware,"Ciales, PR, USA",,72039.0,PR,Name18106309,False,False,True,Medium
USA,Small,Technology,Hardware,"Ciales, PR, USA",,72039.0,PR,Name18106310,True,False,False,Low
USA,Small,Technology,Hardware,"Ciales, PR, USA",,72039.0,PR,Name18106311,False,True,False,High
USA,Small,Technology,Hardware,"Ciales, PR, USA",,72039.0,PR,Name18106312,True,True,False,Severe
USA,Small,Technology,Hardware,"Ciales, PR, USA",,72039.0,PR,Name18106314,False,True,False,Severe
USA,Small,Technology,Hardware,"Ciales, PR, USA",,72039.0,PR,Name18106315,False,False,True,High
USA,Small,Technology,Hardware,"Ciales, PR, USA",,72039.0,PR,Name18106316,False,False,True,Low
USA,Small,Technology,Hardware,"Ciales, PR, USA",,72039.0,PR,Name18106317,False,True,True,Severe
USA,Small,Technology,Hardware,"Ciales, PR, USA",,72039.0,PR,Name18106318,False,True,False,High
USA,Small,Technology,Hardware,"Ciales, PR, USA",,72039.0,PR,Name18106319,False,True,True,Severe
USA,Small,Technology,Hardware,"Ciales, PR, USA",,72039.0,PR,Name18106320,False,True,True,Medium
USA,Small,Technology,Hardware,"Ciales, PR, USA",,72039.0,PR,Name18106321,False,False,True,Low
USA,Small,Technology,Hardware,"Ciales, PR, USA",,72039.0,PR,Name18106322,True,False,False,Medium
USA,Small,Technology,Hardware,"Ciales, PR, USA",,72039.0,PR,Name18106323,True,False,False,Medium
USA,Small,Technology,Hardware,"Ciales, PR, USA",,72039.0,PR,Name18106325,True,False,False,Low
USA,Small,Technology,Hardware,"Ciales, PR, USA",,72039.0,PR,Name18106326,False,True,False,Low
USA,Small,Technology,Hardware,"Ciales, PR, USA",,72039.0,PR,Name18106327,False,True,False,Severe
USA,Small,Technology,Hardware,"Ciales, PR, USA",,72039.0,PR,Name18106328,True,True,False,Severe
USA,Small,Technology,Hardware,"Ciales, PR, USA",,72039.0,PR,Name18106329,True,True,False,Medium
USA,Small,Technology,Hardware,"Ciales, PR, USA",,72039.0,PR,Name18106330,False,False,True,High
USA,Small,Technology,Hardware,"Ciales, PR, USA",,72039.0,PR,Name18106332,False,False,True,Severe
USA,Small,Technology,Hardware,"Ciales, PR, USA",,72039.0,PR,Name18106333,False,True,False,Low
USA,Small,Technology,Hardware,"Ciales, PR, USA",,72039.0,PR,Name18106334,True,False,False,Severe
USA,Small,Technology,Hardware,"Ciales, PR, USA",,72039.0,PR,Name18106335,True,True,False,Severe
USA,Small,Technology,Hardware,"Ciales, PR, USA",,72039.0,PR,Name18106336,True,False,False,Severe
USA,Small,Technology,Hardware,"Ciales, PR, USA",,72039.0,PR,Name18106337,False,True,True,Low
USA,Small,Technology,Hardware,"Ciales, PR, USA",,72039.0,PR,Name18106338,True,True,False,High
USA,Small,Technology,Hardware,"Ciales, PR, USA",,72039.0,PR,Name18106339,True,True,False,Medium
USA,Small,Technology,Hardware,"Ciales, PR, USA",,72039.0,PR,Name18106340,True,True,False,High
USA,Small,Technology,Hardware,"Ciales, PR, USA",,72039.0,PR,Name18106341,False,True,True,High
USA,Small,Technology,Hardware,"Ciales, PR, USA",,72039.0,PR,Name18106343,False,True,True,Low
USA,Small,Technology,IT Services,"Ciales, PR, USA",,72039.0,PR,Name18106344,True,False,False,Severe
USA,Small,Technology,IT Services,"Ciales, PR, USA",,72039.0,PR,Name18106345,True,False,False,Low
USA,Small,Technology,IT Services,"Ciales, PR, USA",,72039.0,PR,Name18106346,False,True,True,Low
USA,Small,Technology,IT Services,"Ciales, PR, USA",,72039.0,PR,Name18106347,True,True,False,Severe
USA,Small,Technology,IT Services,"Ciales, PR, USA",,72039.0,PR,Name18106348,True,True,False,High
USA,Small,Technology,IT Services,"Ciales, PR, USA",,72039.0,PR,Name18106349,False,False,True,Low
USA,Small,Technology,IT Services,"Ciales, PR, USA",,72039.0,PR,Name18106350,True,True,False,Medium
USA,Small,Technology,IT Services,"Ciales, PR, USA",,72039.0,PR,Name18106351,True,True,False,Low
USA,Small,Technology,IT Services,"Ciales, PR, USA",,72039.0,PR,Name18106352,False,True,False,Low
USA,Small,Technology,IT Services,"Ciales, PR, USA",,72039.0,PR,Name18106353,True,False,False,Medium
USA,Small,Technology,IT Services,"Ciales, PR, USA",,72039.0,PR,Name18106354,False,True,False,Low
USA,Small,Technology,IT Services,"Ciales, PR, USA",,72039.0,PR,Name18106356,True,False,False,High
USA,Small,Technology,IT Services,"Ciales, PR, USA",,72039.0,PR,Name18106357,True,True,False,High
USA,Small,Technology,IT Services,"Ciales, PR, USA",,72039.0,PR,Name18106358,True,True,False,Severe
USA,Small,Technology,IT Services,"Ciales, PR, USA",,72039.0,PR,Name18106359,True,True,False,Medium
USA,Small,Technology,IT Services,"Ciales, PR, USA",,72039.0,PR,Name18106360,True,False,False,Medium
USA,Small,Technology,IT Services,"Ciales, PR, USA",,72039.0,PR,Name18106361,True,False,False,High
USA,Small,Technology,IT Services,"Ciales, PR, USA",,72039.0,PR,Name18106362,True,True,False,Severe
USA,Small,Technology,IT Services,"Ciales, PR, USA",,72039.0,PR,Name18106363,True,True,False,High
USA,Small,Technology,IT Services,"Ciales, PR, USA",,72039.0,PR,Name18106364,False,True,False,Medium
USA,Small,Technology,IT Services,"Ciales, PR, USA",,72039.0,PR,Name18106365,True,False,False,Severe
USA,Small,Technology,IT Services,"Ciales, PR, USA",,72039.0,PR,Name18106366,True,False,False,Low
USA,Small,Technology,IT Services,"Ciales, PR, USA",,72039.0,PR,Name18106367,True,True,False,High
USA,Small,Technology,IT Services,"Ciales, PR, USA",,72039.0,PR,Name18106368,False,True,True,Severe
USA,Small,Technology,IT Services,"Ciales, PR, USA",,72039.0,PR,Name18106369,False,True,True,Low
USA,Small,Technology,IT Services,"Ciales, PR, USA",,72039.0,PR,Name18106370,True,True,False,Low
USA,Small,Technology,IT Services,"Ciales, PR, USA",,72039.0,PR,Name18106371,False,True,True,Medium
USA,Small,Technology,IT Services,"Ciales, PR, USA",,72039.0,PR,Name18106372,False,True,True,Severe
USA,Small,Technology,IT Services,"Ciales, PR, USA",,72039.0,PR,Name18106373,False,True,False,Severe
USA,Small,Technology,IT Services,"Ciales, PR, USA",,72039.0,PR,Name18106374,True,False,False,Medium
USA,Small,Technology,IT Services,"Ciales, PR, USA",,72039.0,PR,Name18106376,True,False,False,Severe
USA,Small,Technology,IT Services,"Ciales, PR, USA",,72039.0,PR,Name18106377,False,True,False,Severe
USA,Small,Healthcare,Pharmaceuticals,"Ciales, PR, USA",,72039.0,PR,Name18106379,False,False,True,High
USA,Small,Healthcare,Pharmaceuticals,"Ciales, PR, USA",,72039.0,PR,Name18106380,False,True,True,High
USA,Small,Healthcare,Pharmaceuticals,"Ciales, PR, USA",,72039.0,PR,Name18106381,True,False,False,Medium
USA,Small,Healthcare,Pharmaceuticals,"Ciales, PR, USA",,72039.0,PR,Name18106382,True,False,False,Medium
USA,Small,Healthcare,Pharmaceuticals,"Ciales, PR, USA",,72039.0,PR,Name18106383,False,True,True,High
USA,Small,Healthcare,Pharmaceuticals,"Ciales, PR, USA",,72039.0,PR,Name18106384,False,True,False,High
USA,Small,Healthcare,Pharmaceuticals,"Ciales, PR, USA",,72039.0,PR,Name18106385,True,True,False,High
USA,Small,Healthcare,Pharmaceuticals,"Ciales, PR, USA",,72039.0,PR,Name18106386,True,False,False,High
USA,Small,Healthcare,Pharmaceuticals,"Ciales, PR, USA",,72039.0,PR,Name18106387,False,False,True,Severe
USA,Small,Healthcare,Pharmaceuticals,"Ciales, PR, USA",,72039.0,PR,Name18106388,True,True,False,Low
USA,Small,Healthcare,Pharmaceuticals,"Ciales, PR, USA",,72039.0,PR,Name18106389,True,False,False,Severe
USA,Small,Healthcare,Pharmaceuticals,"Ciales, PR, USA",,72039.0,PR,Name18106390,True,False,False,Severe
USA,Small,Healthcare,Pharmaceuticals,"Ciales, PR, USA",,72039.0,PR,Name18106391,False,True,False,Low
USA,Small,Healthcare,Pharmaceuticals,"Ciales, PR, USA",,72039.0,PR,Name18106392,True,True,False,Low
USA,Small,Healthcare,Pharmaceuticals,"Ciales, PR, USA",,72039.0,PR,Name18106393,True,True,False,Low
USA,Small,Healthcare,Pharmaceuticals,"Ciales, PR, USA",,72039.0,PR,Name18106394,False,True,True,Low
USA,Small,Healthcare,Pharmaceuticals,"Ciales, PR, USA",,72039.0,PR,Name18106395,False,True,False,Severe
USA,Small,Healthcare,Pharmaceuticals,"Ciales, PR, USA",,72039.0,PR,Name18106396,True,False,False,High
USA,Small,Healthcare,Pharmaceuticals,"Ciales, PR, USA",,72039.0,PR,Name18106399,False,True,True,Low
USA,Small,Healthcare,Pharmaceuticals,"Ciales, PR, USA",,72039.0,PR,Name18106400,True,True,False,Severe
USA,Small,Healthcare,Pharmaceuticals,"Ciales, PR, USA",,72039.0,PR,Name18106401,False,True,False,Severe
USA,Small,Healthcare,Pharmaceuticals,"Ciales, PR, USA",,72039.0,PR,Name18106402,False,True,True,Severe
USA,Small,Healthcare,Pharmaceuticals,"Ciales, PR, USA",,72039.0,PR,Name18106403,True,True,False,High
USA,Small,Healthcare,Pharmaceuticals,"Ciales, PR, USA",,72039.0,PR,Name18106404,False,True,False,Severe
USA,Small,Healthcare,Pharmaceuticals,"Ciales, PR, USA",,72039.0,PR,Name18106405,True,True,False,High
USA,Small,Healthcare,Pharmaceuticals,"Ciales, PR, USA",,72039.0,PR,Name18106406,True,True,False,High
USA,Small,Healthcare,Pharmaceuticals,"Ciales, PR, USA",,72039.0,PR,Name18106407,False,False,True,Low
USA,Small,Healthcare,Pharmaceuticals,"Ciales, PR, USA",,72039.0,PR,Name18106408,False,True,True,Low
USA,Small,Healthcare,Pharmaceuticals,"Ciales, PR, USA",,72039.0,PR,Name18106409,True,False,False,Severe
USA,Small,Healthcare,Pharmaceuticals,"Ciales, PR, USA",,72039.0,PR,Name18106410,True,True,False,Medium
USA,Small,Healthcare,Pharmaceuticals,"Ciales, PR, USA",,72039.0,PR,Name18106411,True,True,False,Low
USA,Small,Healthcare,Pharmaceuticals,"Ciales, PR, USA",,72039.0,PR,Name18106412,False,False,True,Medium
USA,Small,Healthcare,Pharmaceuticals,"Ciales, PR, USA",,72039.0,PR,Name18106413,True,True,False,Low
USA,Small,Healthcare,Medical Devices,"Ciales, PR, USA",,72039.0,PR,Name18106414,True,True,False,Severe
USA,Small,Healthcare,Medical Devices,"Ciales, PR, USA",,72039.0,PR,Name18106415,True,True,False,Low
USA,Small,Healthcare,Medical Devices,"Ciales, PR, USA",,72039.0,PR,Name18106416,True,True,False,Low
USA,Small,Healthcare,Medical Devices,"Ciales, PR, USA",,72039.0,PR,Name18106417,False,True,False,High
USA,Small,Healthcare,Medical Devices,"Ciales, PR, USA",,72039.0,PR,Name18106418,False,True,True,High
USA,Small,Healthcare,Medical Devices,"Ciales, PR, USA",,72039.0,PR,Name18106419,True,False,False,Medium
USA,Small,Healthcare,Medical Devices,"Ciales, PR, USA",,72039.0,PR,Name18106420,False,False,True,High
USA,Small,Healthcare,Medical Devices,"Ciales, PR, USA",,72039.0,PR,Name18106421,False,True,False,Low
USA,Small,Healthcare,Medical Devices,"Ciales, PR, USA",,72039.0,PR,Name18106422,False,True,False,Medium
USA,Small,Healthcare,Medical Devices,"Ciales, PR, USA",,72039.0,PR,Name18106423,False,True,False,Medium
USA,Small,Healthcare,Medical Devices,"Ciales, PR, USA",,72039.0,PR,Name18106424,False,False,True,Low
USA,Small,Healthcare,Medical Devices,"Ciales, PR, USA",,72039.0,PR,Name18106425,False,False,True,Medium
USA,Small,Healthcare,Medical Devices,"Ciales, PR, USA",,72039.0,PR,Name18106427,False,True,False,Severe
USA,Small,Healthcare,Medical Devices,"Ciales, PR, USA",,72039.0,PR,Name18106428,True,False,False,Medium
USA,Small,Healthcare,Medical Devices,"Ciales, PR, USA",,72039.0,PR,Name18106430,False,True,True,High
USA,Small,Healthcare,Medical Devices,"Ciales, PR, USA",,72039.0,PR,Name18106431,True,True,False,Low
USA,Small,Healthcare,Medical Devices,"Ciales, PR, USA",,72039.0,PR,Name18106432,True,True,False,Severe
USA,Small,Healthcare,Medical Devices,"Ciales, PR, USA",,72039.0,PR,Name18106435,False,True,False,Severe
USA,Small,Healthcare,Medical Devices,"Ciales, PR, USA",,72039.0,PR,Name18106436,True,False,False,High
USA,Small,Healthcare,Medical Devices,"Ciales, PR, USA",,72039.0,PR,Name18106437,True,True,False,High
USA,Small,Healthcare,Medical Devices,"Ciales, PR, USA",,72039.0,PR,Name18106438,True,True,False,Medium
USA,Small,Healthcare,Medical Devices,"Ciales, PR, USA",,72039.0,PR,Name18106439,True,False,False,Severe
USA,Small,Healthcare,Medical Devices,"Ciales, PR, USA",,72039.0,PR,Name18106440,False,True,True,Medium
USA,Small,Healthcare,Medical Devices,"Ciales, PR, USA",,72039.0,PR,Name18106441,True,True,False,Low
USA,Small,Healthcare,Medical Devices,"Ciales, PR, USA",,72039.0,PR,Name18106443,False,True,False,Low
USA,Small,Healthcare,Medical Devices,"Ciales, PR, USA",,72039.0,PR,Name18106444,True,True,False,Medium
USA,Small,Healthcare,Medical Devices,"Ciales, PR, USA",,72039.0,PR,Name18106445,True,False,False,Low
USA,Small,Healthcare,Medical Devices,"Ciales, PR, USA",,72039.0,PR,Name18106446,True,True,False,Low
USA,Small,Healthcare,Medical Devices,"Ciales, PR, USA",,72039.0,PR,Name18106447,True,True,False,Severe
USA,Small,Healthcare,Medical Devices,"Ciales, PR, USA",,72039.0,PR,Name18106448,False,True,False,Medium
USA,Small,Healthcare,Medical Devices,"Ciales, PR, USA",,72039.0,PR,Name18106449,False,False,True,Severe
USA,Small,Healthcare,Medical Devices,"Ciales, PR, USA",,72039.0,PR,Name18106450,True,False,False,Medium
USA,Small,Healthcare,Medical Devices,"Ciales, PR, USA",,72039.0,PR,Name18106451,True,False,False,High
USA,Small,Healthcare,Healthcare Services,"Ciales, PR, USA",,72039.0,PR,Name18106452,True,True,False,Severe
USA,Small,Healthcare,Healthcare Services,"Ciales, PR, USA",,72039.0,PR,Name18106453,True,False,False,Low
USA,Small,Healthcare,Healthcare Services,"Ciales, PR, USA",,72039.0,PR,Name18106454,False,True,False,Medium
USA,Small,Healthcare,Healthcare Services,"Ciales, PR, USA",,72039.0,PR,Name18106455,False,True,True,Medium
USA,Small,Healthcare,Healthcare Services,"Ciales, PR, USA",,72039.0,PR,Name18106456,False,True,False,Severe
USA,Small,Healthcare,Healthcare Services,"Ciales, PR, USA",,72039.0,PR,Name18106457,True,False,False,Low
USA,Small,Healthcare,Healthcare Services,"Ciales, PR, USA",,72039.0,PR,Name18106458,True,False,False,Medium
USA,Small,Healthcare,Healthcare Services,"Ciales, PR, USA",,72039.0,PR,Name18106460,True,True,False,Low
USA,Small,Healthcare,Healthcare Services,"Ciales, PR, USA",,72039.0,PR,Name18106461,True,True,False,Low
USA,Small,Healthcare,Healthcare Services,"Ciales, PR, USA",,72039.0,PR,Name18106462,False,True,False,Severe
USA,Small,Healthcare,Healthcare Services,"Ciales, PR, USA",,72039.0,PR,Name18106463,False,True,False,Severe
USA,Small,Healthcare,Healthcare Services,"Ciales, PR, USA",,72039.0,PR,Name18106464,False,False,True,Low
USA,Small,Healthcare,Healthcare Services,"Ciales, PR, USA",,72039.0,PR,Name18106465,False,True,False,Low
USA,Small,Healthcare,Healthcare Services,"Ciales, PR, USA",,72039.0,PR,Name18106466,False,True,True,Medium
USA,Small,Healthcare,Healthcare Services,"Ciales, PR, USA",,72039.0,PR,Name18106468,True,False,False,Low
USA,Small,Finance,Banking,"Ciales, PR, USA",,72039.0,PR,Name18106469,True,False,False,High
USA,Small,Finance,Banking,"Ciales, PR, USA",,72039.0,PR,Name18106470,False,False,True,Low
USA,Small,Finance,Banking,"Ciales, PR, USA",,72039.0,PR,Name18106471,False,False,True,High
USA,Small,Finance,Banking,"Ciales, PR, USA",,72039.0,PR,Name18106472,True,True,False,Low
USA,Small,Finance,Banking,"Ciales, PR, USA",,72039.0,PR,Name18106473,False,True,True,Severe
USA,Small,Finance,Banking,"Ciales, PR, USA",,72039.0,PR,Name18106475,False,True,False,Severe
USA,Small,Finance,Banking,"Ciales, PR, USA",,72039.0,PR,Name18106476,True,False,False,High
USA,Small,Finance,Banking,"Ciales, PR, USA",,72039.0,PR,Name18106477,True,True,False,Low
USA,Small,Finance,Banking,"Ciales, PR, USA",,72039.0,PR,Name18106478,True,False,False,Medium
USA,Small,Finance,Banking,"Ciales, PR, USA",,72039.0,PR,Name18106479,True,False,False,Severe
USA,Small,Finance,Banking,"Ciales, PR, USA",,72039.0,PR,Name18106480,False,True,True,High
USA,Small,Finance,Banking,"Ciales, PR, USA",,72039.0,PR,Name18106482,False,True,False,Medium
USA,Small,Finance,Banking,"Ciales, PR, USA",,72039.0,PR,Name18106483,False,True,False,High
USA,Small,Finance,Banking,"Ciales, PR, USA",,72039.0,PR,Name18106484,True,False,False,Medium
USA,Small,Finance,Banking,"Ciales, PR, USA",,72039.0,PR,Name18106485,False,True,False,Severe
USA,Small,Finance,Banking,"Ciales, PR, USA",,72039.0,PR,Name18106486,True,True,False,Medium
USA,Small,Finance,Banking,"Ciales, PR, USA",,72039.0,PR,Name18106487,True,True,False,High
USA,Small,Finance,Banking,"Ciales, PR, USA",,72039.0,PR,Name18106488,True,True,False,Severe
USA,Small,Finance,Banking,"Ciales, PR, USA",,72039.0,PR,Name18106489,True,False,False,Severe
USA,Small,Finance,Banking,"Ciales, PR, USA",,72039.0,PR,Name18106490,True,False,False,Severe
USA,Small,Finance,Banking,"Ciales, PR, USA",,72039.0,PR,Name18106491,True,True,False,High
USA,Small,Finance,Banking,"Ciales, PR, USA",,72039.0,PR,Name18106492,True,False,False,High
USA,Small,Finance,Banking,"Ciales, PR, USA",,72039.0,PR,Name18106496,True,True,False,High
USA,Small,Finance,Banking,"Ciales, PR, USA",,72039.0,PR,Name18106497,True,True,False,Severe
USA,Small,Finance,Banking,"Ciales, PR, USA",,72039.0,PR,Name18106498,True,False,False,Medium
USA,Small,Finance,Insurance,"Ciales, PR, USA",,72039.0,PR,Name18106499,True,False,False,Low
USA,Small,Finance,Insurance,"Ciales, PR, USA",,72039.0,PR,Name18106500,False,True,False,Severe
USA,Small,Finance,Insurance,"Ciales, PR, USA",,72039.0,PR,Name18106501,True,False,False,Medium
USA,Small,Finance,Insurance,"Ciales, PR, USA",,72039.0,PR,Name18106502,True,True,False,High
USA,Small,Finance,Insurance,"Ciales, PR, USA",,72039.0,PR,Name18106503,True,True,False,Medium
USA,Small,Finance,Insurance,"Ciales, PR, USA",,72039.0,PR,Name18106504,False,False,True,Low
USA,Small,Finance,Insurance,"Ciales, PR, USA",,72039.0,PR,Name18106506,False,False,True,Low
USA,Small,Finance,Insurance,"Ciales, PR, USA",,72039.0,PR,Name18106507,True,True,False,High
USA,Small,Finance,Insurance,"Ciales, PR, USA",,72039.0,PR,Name18106508,False,False,True,Severe
USA,Small,Finance,Insurance,"Ciales, PR, USA",,72039.0,PR,Name18106509,True,False,False,Medium
USA,Small,Finance,Insurance,"Ciales, PR, USA",,72039.0,PR,Name18106510,True,True,False,High
USA,Small,Finance,Insurance,"Ciales, PR, USA",,72039.0,PR,Name18106511,True,True,False,High
USA,Small,Finance,Insurance,"Ciales, PR, USA",,72039.0,PR,Name18106512,False,True,True,High
USA,Small,Finance,Insurance,"Ciales, PR, USA",,72039.0,PR,Name18106513,False,True,False,Severe
USA,Small,Finance,Insurance,"Ciales, PR, USA",,72039.0,PR,Name18106514,False,True,False,Severe
USA,Small,Finance,Insurance,"Ciales, PR, USA",,72039.0,PR,Name18106515,True,True,False,High
USA,Small,Finance,Insurance,"Ciales, PR, USA",,72039.0,PR,Name18106516,True,False,False,Low
USA,Small,Finance,Insurance,"Ciales, PR, USA",,72039.0,PR,Name18106517,False,False,True,Severe
USA,Small,Finance,Insurance,"Ciales, PR, USA",,72039.0,PR,Name18106518,True,True,False,High
USA,Small,Finance,Insurance,"Ciales, PR, USA",,72039.0,PR,Name18106519,False,True,False,Low
USA,Small,Finance,Insurance,"Ciales, PR, USA",,72039.0,PR,Name18106520,False,False,True,Low
USA,Small,Finance,Insurance,"Ciales, PR, USA",,72039.0,PR,Name18106521,True,True,False,High
USA,Small,Finance,Insurance,"Ciales, PR, USA",,72039.0,PR,Name18106522,True,False,False,High
USA,Small,Finance,Insurance,"Ciales, PR, USA",,72039.0,PR,Name18106525,True,False,False,High
USA,Small,Finance,Insurance,"Ciales, PR, USA",,72039.0,PR,Name18106526,False,True,False,High
USA,Small,Finance,Insurance,"Ciales, PR, USA",,72039.0,PR,Name18106527,True,False,False,High
USA,Small,Finance,Insurance,"Ciales, PR, USA",,72039.0,PR,Name18106528,True,False,False,Severe
USA,Small,Finance,Insurance,"Ciales, PR, USA",,72039.0,PR,Name18106529,False,True,False,Severe
USA,Small,Finance,Insurance,"Ciales, PR, USA",,72039.0,PR,Name18106530,True,False,False,Severe
USA,Small,Finance,Insurance,"Ciales, PR, USA",,72039.0,PR,Name18106532,False,True,False,Low
USA,Small,Finance,Insurance,"Ciales, PR, USA",,72039.0,PR,Name18106533,False,False,True,Medium
USA,Small,Finance,Insurance,"Ciales, PR, USA",,72039.0,PR,Name18106534,True,True,False,High
USA,Small,Finance,Insurance,"Ciales, PR, USA",,72039.0,PR,Name18106535,False,False,True,Severe
USA,Small,Finance,Insurance,"Ciales, PR, USA",,72039.0,PR,Name18106536,False,True,True,Medium
USA,Small,Finance,Insurance,"Ciales, PR, USA",,72039.0,PR,Name18106537,False,False,True,Severe
USA,Small,Finance,Insurance,"Ciales, PR, USA",,72039.0,PR,Name18106538,True,True,False,Severe
USA,Small,Finance,Insurance,"Ciales, PR, USA",,72039.0,PR,Name18106539,True,False,False,Severe
USA,Small,Finance,Investment Services,"Ciales, PR, USA",,72039.0,PR,Name18106540,True,True,False,Medium
USA,Small,Finance,Investment Services,"Ciales, PR, USA",,72039.0,PR,Name18106541,False,True,False,Low
USA,Small,Finance,Investment Services,"Ciales, PR, USA",,72039.0,PR,Name18106542,False,True,True,High
USA,Small,Finance,Investment Services,"Ciales, PR, USA",,72039.0,PR,Name18106543,True,True,False,Severe
USA,Small,Finance,Investment Services,"Ciales, PR, USA",,72039.0,PR,Name18106544,False,True,True,Low
USA,Small,Finance,Investment Services,"Ciales, PR, USA",,72039.0,PR,Name18106546,False,True,False,Severe
USA,Small,Finance,Investment Services,"Ciales, PR, USA",,72039.0,PR,Name18106547,False,True,True,High
USA,Small,Finance,Investment Services,"Ciales, PR, USA",,72039.0,PR,Name18106548,True,False,False,Medium
USA,Small,Finance,Investment Services,"Ciales, PR, USA",,72039.0,PR,Name18106549,True,False,False,High
USA,Small,Finance,Investment Services,"Ciales, PR, USA",,72039.0,PR,Name18106550,True,False,False,Low
USA,Small,Finance,Investment Services,"Ciales, PR, USA",,72039.0,PR,Name18106551,True,False,False,Medium
USA,Small,Finance,Investment Services,"Ciales, PR, USA",,72039.0,PR,Name18106552,True,True,False,Medium
USA,Small,Finance,Investment Services,"Ciales, PR, USA",,72039.0,PR,Name18106553,False,True,True,Low
USA,Small,Finance,Investment Services,"Ciales, PR, USA",,72039.0,PR,Name18106554,False,False,True,Low
USA,Small,Finance,Investment Services,"Ciales, PR, USA",,72039.0,PR,Name18106556,False,True,False,Low
USA,Small,Finance,Investment Services,"Ciales, PR, USA",,72039.0,PR,Name18106557,False,False,True,High
USA,Small,Finance,Investment Services,"Ciales, PR, USA",,72039.0,PR,Name18106559,False,True,True,Severe
USA,Small,Finance,Investment Services,"Ciales, PR, USA",,72039.0,PR,Name18106560,True,False,False,Low
USA,Small,Finance,Investment Services,"Ciales, PR, USA",,72039.0,PR,Name18106561,True,False,False,High
USA,Small,Finance,Investment Services,"Ciales, PR, USA",,72039.0,PR,Name18106562,True,False,False,Medium
USA,Small,Finance,Investment Services,"Ciales, PR, USA",,72039.0,PR,Name18106563,True,False,False,High
USA,Small,Finance,Investment Services,"Ciales, PR, USA",,72039.0,PR,Name18106565,True,True,False,Severe
USA,Small,Finance,Investment Services,"Ciales, PR, USA",,72039.0,PR,Name18106566,True,True,False,Medium
USA,Small,Finance,Investment Services,"Ciales, PR, USA",,72039.0,PR,Name18106568,False,False,True,High
USA,Small,Finance,Investment Services,"Ciales, PR, USA",,72039.0,PR,Name18106569,True,False,False,Medium
USA,Small,Finance,Investment Services,"Ciales, PR, USA",,72039.0,PR,Name18106570,False,True,False,Low
USA,Small,Finance,Investment Services,"Ciales, PR, USA",,72039.0,PR,Name18106571,True,True,False,Severe
USA,Small,Finance,Investment Services,"Ciales, PR, USA",,72039.0,PR,Name18106572,True,False,False,High
USA,Small,Finance,Investment Services,"Ciales, PR, USA",,72039.0,PR,Name18106574,True,True,False,High
USA,Small,Finance,Investment Services,"Ciales, PR, USA",,72039.0,PR,Name18106575,False,True,False,Low
USA,Small,Finance,Investment Services,"Ciales, PR, USA",,72039.0,PR,Name18106576,True,False,False,Medium
USA,Small,Finance,Investment Services,"Ciales, PR, USA",,72039.0,PR,Name18106577,True,True,False,Severe
USA,Small,Energy,Oil & Gas,"Ciales, PR, USA",,72039.0,PR,Name18106578,False,True,False,Low
USA,Small,Energy,Oil & Gas,"Ciales, PR, USA",,72039.0,PR,Name18106579,True,False,False,Severe
USA,Small,Energy,Oil & Gas,"Ciales, PR, USA",,72039.0,PR,Name18106580,True,False,False,Low
USA,Small,Energy,Oil & Gas,"Ciales, PR, USA",,72039.0,PR,Name18106581,False,True,True,High
USA,Small,Energy,Oil & Gas,"Ciales, PR, USA",,72039.0,PR,Name18106582,True,True,False,High
USA,Small,Energy,Oil & Gas,"Ciales, PR, USA",,72039.0,PR,Name18106583,True,True,False,Low
USA,Small,Energy,Oil & Gas,"Ciales, PR, USA",,72039.0,PR,Name18106584,True,True,False,High
USA,Small,Energy,Oil & Gas,"Ciales, PR, USA",,72039.0,PR,Name18106585,False,True,False,Low
USA,Small,Energy,Oil & Gas,"Ciales, PR, USA",,72039.0,PR,Name18106586,True,True,False,Low
USA,Small,Energy,Oil & Gas,"Ciales, PR, USA",,72039.0,PR,Name18106587,False,True,True,Medium
USA,Small,Energy,Oil & Gas,"Ciales, PR, USA",,72039.0,PR,Name18106588,True,False,False,High
USA,Small,Energy,Oil & Gas,"Ciales, PR, USA",,72039.0,PR,Name18106589,True,False,False,Low
USA,Small,Energy,Oil & Gas,"Ciales, PR, USA",,72039.0,PR,Name18106590,True,False,False,Low
USA,Small,Energy,Oil & Gas,"Ciales, PR, USA",,72039.0,PR,Name18106591,True,True,False,Severe
USA,Small,Energy,Oil & Gas,"Ciales, PR, USA",,72039.0,PR,Name18106592,False,False,True,High
USA,Small,Energy,Oil & Gas,"Ciales, PR, USA",,72039.0,PR,Name18106593,True,False,False,High
USA,Small,Energy,Oil & Gas,"Ciales, PR, USA",,72039.0,PR,Name18106594,False,False,True,Severe
USA,Small,Energy,Oil & Gas,"Ciales, PR, USA",,72039.0,PR,Name18106596,False,False,True,Low
USA,Small,Energy,Oil & Gas,"Ciales, PR, USA",,72039.0,PR,Name18106597,False,True,True,Severe
USA,Small,Energy,Oil & Gas,"Ciales, PR, USA",,72039.0,PR,Name18106598,True,True,False,Severe
USA,Small,Energy,Oil & Gas,"Ciales, PR, USA",,72039.0,PR,Name18106600,True,True,False,Medium
USA,Small,Energy,Oil & Gas,"Ciales, PR, USA",,72039.0,PR,Name18106602,True,True,False,High
USA,Small,Energy,Oil & Gas,"Ciales, PR, USA",,72039.0,PR,Name18106603,True,True,False,High
USA,Small,Energy,Oil & Gas,"Ciales, PR, USA",,72039.0,PR,Name18106604,True,False,False,Low
USA,Small,Energy,Oil & Gas,"Ciales, PR, USA",,72039.0,PR,Name18106607,True,False,False,Medium
USA,Small,Energy,Oil & Gas,"Ciales, PR, USA",,72039.0,PR,Name18106608,False,True,True,High
USA,Small,Energy,Oil & Gas,"Ciales, PR, USA",,72039.0,PR,Name18106610,True,True,False,Severe
USA,Small,Energy,Oil & Gas,"Ciales, PR, USA",,72039.0,PR,Name18106611,True,True,False,High
USA,Small,Energy,Oil & Gas,"Ciales, PR, USA",,72039.0,PR,Name18106612,False,False,True,Low
USA,Small,Energy,Renewable Energy,"Ciales, PR, USA",,72039.0,PR,Name18106614,False,False,True,Severe
USA,Small,Energy,Renewable Energy,"Ciales, PR, USA",,72039.0,PR,Name18106615,True,True,False,High
USA,Small,Energy,Renewable Energy,"Ciales, PR, USA",,72039.0,PR,Name18106617,True,True,False,Severe
USA,Small,Energy,Renewable Energy,"Ciales, PR, USA",,72039.0,PR,Name18106618,False,True,True,High
USA,Small,Energy,Renewable Energy,"Ciales, PR, USA",,72039.0,PR,Name18106619,False,False,True,Low
USA,Small,Energy,Renewable Energy,"Ciales, PR, USA",,72039.0,PR,Name18106620,False,False,True,Medium
USA,Small,Energy,Renewable Energy,"Ciales, PR, USA",,72039.0,PR,Name18106621,False,False,True,Medium
USA,Small,Energy,Renewable Energy,"Ciales, PR, USA",,72039.0,PR,Name18106622,True,True,False,Low
USA,Small,Energy,Renewable Energy,"Ciales, PR, USA",,72039.0,PR,Name18106623,False,True,True,Low
USA,Small,Energy,Renewable Energy,"Ciales, PR, USA",,72039.0,PR,Name18106624,True,True,False,Severe
USA,Small,Energy,Renewable Energy,"Ciales, PR, USA",,72039.0,PR,Name18106625,False,True,True,Medium
USA,Small,Energy,Renewable Energy,"Ciales, PR, USA",,72039.0,PR,Name18106626,False,False,True,Medium
USA,Small,Energy,Renewable Energy,"Ciales, PR, USA",,72039.0,PR,Name18106627,False,False,True,Severe
USA,Small,Energy,Renewable Energy,"Ciales, PR, USA",,72039.0,PR,Name18106628,True,True,False,Medium
USA,Small,Energy,Renewable Energy,"Ciales, PR, USA",,72039.0,PR,Name18106629,False,False,True,Low
USA,Small,Energy,Renewable Energy,"Ciales, PR, USA",,72039.0,PR,Name18106630,True,False,False,High
USA,Small,Energy,Renewable Energy,"Ciales, PR, USA",,72039.0,PR,Name18106631,True,False,False,Severe
USA,Small,Energy,Renewable Energy,"Ciales, PR, USA",,72039.0,PR,Name18106632,True,False,False,High
USA,Small,Energy,Renewable Energy,"Ciales, PR, USA",,72039.0,PR,Name18106633,True,False,False,Severe
USA,Small,Energy,Renewable Energy,"Ciales, PR, USA",,72039.0,PR,Name18106634,True,False,False,High
USA,Small,Energy,Renewable Energy,"Ciales, PR, USA",,72039.0,PR,Name18106635,True,True,False,Severe
USA,Small,Energy,Renewable Energy,"Ciales, PR, USA",,72039.0,PR,Name18106636,False,True,True,Low
USA,Small,Energy,Renewable Energy,"Ciales, PR, USA",,72039.0,PR,Name18106638,True,True,False,High
USA,Small,Energy,Renewable Energy,"Ciales, PR, USA",,72039.0,PR,Name18106639,True,False,False,High
USA,Small,Energy,Renewable Energy,"Ciales, PR, USA",,72039.0,PR,Name18106641,True,False,False,High
USA,Small,Energy,Renewable Energy,"Ciales, PR, USA",,72039.0,PR,Name18106644,False,False,True,Low
USA,Small,Energy,Renewable Energy,"Ciales, PR, USA",,72039.0,PR,Name18106645,True,False,False,Medium
USA,Small,Energy,Renewable Energy,"Ciales, PR, USA",,72039.0,PR,Name18106646,False,True,True,High
USA,Small,Energy,Renewable Energy,"Ciales, PR, USA",,72039.0,PR,Name18106647,False,True,False,Severe
USA,Small,Energy,Renewable Energy,"Ciales, PR, USA",,72039.0,PR,Name18106648,True,True,False,Severe
USA,Small,Energy,Renewable Energy,"Ciales, PR, USA",,72039.0,PR,Name18106650,True,True,False,Medium
USA,Small,Energy,Energy Exploration,"Ciales, PR, USA",,72039.0,PR,Name18106651,True,True,False,Severe
USA,Small,Energy,Energy Exploration,"Ciales, PR, USA",,72039.0,PR,Name18106652,True,False,False,Low
USA,Small,Energy,Energy Exploration,"Ciales, PR, USA",,72039.0,PR,Name18106653,False,True,True,Low
USA,Small,Energy,Energy Exploration,"Ciales, PR, USA",,72039.0,PR,Name18106654,False,False,True,High
USA,Small,Energy,Energy Exploration,"Ciales, PR, USA",,72039.0,PR,Name18106655,False,True,True,Low
USA,Small,Consumer Goods,Food & Beverage,"Ciales, PR, USA",,72039.0,PR,Name18106656,False,True,True,Low
USA,Small,Consumer Goods,Food & Beverage,"Ciales, PR, USA",,72039.0,PR,Name18106657,False,True,True,Low
USA,Small,Consumer Goods,Food & Beverage,"Ciales, PR, USA",,72039.0,PR,Name18106658,False,True,False,Medium
USA,Small,Consumer Goods,Food & Beverage,"Ciales, PR, USA",,72039.0,PR,Name18106659,False,True,True,Severe
USA,Small,Consumer Goods,Food & Beverage,"Ciales, PR, USA",,72039.0,PR,Name18106660,True,False,False,Low
USA,Small,Consumer Goods,Food & Beverage,"Ciales, PR, USA",,72039.0,PR,Name18106661,True,True,False,Severe
USA,Small,Consumer Goods,Food & Beverage,"Ciales, PR, USA",,72039.0,PR,Name18106662,False,True,False,High
USA,Small,Consumer Goods,Food & Beverage,"Ciales, PR, USA",,72039.0,PR,Name18106663,True,True,False,High
USA,Small,Consumer Goods,Food & Beverage,"Ciales, PR, USA",,72039.0,PR,Name18106665,False,True,False,High
USA,Small,Consumer Goods,Food & Beverage,"Ciales, PR, USA",,72039.0,PR,Name18106666,True,True,False,High
USA,Small,Consumer Goods,Food & Beverage,"Ciales, PR, USA",,72039.0,PR,Name18106667,False,False,True,Low
USA,Small,Consumer Goods,Food & Beverage,"Ciales, PR, USA",,72039.0,PR,Name18106668,False,False,True,Severe
USA,Small,Consumer Goods,Food & Beverage,"Ciales, PR, USA",,72039.0,PR,Name18106669,True,True,False,Medium
USA,Small,Consumer Goods,Food & Beverage,"Ciales, PR, USA",,72039.0,PR,Name18106670,False,False,True,Low
USA,Small,Consumer Goods,Food & Beverage,"Ciales, PR, USA",,72039.0,PR,Name18106671,True,True,False,Medium
USA,Small,Consumer Goods,Food & Beverage,"Ciales, PR, USA",,72039.0,PR,Name18106672,False,True,True,High
USA,Small,Consumer Goods,Food & Beverage,"Ciales, PR, USA",,72039.0,PR,Name18106673,True,False,False,High
USA,Small,Consumer Goods,Food & Beverage,"Ciales, PR, USA",,72039.0,PR,Name18106674,True,True,False,High
USA,Small,Consumer Goods,Food & Beverage,"Ciales, PR, USA",,72039.0,PR,Name18106675,False,True,True,Medium
USA,Small,Consumer Goods,Food & Beverage,"Ciales, PR, USA",,72039.0,PR,Name18106676,False,True,True,Low
USA,Small,Consumer Goods,Food & Beverage,"Ciales, PR, USA",,72039.0,PR,Name18106677,False,False,True,High
USA,Small,Consumer Goods,Food & Beverage,"Ciales, PR, USA",,72039.0,PR,Name18106678,False,False,True,Medium
USA,Small,Consumer Goods,Food & Beverage,"Ciales, PR, USA",,72039.0,PR,Name18106680,True,False,False,Severe
USA,Small,Consumer Goods,Food & Beverage,"Ciales, PR, USA",,72039.0,PR,Name18106681,True,False,False,Medium
USA,Small,Consumer Goods,Food & Beverage,"Ciales, PR, USA",,72039.0,PR,Name18106682,False,True,False,Medium
USA,Small,Consumer Goods,Food & Beverage,"Ciales, PR, USA",,72039.0,PR,Name18106683,True,True,False,High
USA,Small,Consumer Goods,Food & Beverage,"Ciales, PR, USA",,72039.0,PR,Name18106684,False,True,True,High
USA,Small,Consumer Goods,Food & Beverage,"Ciales, PR, USA",,72039.0,PR,Name18106685,False,True,True,High
USA,Small,Consumer Goods,Food & Beverage,"Ciales, PR, USA",,72039.0,PR,Name18106686,True,False,False,Severe
USA,Small,Consumer Goods,Food & Beverage,"Ciales, PR, USA",,72039.0,PR,Name18106687,False,False,True,High
USA,Small,Consumer Goods,Food & Beverage,"Ciales, PR, USA",,72039.0,PR,Name18106688,True,True,False,High
USA,Small,Consumer Goods,Food & Beverage,"Ciales, PR, USA",,72039.0,PR,Name18106689,True,True,False,High
USA,Small,Consumer Goods,Food & Beverage,"Ciales, PR, USA",,72039.0,PR,Name18106690,True,False,False,Low
USA,Small,Consumer Goods,Food & Beverage,"Ciales, PR, USA",,72039.0,PR,Name18106691,True,True,False,Medium
USA,Small,Consumer Goods,Food & Beverage,"Ciales, PR, USA",,72039.0,PR,Name18106692,False,False,True,Severe
USA,Small,Consumer Goods,Food & Beverage,"Ciales, PR, USA",,72039.0,PR,Name18106693,False,False,True,High
USA,Small,Consumer Goods,Food & Beverage,"Ciales, PR, USA",,72039.0,PR,Name18106694,False,False,True,High
USA,Small,Consumer Goods,Food & Beverage,"Ciales, PR, USA",,72039.0,PR,Name18106695,False,False,True,Low
USA,Small,Consumer Goods,Food & Beverage,"Ciales, PR, USA",,72039.0,PR,Name18106696,True,False,False,Low
USA,Small,Consumer Goods,Food & Beverage,"Ciales, PR, USA",,72039.0,PR,Name18106697,False,False,True,Medium
USA,Small,Consumer Goods,Food & Beverage,"Ciales, PR, USA",,72039.0,PR,Name18106698,True,False,False,High
USA,Small,Consumer Goods,Food & Beverage,"Ciales, PR, USA",,72039.0,PR,Name18106699,False,True,False,High
USA,Small,Consumer Goods,Household Products,"Ciales, PR, USA",,72039.0,PR,Name18106702,True,True,False,High
USA,Small,Consumer Goods,Household Products,"Ciales, PR, USA",,72039.0,PR,Name18106703,False,True,False,Low
USA,Small,Consumer Goods,Household Products,"Ciales, PR, USA",,72039.0,PR,Name18106704,True,True,False,Low
USA,Small,Consumer Goods,Household Products,"Ciales, PR, USA",,72039.0,PR,Name18106705,True,False,False,High
USA,Small,Consumer Goods,Household Products,"Ciales, PR, USA",,72039.0,PR,Name18106706,True,False,False,High
USA,Small,Consumer Goods,Household Products,"Ciales, PR, USA",,72039.0,PR,Name18106707,False,True,False,Severe
USA,Small,Consumer Goods,Household Products,"Ciales, PR, USA",,72039.0,PR,Name18106708,False,False,True,High
USA,Small,Consumer Goods,Household Products,"Ciales, PR, USA",,72039.0,PR,Name18106709,True,False,False,High
USA,Small,Consumer Goods,Household Products,"Ciales, PR, USA",,72039.0,PR,Name18106710,True,False,False,Medium
USA,Small,Consumer Goods,Household Products,"Ciales, PR, USA",,72039.0,PR,Name18106711,False,True,True,Severe
USA,Small,Consumer Goods,Household Products,"Ciales, PR, USA",,72039.0,PR,Name18106712,True,True,False,Severe
USA,Small,Consumer Goods,Household Products,"Ciales, PR, USA",,72039.0,PR,Name18106713,False,True,False,Low
USA,Small,Consumer Goods,Household Products,"Ciales, PR, USA",,72039.0,PR,Name18106714,False,True,False,Medium
USA,Small,Consumer Goods,Household Products,"Ciales, PR, USA",,72039.0,PR,Name18106715,True,False,False,Low
USA,Small,Consumer Goods,Household Products,"Ciales, PR, USA",,72039.0,PR,Name18106716,True,True,False,Medium
USA,Small,Consumer Goods,Household Products,"Ciales, PR, USA",,72039.0,PR,Name18106717,False,True,False,Low
USA,Small,Consumer Goods,Household Products,"Ciales, PR, USA",,72039.0,PR,Name18106718,True,True,False,Severe
USA,Small,Consumer Goods,Household Products,"Ciales, PR, USA",,72039.0,PR,Name18106719,True,False,False,High
USA,Small,Consumer Goods,Household Products,"Ciales, PR, USA",,72039.0,PR,Name18106720,True,False,False,Severe
USA,Small,Consumer Goods,Household Products,"Ciales, PR, USA",,72039.0,PR,Name18106722,True,True,False,Severe
USA,Small,Consumer Goods,Household Products,"Ciales, PR, USA",,72039.0,PR,Name18106723,True,False,False,Medium
USA,Small,Consumer Goods,Household Products,"Ciales, PR, USA",,72039.0,PR,Name18106724,True,False,False,Severe
USA,Small,Consumer Goods,Household Products,"Ciales, PR, USA",,72039.0,PR,Name18106725,True,True,False,High
USA,Small,Consumer Goods,Household Products,"Ciales, PR, USA",,72039.0,PR,Name18106726,True,False,False,Low
USA,Small,Consumer Goods,Household Products,"Ciales, PR, USA",,72039.0,PR,Name18106727,False,True,False,Low
USA,Small,Consumer Goods,Household Products,"Ciales, PR, USA",,72039.0,PR,Name18106728,True,True,False,Severe
USA,Small,Consumer Goods,Household Products,"Ciales, PR, USA",,72039.0,PR,Name18106729,False,True,True,Low
USA,Small,Consumer Goods,Household Products,"Ciales, PR, USA",,72039.0,PR,Name18106730,False,True,False,High
USA,Small,Consumer Goods,Household Products,"Ciales, PR, USA",,72039.0,PR,Name18106731,False,True,True,High
USA,Small,Consumer Goods,Household Products,"Ciales, PR, USA",,72039.0,PR,Name18106733,True,False,False,Severe
USA,Small,Consumer Goods,Household Products,"Ciales, PR, USA",,72039.0,PR,Name18106734,False,True,True,Severe
USA,Small,Consumer Goods,Household Products,"Ciales, PR, USA",,72039.0,PR,Name18106736,False,False,True,Severe
USA,Small,Consumer Goods,Household Products,"Ciales, PR, USA",,72039.0,PR,Name18106737,False,False,True,Low
USA,Small,Consumer Goods,Household Products,"Ciales, PR, USA",,72039.0,PR,Name18106738,False,False,True,Low
USA,Small,Consumer Goods,Apparel,"Ciales, PR, USA",,72039.0,PR,Name18106739,False,False,True,High
USA,Small,Consumer Goods,Apparel,"Ciales, PR, USA",,72039.0,PR,Name18106740,True,False,False,Low
USA,Small,Consumer Goods,Apparel,"Ciales, PR, USA",,72039.0,PR,Name18106741,True,False,False,Severe
USA,Small,Consumer Goods,Apparel,"Ciales, PR, USA",,72039.0,PR,Name18106742,True,False,False,Medium
USA,Small,Consumer Goods,Apparel,"Ciales, PR, USA",,72039.0,PR,Name18106743,False,True,True,High
USA,Small,Consumer Goods,Apparel,"Ciales, PR, USA",,72039.0,PR,Name18106744,False,True,False,Severe
USA,Small,Consumer Goods,Apparel,"Ciales, PR, USA",,72039.0,PR,Name18106745,True,False,False,Low
USA,Small,Consumer Goods,Apparel,"Ciales, PR, USA",,72039.0,PR,Name18106746,True,False,False,Medium
USA,Small,Consumer Goods,Apparel,"Ciales, PR, USA",,72039.0,PR,Name18106747,True,False,False,Medium
USA,Small,Consumer Goods,Apparel,"Ciales, PR, USA",,72039.0,PR,Name18106748,True,False,False,Severe
USA,Small,Consumer Goods,Apparel,"Ciales, PR, USA",,72039.0,PR,Name18106750,False,True,True,Medium
USA,Small,Consumer Goods,Apparel,"Ciales, PR, USA",,72039.0,PR,Name18106751,True,False,False,Medium
USA,Small,Consumer Goods,Apparel,"Ciales, PR, USA",,72039.0,PR,Name18106752,True,True,False,Medium
USA,Small,Consumer Goods,Apparel,"Ciales, PR, USA",,72039.0,PR,Name18106754,True,False,False,Low
USA,Small,Consumer Goods,Apparel,"Ciales, PR, USA",,72039.0,PR,Name18106755,False,False,True,Medium
USA,Small,Consumer Goods,Apparel,"Ciales, PR, USA",,72039.0,PR,Name18106756,True,False,False,Severe
USA,Small,Consumer Goods,Apparel,"Ciales, PR, USA",,72039.0,PR,Name18106757,True,False,False,High
USA,Small,Consumer Goods,Apparel,"Ciales, PR, USA",,72039.0,PR,Name18106758,False,True,True,Low
USA,Small,Consumer Goods,Apparel,"Ciales, PR, USA",,72039.0,PR,Name18106759,False,True,True,High
USA,Small,Consumer Goods,Apparel,"Ciales, PR, USA",,72039.0,PR,Name18106760,False,True,False,High
USA,Small,Consumer Goods,Apparel,"Ciales, PR, USA",,72039.0,PR,Name18106761,False,False,True,High
USA,Small,Consumer Goods,Apparel,"Ciales, PR, USA",,72039.0,PR,Name18106762,False,False,True,Severe
USA,Small,Consumer Goods,Apparel,"Ciales, PR, USA",,72039.0,PR,Name18106763,True,True,False,High
USA,Small,Consumer Goods,Apparel,"Ciales, PR, USA",,72039.0,PR,Name18106764,True,True,False,Severe
USA,Small,Consumer Goods,Apparel,"Ciales, PR, USA",,72039.0,PR,Name18106765,True,True,False,Low
USA,Small,Consumer Goods,Apparel,"Ciales, PR, USA",,72039.0,PR,Name18106766,True,False,False,Medium
USA,Small,Consumer Goods,Apparel,"Ciales, PR, USA",,72039.0,PR,Name18106767,True,False,False,Severe
USA,Small,Consumer Goods,Apparel,"Ciales, PR, USA",,72039.0,PR,Name18106768,False,True,True,High
USA,Small,Consumer Goods,Apparel,"Ciales, PR, USA",,72039.0,PR,Name18106769,False,True,False,Low
USA,Small,Consumer Goods,Apparel,"Ciales, PR, USA",,72039.0,PR,Name18106770,True,False,False,High
USA,Small,Consumer Goods,Apparel,"Ciales, PR, USA",,72039.0,PR,Name18106772,False,True,True,Severe
USA,Small,Consumer Goods,Apparel,"Ciales, PR, USA",,72039.0,PR,Name18106773,False,True,False,Low
USA,Small,Consumer Goods,Apparel,"Ciales, PR, USA",,72039.0,PR,Name18106774,False,False,True,Low
USA,Small,Utilities,Electric,"Ciales, PR, USA",,72039.0,PR,Name18106775,True,True,False,Low
USA,Small,Utilities,Electric,"Ciales, PR, USA",,72039.0,PR,Name18106776,False,False,True,Low
USA,Small,Utilities,Electric,"Ciales, PR, USA",,72039.0,PR,Name18106777,True,False,False,Low
USA,Small,Utilities,Electric,"Ciales, PR, USA",,72039.0,PR,Name18106778,True,True,False,Severe
USA,Small,Utilities,Electric,"Ciales, PR, USA",,72039.0,PR,Name18106779,True,True,False,Severe
USA,Small,Utilities,Electric,"Ciales, PR, USA",,72039.0,PR,Name18106780,True,False,False,High
USA,Small,Utilities,Electric,"Ciales, PR, USA",,72039.0,PR,Name18106781,False,True,False,Low
USA,Small,Utilities,Electric,"Ciales, PR, USA",,72039.0,PR,Name18106782,False,True,False,High
USA,Small,Utilities,Electric,"Ciales, PR, USA",,72039.0,PR,Name18106783,False,True,False,Medium
USA,Small,Utilities,Electric,"Ciales, PR, USA",,72039.0,PR,Name18106784,False,False,True,High
USA,Small,Utilities,Electric,"Ciales, PR, USA",,72039.0,PR,Name18106785,True,True,False,Medium
USA,Small,Utilities,Electric,"Ciales, PR, USA",,72039.0,PR,Name18106786,False,True,True,Low
USA,Small,Utilities,Electric,"Ciales, PR, USA",,72039.0,PR,Name18106787,False,True,True,High
USA,Small,Utilities,Electric,"Ciales, PR, USA",,72039.0,PR,Name18106789,True,True,False,Severe
USA,Small,Utilities,Electric,"Ciales, PR, USA",,72039.0,PR,Name18106790,False,True,False,Medium
USA,Small,Utilities,Electric,"Ciales, PR, USA",,72039.0,PR,Name18106792,False,True,True,Severe
USA,Small,Utilities,Electric,"Ciales, PR, USA",,72039.0,PR,Name18106793,False,True,False,Severe
USA,Small,Utilities,Electric,"Ciales, PR, USA",,72039.0,PR,Name18106794,True,False,False,High
USA,Small,Utilities,Electric,"Ciales, PR, USA",,72039.0,PR,Name18106795,True,False,False,Severe
USA,Small,Utilities,Electric,"Ciales, PR, USA",,72039.0,PR,Name18106796,False,True,True,High
USA,Small,Utilities,Electric,"Ciales, PR, USA",,72039.0,PR,Name18106798,True,False,False,Low
USA,Small,Utilities,Electric,"Ciales, PR, USA",,72039.0,PR,Name18106801,True,False,False,Low
USA,Small,Utilities,Electric,"Ciales, PR, USA",,72039.0,PR,Name18106802,False,False,True,Low
USA,Small,Utilities,Electric,"Ciales, PR, USA",,72039.0,PR,Name18106804,False,True,False,High
USA,Small,Utilities,Electric,"Ciales, PR, USA",,72039.0,PR,Name18106805,False,False,True,Severe
USA,Small,Utilities,Electric,"Ciales, PR, USA",,72039.0,PR,Name18106806,False,True,True,Low
USA,Small,Utilities,Electric,"Ciales, PR, USA",,72039.0,PR,Name18106807,True,False,False,High
USA,Small,Utilities,Electric,"Ciales, PR, USA",,72039.0,PR,Name18106808,False,False,True,High
USA,Small,Utilities,Electric,"Ciales, PR, USA",,72039.0,PR,Name18106810,True,False,False,Medium
USA,Small,Utilities,Electric,"Ciales, PR, USA",,72039.0,PR,Name18106811,True,False,False,High
USA,Small,Utilities,Electric,"Ciales, PR, USA",,72039.0,PR,Name18106813,True,True,False,Medium
USA,Small,Utilities,Electric,"Ciales, PR, USA",,72039.0,PR,Name18106814,False,True,False,High
USA,Small,Utilities,Water,"Ciales, PR, USA",,72039.0,PR,Name18106815,False,True,True,Medium
USA,Small,Utilities,Water,"Ciales, PR, USA",,72039.0,PR,Name18106817,False,True,False,Severe
USA,Small,Utilities,Water,"Ciales, PR, USA",,72039.0,PR,Name18106818,False,True,False,Severe
USA,Small,Utilities,Water,"Ciales, PR, USA",,72039.0,PR,Name18106819,False,False,True,Severe
USA,Small,Utilities,Water,"Ciales, PR, USA",,72039.0,PR,Name18106820,False,True,True,Severe
USA,Small,Utilities,Water,"Ciales, PR, USA",,72039.0,PR,Name18106821,False,True,True,High
USA,Small,Utilities,Water,"Ciales, PR, USA",,72039.0,PR,Name18106822,True,True,False,Medium
USA,Small,Utilities,Water,"Ciales, PR, USA",,72039.0,PR,Name18106823,True,True,False,Severe
USA,Small,Utilities,Water,"Ciales, PR, USA",,72039.0,PR,Name18106824,True,False,False,Low
USA,Small,Utilities,Water,"Ciales, PR, USA",,72039.0,PR,Name18106825,True,True,False,Low
USA,Small,Utilities,Water,"Ciales, PR, USA",,72039.0,PR,Name18106826,True,True,False,Severe
USA,Small,Utilities,Water,"Ciales, PR, USA",,72039.0,PR,Name18106827,True,True,False,Medium
USA,Small,Utilities,Water,"Ciales, PR, USA",,72039.0,PR,Name18106828,True,False,False,High
USA,Small,Utilities,Water,"Ciales, PR, USA",,72039.0,PR,Name18106829,False,False,True,Severe
USA,Small,Utilities,Water,"Ciales, PR, USA",,72039.0,PR,Name18106830,True,False,False,Severe
USA,Small,Utilities,Water,"Ciales, PR, USA",,72039.0,PR,Name18106831,False,True,False,Severe
USA,Small,Utilities,Water,"Ciales, PR, USA",,72039.0,PR,Name18106832,True,False,False,Severe
USA,Small,Utilities,Water,"Ciales, PR, USA",,72039.0,PR,Name18106833,True,False,False,Severe
USA,Small,Utilities,Water,"Ciales, PR, USA",,72039.0,PR,Name18106834,False,False,True,Severe
USA,Small,Utilities,Water,"Ciales, PR, USA",,72039.0,PR,Name18106836,True,False,False,Severe
USA,Small,Utilities,Water,"Ciales, PR, USA",,72039.0,PR,Name18106837,True,True,False,Medium
USA,Small,Utilities,Water,"Ciales, PR, USA",,72039.0,PR,Name18106839,False,False,True,Severe
USA,Small,Utilities,Water,"Ciales, PR, USA",,72039.0,PR,Name18106840,True,False,False,Severe
USA,Small,Utilities,Water,"Ciales, PR, USA",,72039.0,PR,Name18106841,True,True,False,Low
USA,Small,Utilities,Water,"Ciales, PR, USA",,72039.0,PR,Name18106842,True,False,False,Severe
USA,Small,Utilities,Water,"Ciales, PR, USA",,72039.0,PR,Name18106843,True,True,False,High
USA,Small,Utilities,Water,"Ciales, PR, USA",,72039.0,PR,Name18106844,False,True,False,Severe
USA,Small,Utilities,Water,"Ciales, PR, USA",,72039.0,PR,Name18106845,False,True,False,Severe
USA,Small,Utilities,Water,"Ciales, PR, USA",,72039.0,PR,Name18106846,True,False,False,Medium
USA,Small,Utilities,Water,"Ciales, PR, USA",,72039.0,PR,Name18106847,False,False,True,Medium
USA,Small,Utilities,Water,"Ciales, PR, USA",,72039.0,PR,Name18106848,False,True,True,High
USA,Small,Utilities,Water,"Ciales, PR, USA",,72039.0,PR,Name18106849,True,True,False,High
USA,Small,Utilities,Water,"Ciales, PR, USA",,72039.0,PR,Name18106850,True,True,False,High
USA,Small,Utilities,Water,"Ciales, PR, USA",,72039.0,PR,Name18106851,True,False,False,High
USA,Small,Utilities,Gas,"Ciales, PR, USA",,72039.0,PR,Name18106852,True,False,False,Medium
USA,Small,Utilities,Gas,"Ciales, PR, USA",,72039.0,PR,Name18106853,False,True,False,High
USA,Small,Utilities,Gas,"Ciales, PR, USA",,72039.0,PR,Name18106854,True,False,False,Severe
USA,Small,Utilities,Gas,"Ciales, PR, USA",,72039.0,PR,Name18106855,False,True,True,Severe
USA,Small,Utilities,Gas,"Ciales, PR, USA",,72039.0,PR,Name18106856,False,True,True,Low
USA,Small,Utilities,Gas,"Ciales, PR, USA",,72039.0,PR,Name18106857,False,True,True,Medium
USA,Small,Utilities,Gas,"Ciales, PR, USA",,72039.0,PR,Name18106858,True,True,False,Low
USA,Small,Utilities,Gas,"Ciales, PR, USA",,72039.0,PR,Name18106859,True,True,False,Severe
USA,Small,Utilities,Gas,"Ciales, PR, USA",,72039.0,PR,Name18106860,False,True,True,High
USA,Small,Utilities,Gas,"Ciales, PR, USA",,72039.0,PR,Name18106861,False,True,True,High
USA,Small,Utilities,Gas,"Ciales, PR, USA",,72039.0,PR,Name18106862,False,True,True,Low
USA,Small,Real Estate,Residential,"Ciales, PR, USA",,72039.0,PR,Name18106863,True,True,False,Severe
USA,Small,Real Estate,Residential,"Ciales, PR, USA",,72039.0,PR,Name18106864,True,False,False,Severe
USA,Small,Real Estate,Residential,"Ciales, PR, USA",,72039.0,PR,Name18106865,True,False,False,Medium
USA,Small,Real Estate,Residential,"Ciales, PR, USA",,72039.0,PR,Name18106866,True,False,False,Low
USA,Small,Real Estate,Residential,"Ciales, PR, USA",,72039.0,PR,Name18106867,True,True,False,Severe
USA,Small,Real Estate,Residential,"Ciales, PR, USA",,72039.0,PR,Name18106868,False,True,False,Medium
USA,Small,Real Estate,Residential,"Ciales, PR, USA",,72039.0,PR,Name18106869,True,True,False,Low
USA,Small,Real Estate,Residential,"Ciales, PR, USA",,72039.0,PR,Name18106870,True,True,False,Medium
USA,Small,Real Estate,Residential,"Ciales, PR, USA",,72039.0,PR,Name18106871,False,True,False,Medium
USA,Small,Real Estate,Residential,"Ciales, PR, USA",,72039.0,PR,Name18106872,False,True,True,High
USA,Small,Real Estate,Residential,"Ciales, PR, USA",,72039.0,PR,Name18106873,True,False,False,Severe
USA,Small,Real Estate,Residential,"Ciales, PR, USA",,72039.0,PR,Name18106874,False,False,True,High
USA,Small,Real Estate,Residential,"Ciales, PR, USA",,72039.0,PR,Name18106875,False,True,False,Severe
USA,Small,Real Estate,Residential,"Ciales, PR, USA",,72039.0,PR,Name18106876,True,True,False,Medium
USA,Small,Real Estate,Commercial,"Ciales, PR, USA",,72039.0,PR,Name18106877,True,True,False,Severe
USA,Small,Real Estate,Commercial,"Ciales, PR, USA",,72039.0,PR,Name18106878,False,True,False,High
USA,Small,Real Estate,Commercial,"Ciales, PR, USA",,72039.0,PR,Name18106879,False,False,True,Medium
USA,Small,Real Estate,Commercial,"Ciales, PR, USA",,72039.0,PR,Name18106880,True,True,False,Medium
USA,Small,Real Estate,Commercial,"Ciales, PR, USA",,72039.0,PR,Name18106881,True,False,False,Low
USA,Small,Real Estate,Commercial,"Ciales, PR, USA",,72039.0,PR,Name18106882,True,False,False,Medium
USA,Small,Real Estate,Commercial,"Ciales, PR, USA",,72039.0,PR,Name18106883,True,False,False,Severe
USA,Small,Real Estate,Commercial,"Ciales, PR, USA",,72039.0,PR,Name18106884,False,True,False,Low
USA,Small,Real Estate,Commercial,"Ciales, PR, USA",,72039.0,PR,Name18106885,False,True,False,High
USA,Small,Real Estate,Commercial,"Ciales, PR, USA",,72039.0,PR,Name18106886,True,False,False,Severe
USA,Small,Real Estate,Commercial,"Ciales, PR, USA",,72039.0,PR,Name18106887,True,True,False,High
USA,Small,Real Estate,Commercial,"Ciales, PR, USA",,72039.0,PR,Name18106888,False,True,False,Medium
USA,Small,Real Estate,Commercial,"Ciales, PR, USA",,72039.0,PR,Name18106890,False,True,True,Low
USA,Small,Real Estate,Commercial,"Ciales, PR, USA",,72039.0,PR,Name18106891,True,False,False,Severe
USA,Small,Real Estate,Commercial,"Ciales, PR, USA",,72039.0,PR,Name18106892,False,False,True,Medium
USA,Small,Real Estate,Commercial,"Ciales, PR, USA",,72039.0,PR,Name18106893,True,True,False,Severe
USA,Small,Real Estate,Commercial,"Ciales, PR, USA",,72039.0,PR,Name18106895,True,True,False,High
USA,Small,Real Estate,Commercial,"Ciales, PR, USA",,72039.0,PR,Name18106896,True,False,False,Medium
USA,Small,Real Estate,Commercial,"Ciales, PR, USA",,72039.0,PR,Name18106897,False,True,True,Low
USA,Small,Real Estate,Commercial,"Ciales, PR, USA",,72039.0,PR,Name18106898,True,False,False,High
USA,Small,Real Estate,Commercial,"Ciales, PR, USA",,72039.0,PR,Name18106900,False,True,False,High
USA,Small,Real Estate,Industrial,"Ciales, PR, USA",,72039.0,PR,Name18106901,True,True,False,High
USA,Small,Real Estate,Industrial,"Ciales, PR, USA",,72039.0,PR,Name18106902,False,True,True,Severe
USA,Small,Real Estate,Industrial,"Ciales, PR, USA",,72039.0,PR,Name18106903,False,False,True,Low
USA,Small,Real Estate,Industrial,"Ciales, PR, USA",,72039.0,PR,Name18106904,True,False,False,Medium
USA,Small,Real Estate,Industrial,"Ciales, PR, USA",,72039.0,PR,Name18106905,False,True,False,Low
USA,Small,Real Estate,Industrial,"Ciales, PR, USA",,72039.0,PR,Name18106907,True,True,False,High
USA,Small,Real Estate,Industrial,"Ciales, PR, USA",,72039.0,PR,Name18106908,False,True,True,High
USA,Small,Real Estate,Industrial,"Ciales, PR, USA",,72039.0,PR,Name18106910,False,False,True,Medium
USA,Small,Real Estate,Industrial,"Ciales, PR, USA",,72039.0,PR,Name18106911,False,True,True,High
USA,Small,Real Estate,Industrial,"Ciales, PR, USA",,72039.0,PR,Name18106913,True,False,False,High
USA,Small,Real Estate,Industrial,"Ciales, PR, USA",,72039.0,PR,Name18106914,False,True,False,Severe
USA,Small,Real Estate,Industrial,"Ciales, PR, USA",,72039.0,PR,Name18106915,True,False,False,Low
USA,Small,Real Estate,Industrial,"Ciales, PR, USA",,72039.0,PR,Name18106916,False,True,True,High
USA,Small,Real Estate,Industrial,"Ciales, PR, USA",,72039.0,PR,Name18106917,True,False,False,High
USA,Small,Real Estate,Industrial,"Ciales, PR, USA",,72039.0,PR,Name18106918,False,True,False,Medium
USA,Small,Real Estate,Industrial,"Ciales, PR, USA",,72039.0,PR,Name18106919,True,False,False,High
USA,Small,Real Estate,Industrial,"Ciales, PR, USA",,72039.0,PR,Name18106920,True,True,False,High
USA,Small,Real Estate,Industrial,"Ciales, PR, USA",,72039.0,PR,Name18106921,True,False,False,Medium
USA,Small,Real Estate,Industrial,"Ciales, PR, USA",,72039.0,PR,Name18106922,False,False,True,Medium
USA,Small,Real Estate,Industrial,"Ciales, PR, USA",,72039.0,PR,Name18106923,False,True,False,High
USA,Small,Real Estate,Industrial,"Ciales, PR, USA",,72039.0,PR,Name18106924,False,True,True,Severe
USA,Small,Real Estate,Industrial,"Ciales, PR, USA",,72039.0,PR,Name18106925,False,True,True,Low
USA,Small,Real Estate,Industrial,"Ciales, PR, USA",,72039.0,PR,Name18106926,False,True,True,Severe
USA,Small,Real Estate,Industrial,"Ciales, PR, USA",,72039.0,PR,Name18106927,False,True,False,Severe
USA,Small,Real Estate,Industrial,"Ciales, PR, USA",,72039.0,PR,Name18106928,True,True,False,Low
USA,Small,Real Estate,Industrial,"Ciales, PR, USA",,72039.0,PR,Name18106929,False,True,True,High
USA,Small,Real Estate,Industrial,"Ciales, PR, USA",,72039.0,PR,Name18106930,False,True,True,High
USA,Small,Real Estate,Industrial,"Ciales, PR, USA",,72039.0,PR,Name18106931,True,True,False,High
USA,Small,Real Estate,Industrial,"Ciales, PR, USA",,72039.0,PR,Name18106932,True,False,False,Low
USA,Small,Real Estate,Industrial,"Ciales, PR, USA",,72039.0,PR,Name18106933,False,True,True,Medium
USA,Small,Real Estate,Industrial,"Ciales, PR, USA",,72039.0,PR,Name18106934,True,False,False,Severe
USA,Small,Real Estate,Industrial,"Ciales, PR, USA",,72039.0,PR,Name18106936,True,True,False,Low
USA,Small,Real Estate,Industrial,"Ciales, PR, USA",,72039.0,PR,Name18106937,True,False,False,Low
USA,Small,Telecommunications,Mobile,"Ciales, PR, USA",,72039.0,PR,Name18106938,True,False,False,Medium
USA,Small,Telecommunications,Mobile,"Ciales, PR, USA",,72039.0,PR,Name18106939,False,True,True,High
USA,Small,Telecommunications,Mobile,"Ciales, PR, USA",,72039.0,PR,Name18106940,True,False,False,Medium
USA,Small,Telecommunications,Mobile,"Ciales, PR, USA",,72039.0,PR,Name18106941,True,True,False,Low
USA,Small,Telecommunications,Mobile,"Ciales, PR, USA",,72039.0,PR,Name18106942,False,False,True,Medium
USA,Small,Telecommunications,Mobile,"Ciales, PR, USA",,72039.0,PR,Name18106943,True,True,False,Severe
USA,Small,Telecommunications,Broadband,"Ciales, PR, USA",,72039.0,PR,Name18106944,True,False,False,High
USA,Small,Telecommunications,Broadband,"Ciales, PR, USA",,72039.0,PR,Name18106945,True,False,False,Medium
USA,Small,Telecommunications,Broadband,"Ciales, PR, USA",,72039.0,PR,Name18106946,True,True,False,Severe
USA,Small,Telecommunications,Broadband,"Ciales, PR, USA",,72039.0,PR,Name18106948,True,False,False,Severe
USA,Small,Telecommunications,Broadband,"Ciales, PR, USA",,72039.0,PR,Name18106949,True,False,False,Severe
USA,Small,Telecommunications,Broadband,"Ciales, PR, USA",,72039.0,PR,Name18106950,True,False,False,Low
USA,Small,Telecommunications,Broadband,"Ciales, PR, USA",,72039.0,PR,Name18106951,True,False,False,Medium
USA,Small,Telecommunications,Broadband,"Ciales, PR, USA",,72039.0,PR,Name18106952,True,False,False,High
USA,Small,Telecommunications,Broadband,"Ciales, PR, USA",,72039.0,PR,Name18106953,False,True,True,Medium
USA,Small,Telecommunications,Broadband,"Ciales, PR, USA",,72039.0,PR,Name18106954,False,True,False,Severe
USA,Small,Telecommunications,Broadband,"Ciales, PR, USA",,72039.0,PR,Name18106955,False,True,True,Low
USA,Small,Telecommunications,Broadband,"Ciales, PR, USA",,72039.0,PR,Name18106956,True,True,False,Medium
USA,Small,Telecommunications,Broadband,"Ciales, PR, USA",,72039.0,PR,Name18106957,True,False,False,High
USA,Small,Telecommunications,Broadband,"Ciales, PR, USA",,72039.0,PR,Name18106959,False,True,False,Medium
USA,Small,Telecommunications,Broadband,"Ciales, PR, USA",,72039.0,PR,Name18106960,False,True,False,Low
USA,Small,Telecommunications,Broadband,"Ciales, PR, USA",,72039.0,PR,Name18106961,True,False,False,High
USA,Small,Telecommunications,Broadband,"Ciales, PR, USA",,72039.0,PR,Name18106962,False,True,True,High
USA,Small,Telecommunications,Broadband,"Ciales, PR, USA",,72039.0,PR,Name18106963,True,True,False,Severe
USA,Small,Telecommunications,Broadband,"Ciales, PR, USA",,72039.0,PR,Name18106964,True,False,False,Medium
USA,Small,Telecommunications,Broadband,"Ciales, PR, USA",,72039.0,PR,Name18106965,True,True,False,Low
USA,Small,Telecommunications,Broadband,"Ciales, PR, USA",,72039.0,PR,Name18106966,True,False,False,Low
USA,Small,Telecommunications,Broadband,"Ciales, PR, USA",,72039.0,PR,Name18106967,True,False,False,Severe
USA,Small,Telecommunications,Broadband,"Ciales, PR, USA",,72039.0,PR,Name18106968,False,True,False,Severe
USA,Small,Telecommunications,Broadband,"Ciales, PR, USA",,72039.0,PR,Name18106969,False,False,True,Severe
USA,Small,Telecommunications,Broadband,"Ciales, PR, USA",,72039.0,PR,Name18106970,False,True,True,Medium
USA,Small,Telecommunications,Broadband,"Ciales, PR, USA",,72039.0,PR,Name18106971,False,False,True,Severe
USA,Small,Telecommunications,Broadband,"Ciales, PR, USA",,72039.0,PR,Name18106972,True,False,False,Severe
USA,Small,Telecommunications,Broadband,"Ciales, PR, USA",,72039.0,PR,Name18106973,False,True,True,High
USA,Small,Telecommunications,Broadband,"Ciales, PR, USA",,72039.0,PR,Name18106974,True,False,False,Severe
USA,Small,Telecommunications,Broadband,"Ciales, PR, USA",,72039.0,PR,Name18106975,True,True,False,Low
USA,Small,Telecommunications,Broadband,"Ciales, PR, USA",,72039.0,PR,Name18106977,False,False,True,Medium
USA,Small,Telecommunications,Broadband,"Ciales, PR, USA",,72039.0,PR,Name18106978,False,False,True,Low
USA,Small,Telecommunications,Broadband,"Ciales, PR, USA",,72039.0,PR,Name18106979,True,True,False,Severe
USA,Small,Telecommunications,Broadband,"Ciales, PR, USA",,72039.0,PR,Name18106980,False,False,True,Severe
USA,Small,Telecommunications,Broadband,"Ciales, PR, USA",,72039.0,PR,Name18106981,False,False,True,Low
USA,Small,Telecommunications,Broadband,"Ciales, PR, USA",,72039.0,PR,Name18106982,True,True,False,Low
USA,Small,Telecommunications,Broadband,"Ciales, PR, USA",,72039.0,PR,Name18106983,True,False,False,Severe
USA,Small,Telecommunications,Broadband,"Ciales, PR, USA",,72039.0,PR,Name18106984,True,True,False,Low
USA,Small,Telecommunications,Broadband,"Ciales, PR, USA",,72039.0,PR,Name18106985,False,True,True,High
USA,Small,Telecommunications,Broadband,"Ciales, PR, USA",,72039.0,PR,Name18106986,False,True,True,Low
USA,Small,Telecommunications,Broadband,"Ciales, PR, USA",,72039.0,PR,Name18106987,False,True,False,High
USA,Small,Telecommunications,Broadband,"Ciales, PR, USA",,72039.0,PR,Name18106988,False,True,True,Low
USA,Small,Telecommunications,Broadband,"Ciales, PR, USA",,72039.0,PR,Name18106990,True,False,False,Severe
USA,Small,Telecommunications,Satellite,"Ciales, PR, USA",,72039.0,PR,Name18106991,False,True,True,Medium
USA,Small,Telecommunications,Satellite,"Ciales, PR, USA",,72039.0,PR,Name18106993,False,False,True,Low
USA,Small,Telecommunications,Satellite,"Ciales, PR, USA",,72039.0,PR,Name18106994,False,True,False,Low
USA,Small,Telecommunications,Satellite,"Ciales, PR, USA",,72039.0,PR,Name18106995,True,False,False,Medium
USA,Small,Telecommunications,Satellite,"Ciales, PR, USA",,72039.0,PR,Name18106996,True,False,False,High
USA,Small,Telecommunications,Satellite,"Ciales, PR, USA",,72039.0,PR,Name18106997,True,True,False,Medium
USA,Small,Telecommunications,Satellite,"Ciales, PR, USA",,72039.0,PR,Name18106998,True,True,False,High
USA,Small,Telecommunications,Satellite,"Ciales, PR, USA",,72039.0,PR,Name18106999,False,False,True,Severe
USA,Small,Telecommunications,Satellite,"Ciales, PR, USA",,72039.0,PR,Name18107000,True,False,False,Severe
USA,Small,Telecommunications,Satellite,"Ciales, PR, USA",,72039.0,PR,Name18107001,False,False,True,High
USA,Small,Materials,Chemicals,"Ciales, PR, USA",,72039.0,PR,Name18107002,True,False,False,Low
USA,Small,Materials,Chemicals,"Ciales, PR, USA",,72039.0,PR,Name18107003,False,True,False,High
USA,Small,Materials,Chemicals,"Ciales, PR, USA",,72039.0,PR,Name18107004,False,True,False,Low
USA,Small,Materials,Chemicals,"Ciales, PR, USA",,72039.0,PR,Name18107005,True,True,False,Medium
USA,Small,Materials,Chemicals,"Ciales, PR, USA",,72039.0,PR,Name18107006,False,True,False,High
USA,Small,Materials,Chemicals,"Ciales, PR, USA",,72039.0,PR,Name18107007,True,True,False,Medium
USA,Small,Materials,Chemicals,"Ciales, PR, USA",,72039.0,PR,Name18107008,True,True,False,Medium
USA,Small,Materials,Chemicals,"Ciales, PR, USA",,72039.0,PR,Name18107009,False,False,True,High
USA,Small,Materials,Chemicals,"Ciales, PR, USA",,72039.0,PR,Name18107010,True,True,False,Low
USA,Small,Materials,Chemicals,"Ciales, PR, USA",,72039.0,PR,Name18107012,False,True,False,Low
USA,Small,Materials,Chemicals,"Ciales, PR, USA",,72039.0,PR,Name18107013,True,True,False,Severe
USA,Small,Materials,Chemicals,"Ciales, PR, USA",,72039.0,PR,Name18107014,True,True,False,Low
USA,Small,Materials,Chemicals,"Ciales, PR, USA",,72039.0,PR,Name18107015,True,True,False,Low
USA,Small,Materials,Chemicals,"Ciales, PR, USA",,72039.0,PR,Name18107016,False,False,True,Low
USA,Small,Materials,Chemicals,"Ciales, PR, USA",,72039.0,PR,Name18107017,True,True,False,High
USA,Small,Materials,Chemicals,"Ciales, PR, USA",,72039.0,PR,Name18107019,True,True,False,Medium
USA,Small,Materials,Chemicals,"Ciales, PR, USA",,72039.0,PR,Name18107020,True,True,False,Medium
USA,Small,Materials,Chemicals,"Ciales, PR, USA",,72039.0,PR,Name18107021,False,True,True,Severe
USA,Small,Materials,Chemicals,"Ciales, PR, USA",,72039.0,PR,Name18107022,True,False,False,High
USA,Small,Materials,Chemicals,"Ciales, PR, USA",,72039.0,PR,Name18107023,True,True,False,Low
USA,Small,Materials,Chemicals,"Ciales, PR, USA",,72039.0,PR,Name18107024,True,True,False,Severe
USA,Small,Materials,Chemicals,"Ciales, PR, USA",,72039.0,PR,Name18107025,False,True,True,Low
USA,Small,Materials,Chemicals,"Ciales, PR, USA",,72039.0,PR,Name18107026,True,False,False,Low
USA,Small,Materials,Chemicals,"Ciales, PR, USA",,72039.0,PR,Name18107027,True,False,False,High
USA,Small,Materials,Chemicals,"Ciales, PR, USA",,72039.0,PR,Name18107028,True,True,False,High
USA,Small,Materials,Chemicals,"Ciales, PR, USA",,72039.0,PR,Name18107029,False,False,True,Low
USA,Small,Materials,Chemicals,"Ciales, PR, USA",,72039.0,PR,Name18107030,False,True,True,High
USA,Small,Materials,Chemicals,"Ciales, PR, USA",,72039.0,PR,Name18107031,False,False,True,High
USA,Small,Materials,Chemicals,"Ciales, PR, USA",,72039.0,PR,Name18107032,True,False,False,Medium
USA,Small,Materials,Chemicals,"Ciales, PR, USA",,72039.0,PR,Name18107033,False,False,True,High
USA,Small,Materials,Chemicals,"Ciales, PR, USA",,72039.0,PR,Name18107034,True,True,False,Severe
USA,Small,Materials,Chemicals,"Ciales, PR, USA",,72039.0,PR,Name18107035,True,False,False,Low
USA,Small,Materials,Chemicals,"Ciales, PR, USA",,72039.0,PR,Name18107036,True,False,False,Low
USA,Small,Materials,Chemicals,"Ciales, PR, USA",,72039.0,PR,Name18107037,True,True,False,Low
USA,Small,Materials,Chemicals,"Ciales, PR, USA",,72039.0,PR,Name18107038,True,True,False,Low
USA,Small,Materials,Chemicals,"Ciales, PR, USA",,72039.0,PR,Name18107039,False,False,True,High
USA,Small,Materials,Chemicals,"Ciales, PR, USA",,72039.0,PR,Name18107040,False,True,False,Medium
USA,Small,Materials,Chemicals,"Ciales, PR, USA",,72039.0,PR,Name18107041,True,False,False,High
USA,Small,Materials,Chemicals,"Ciales, PR, USA",,72039.0,PR,Name18107042,True,True,False,Severe
USA,Small,Materials,Chemicals,"Ciales, PR, USA",,72039.0,PR,Name18107043,True,False,False,High
USA,Small,Materials,Chemicals,"Ciales, PR, USA",,72039.0,PR,Name18107044,True,True,False,Low
USA,Small,Materials,Chemicals,"Ciales, PR, USA",,72039.0,PR,Name18107045,False,True,True,Medium
USA,Small,Materials,Chemicals,"Ciales, PR, USA",,72039.0,PR,Name18107046,False,False,True,Medium
USA,Small,Materials,Metals & Mining,"Ciales, PR, USA",,72039.0,PR,Name18107047,False,False,True,High
USA,Small,Materials,Metals & Mining,"Ciales, PR, USA",,72039.0,PR,Name18107048,True,True,False,Severe
USA,Small,Materials,Metals & Mining,"Ciales, PR, USA",,72039.0,PR,Name18107049,False,False,True,Severe
USA,Small,Materials,Metals & Mining,"Ciales, PR, USA",,72039.0,PR,Name18107050,False,True,False,Medium
USA,Small,Materials,Metals & Mining,"Ciales, PR, USA",,72039.0,PR,Name18107051,False,True,True,Severe
USA,Small,Materials,Metals & Mining,"Ciales, PR, USA",,72039.0,PR,Name18107052,True,True,False,High
USA,Small,Materials,Metals & Mining,"Ciales, PR, USA",,72039.0,PR,Name18107053,False,True,True,Severe
USA,Small,Materials,Metals & Mining,"Ciales, PR, USA",,72039.0,PR,Name18107054,False,True,True,Severe
USA,Small,Materials,Metals & Mining,"Ciales, PR, USA",,72039.0,PR,Name18107056,True,False,False,High
USA,Small,Materials,Metals & Mining,"Ciales, PR, USA",,72039.0,PR,Name18107057,False,True,True,Medium
USA,Small,Materials,Metals & Mining,"Ciales, PR, USA",,72039.0,PR,Name18107058,True,True,False,Medium
USA,Small,Materials,Metals & Mining,"Ciales, PR, USA",,72039.0,PR,Name18107060,True,False,False,Low
USA,Small,Materials,Metals & Mining,"Ciales, PR, USA",,72039.0,PR,Name18107061,True,True,False,Low
USA,Small,Materials,Metals & Mining,"Ciales, PR, USA",,72039.0,PR,Name18107062,True,False,False,Medium
USA,Small,Materials,Metals & Mining,"Ciales, PR, USA",,72039.0,PR,Name18107063,False,False,True,Low
USA,Small,Materials,Metals & Mining,"Ciales, PR, USA",,72039.0,PR,Name18107064,True,True,False,Medium
USA,Small,Materials,Metals & Mining,"Ciales, PR, USA",,72039.0,PR,Name18107065,False,True,True,Severe
USA,Small,Materials,Metals & Mining,"Ciales, PR, USA",,72039.0,PR,Name18107066,False,True,False,Severe
USA,Small,Materials,Metals & Mining,"Ciales, PR, USA",,72039.0,PR,Name18107067,True,True,False,High
USA,Small,Materials,Metals & Mining,"Ciales, PR, USA",,72039.0,PR,Name18107069,True,False,False,High
USA,Small,Materials,Metals & Mining,"Ciales, PR, USA",,72039.0,PR,Name18107070,True,True,False,Severe
USA,Small,Materials,Metals & Mining,"Ciales, PR, USA",,72039.0,PR,Name18107071,True,True,False,Medium
USA,Small,Materials,Metals & Mining,"Ciales, PR, USA",,72039.0,PR,Name18107072,False,True,True,Severe
USA,Small,Materials,Metals & Mining,"Ciales, PR, USA",,72039.0,PR,Name18107073,True,False,False,Low
USA,Small,Materials,Metals & Mining,"Ciales, PR, USA",,72039.0,PR,Name18107074,False,False,True,High
USA,Small,Materials,Metals & Mining,"Ciales, PR, USA",,72039.0,PR,Name18107076,False,True,False,Medium
USA,Small,Materials,Metals & Mining,"Ciales, PR, USA",,72039.0,PR,Name18107077,False,True,False,High
USA,Small,Materials,Metals & Mining,"Ciales, PR, USA",,72039.0,PR,Name18107078,False,True,True,Severe
USA,Small,Materials,Metals & Mining,"Ciales, PR, USA",,72039.0,PR,Name18107079,False,False,True,High
USA,Small,Materials,Metals & Mining,"Ciales, PR, USA",,72039.0,PR,Name18107080,True,True,False,High
USA,Small,Materials,Construction Materials,"Ciales, PR, USA",,72039.0,PR,Name18107082,False,True,False,Medium
USA,Small,Materials,Construction Materials,"Ciales, PR, USA",,72039.0,PR,Name18107083,False,True,False,Severe
USA,Small,Materials,Construction Materials,"Ciales, PR, USA",,72039.0,PR,Name18107084,False,True,False,Medium
USA,Small,Materials,Construction Materials,"Ciales, PR, USA",,72039.0,PR,Name18107085,True,True,False,Medium
USA,Small,Materials,Construction Materials,"Ciales, PR, USA",,72039.0,PR,Name18107086,False,True,False,Low
USA,Small,Industrials,Aerospace & Defense,"Ciales, PR, USA",,72039.0,PR,Name18107087,False,False,True,Low
USA,Small,Industrials,Aerospace & Defense,"Ciales, PR, USA",,72039.0,PR,Name18107088,True,False,False,High
USA,Small,Industrials,Aerospace & Defense,"Ciales, PR, USA",,72039.0,PR,Name18107089,True,False,False,Low
USA,Small,Industrials,Aerospace & Defense,"Ciales, PR, USA",,72039.0,PR,Name18107090,False,False,True,High
USA,Small,Industrials,Aerospace & Defense,"Ciales, PR, USA",,72039.0,PR,Name18107091,True,True,False,High
USA,Small,Industrials,Aerospace & Defense,"Ciales, PR, USA",,72039.0,PR,Name18107092,True,True,False,Low
USA,Small,Industrials,Aerospace & Defense,"Ciales, PR, USA",,72039.0,PR,Name18107093,False,True,False,Low
USA,Small,Industrials,Aerospace & Defense,"Ciales, PR, USA",,72039.0,PR,Name18107094,False,True,False,High
USA,Small,Industrials,Aerospace & Defense,"Ciales, PR, USA",,72039.0,PR,Name18107095,True,True,False,Medium
USA,Small,Industrials,Aerospace & Defense,"Ciales, PR, USA",,72039.0,PR,Name18107096,False,True,True,Severe
USA,Small,Industrials,Aerospace & Defense,"Ciales, PR, USA",,72039.0,PR,Name18107098,False,True,True,Medium
USA,Small,Industrials,Aerospace & Defense,"Ciales, PR, USA",,72039.0,PR,Name18107099,False,True,False,High
USA,Small,Industrials,Aerospace & Defense,"Ciales, PR, USA",,72039.0,PR,Name18107100,True,False,False,Low
USA,Small,Industrials,Aerospace & Defense,"Ciales, PR, USA",,72039.0,PR,Name18107101,False,True,False,Medium
USA,Small,Industrials,Aerospace & Defense,"Ciales, PR, USA",,72039.0,PR,Name18107102,False,True,False,High
USA,Small,Industrials,Aerospace & Defense,"Ciales, PR, USA",,72039.0,PR,Name18107103,False,False,True,Severe
USA,Small,Industrials,Aerospace & Defense,"Ciales, PR, USA",,72039.0,PR,Name18107104,True,True,False,Medium
USA,Small,Industrials,Aerospace & Defense,"Ciales, PR, USA",,72039.0,PR,Name18107106,False,True,True,Low
USA,Small,Industrials,Aerospace & Defense,"Ciales, PR, USA",,72039.0,PR,Name18107107,True,False,False,Medium
USA,Small,Industrials,Aerospace & Defense,"Ciales, PR, USA",,72039.0,PR,Name18107108,True,False,False,High
USA,Small,Industrials,Aerospace & Defense,"Ciales, PR, USA",,72039.0,PR,Name18107109,True,False,False,Medium
USA,Small,Industrials,Aerospace & Defense,"Ciales, PR, USA",,72039.0,PR,Name18107110,False,True,False,Severe
USA,Small,Industrials,Aerospace & Defense,"Ciales, PR, USA",,72039.0,PR,Name18107111,False,True,True,Low
USA,Small,Industrials,Aerospace & Defense,"Ciales, PR, USA",,72039.0,PR,Name18107112,True,False,False,Medium
USA,Small,Industrials,Aerospace & Defense,"Ciales, PR, USA",,72039.0,PR,Name18107113,True,False,False,Severe
USA,Small,Industrials,Aerospace & Defense,"Ciales, PR, USA",,72039.0,PR,Name18107114,True,False,False,High
USA,Small,Industrials,Aerospace & Defense,"Ciales, PR, USA",,72039.0,PR,Name18107115,True,False,False,Low
USA,Small,Industrials,Aerospace & Defense,"Ciales, PR, USA",,72039.0,PR,Name18107116,True,False,False,Medium
USA,Small,Industrials,Aerospace & Defense,"Ciales, PR, USA",,72039.0,PR,Name18107117,True,False,False,High
USA,Small,Industrials,Aerospace & Defense,"Ciales, PR, USA",,72039.0,PR,Name18107118,True,False,False,Medium
USA,Small,Industrials,Aerospace & Defense,"Ciales, PR, USA",,72039.0,PR,Name18107119,False,True,False,High
USA,Small,Industrials,Aerospace & Defense,"Ciales, PR, USA",,72039.0,PR,Name18107120,False,True,True,Low
USA,Small,Industrials,Aerospace & Defense,"Ciales, PR, USA",,72039.0,PR,Name18107121,True,False,False,Medium
USA,Small,Industrials,Machinery,"Ciales, PR, USA",,72039.0,PR,Name18107124,True,True,False,Low
USA,Small,Industrials,Machinery,"Ciales, PR, USA",,72039.0,PR,Name18107126,False,True,True,Severe
USA,Small,Industrials,Machinery,"Ciales, PR, USA",,72039.0,PR,Name18107127,True,False,False,Medium
USA,Small,Industrials,Machinery,"Ciales, PR, USA",,72039.0,PR,Name18107128,False,False,True,Low
USA,Small,Industrials,Machinery,"Ciales, PR, USA",,72039.0,PR,Name18107130,True,True,False,Low
USA,Small,Industrials,Machinery,"Ciales, PR, USA",,72039.0,PR,Name18107131,True,True,False,Medium
USA,Small,Industrials,Machinery,"Ciales, PR, USA",,72039.0,PR,Name18107132,False,True,False,Low
USA,Small,Industrials,Machinery,"Ciales, PR, USA",,72039.0,PR,Name18107134,True,True,False,Severe
USA,Small,Industrials,Machinery,"Ciales, PR, USA",,72039.0,PR,Name18107135,False,True,False,Medium
USA,Small,Industrials,Machinery,"Ciales, PR, USA",,72039.0,PR,Name18107136,False,True,False,Medium
USA,Small,Industrials,Machinery,"Ciales, PR, USA",,72039.0,PR,Name18107137,True,True,False,Low
USA,Small,Industrials,Machinery,"Ciales, PR, USA",,72039.0,PR,Name18107138,True,True,False,High
USA,Small,Industrials,Machinery,"Ciales, PR, USA",,72039.0,PR,Name18107139,True,False,False,Medium
USA,Small,Industrials,Machinery,"Ciales, PR, USA",,72039.0,PR,Name18107140,True,True,False,Medium
USA,Small,Industrials,Machinery,"Ciales, PR, USA",,72039.0,PR,Name18107141,False,False,True,High
USA,Small,Industrials,Machinery,"Ciales, PR, USA",,72039.0,PR,Name18107142,True,False,False,Low
USA,Small,Industrials,Machinery,"Ciales, PR, USA",,72039.0,PR,Name18107144,False,False,True,Severe
USA,Small,Industrials,Machinery,"Ciales, PR, USA",,72039.0,PR,Name18107146,False,True,True,Medium
USA,Small,Industrials,Machinery,"Ciales, PR, USA",,72039.0,PR,Name18107147,False,False,True,Medium
USA,Small,Industrials,Machinery,"Ciales, PR, USA",,72039.0,PR,Name18107148,False,True,True,Severe
USA,Small,Industrials,Machinery,"Ciales, PR, USA",,72039.0,PR,Name18107152,True,False,False,High
USA,Small,Industrials,Machinery,"Ciales, PR, USA",,72039.0,PR,Name18107153,False,True,False,Medium
USA,Small,Industrials,Machinery,"Ciales, PR, USA",,72039.0,PR,Name18107154,False,True,False,Medium
USA,Small,Industrials,Machinery,"Ciales, PR, USA",,72039.0,PR,Name18107155,True,True,False,Low
USA,Small,Industrials,Industrial Services,"Ciales, PR, USA",,72039.0,PR,Name18107156,False,True,False,Severe
USA,Small,Industrials,Industrial Services,"Ciales, PR, USA",,72039.0,PR,Name18107157,True,False,False,High
USA,Small,Industrials,Industrial Services,"Ciales, PR, USA",,72039.0,PR,Name18107160,True,False,False,Low
USA,Small,Industrials,Industrial Services,"Ciales, PR, USA",,72039.0,PR,Name18107161,False,False,True,Severe
USA,Small,Industrials,Industrial Services,"Ciales, PR, USA",,72039.0,PR,Name18107162,True,False,False,Medium
USA,Small,Industrials,Industrial Services,"Ciales, PR, USA",,72039.0,PR,Name18107163,False,True,False,High
USA,Small,Industrials,Industrial Services,"Ciales, PR, USA",,72039.0,PR,Name18107164,False,True,True,Low
USA,Small,Industrials,Industrial Services,"Ciales, PR, USA",,72039.0,PR,Name18107165,True,True,False,Low
USA,Small,Industrials,Industrial Services,"Ciales, PR, USA",,72039.0,PR,Name18107166,False,True,False,Low
USA,Small,Industrials,Industrial Services,"Ciales, PR, USA",,72039.0,PR,Name18107167,False,True,True,Low
USA,Small,Industrials,Industrial Services,"Ciales, PR, USA",,72039.0,PR,Name18107168,True,False,False,Low
USA,Small,Industrials,Industrial Services,"Ciales, PR, USA",,72039.0,PR,Name18107169,True,True,False,Medium
USA,Small,Industrials,Industrial Services,"Ciales, PR, USA",,72039.0,PR,Name18107170,False,False,True,Medium
USA,Small,Industrials,Industrial Services,"Ciales, PR, USA",,72039.0,PR,Name18107171,True,False,False,High
USA,Small,Industrials,Industrial Services,"Ciales, PR, USA",,72039.0,PR,Name18107172,True,False,False,Low
USA,Small,Industrials,Industrial Services,"Ciales, PR, USA",,72039.0,PR,Name18107173,True,True,False,Severe
USA,Small,Industrials,Industrial Services,"Ciales, PR, USA",,72039.0,PR,Name18107174,True,False,False,Low
USA,Small,Industrials,Industrial Services,"Ciales, PR, USA",,72039.0,PR,Name18107175,True,False,False,Medium
USA,Small,Industrials,Industrial Services,"Ciales, PR, USA",,72039.0,PR,Name18107176,True,True,False,Severe
USA,Small,Industrials,Industrial Services,"Ciales, PR, USA",,72039.0,PR,Name18107177,True,True,False,Severe
USA,Small,Industrials,Industrial Services,"Ciales, PR, USA",,72039.0,PR,Name18107178,True,True,False,Medium
USA,Small,Industrials,Industrial Services,"Ciales, PR, USA",,72039.0,PR,Name18107179,True,False,False,Low
USA,Small,Industrials,Industrial Services,"Ciales, PR, USA",,72039.0,PR,Name18107180,True,True,False,High
USA,Small,Industrials,Industrial Services,"Ciales, PR, USA",,72039.0,PR,Name18107181,False,True,False,Severe
USA,Small,Industrials,Industrial Services,"Ciales, PR, USA",,72039.0,PR,Name18107182,True,False,False,High
USA,Small,Industrials,Industrial Services,"Ciales, PR, USA",,72039.0,PR,Name18107183,True,False,False,Low
USA,Small,Industrials,Industrial Services,"Ciales, PR, USA",,72039.0,PR,Name18107184,True,False,False,Severe
USA,Small,Industrials,Industrial Services,"Ciales, PR, USA",,72039.0,PR,Name18107185,True,False,False,High
USA,Small,Industrials,Industrial Services,"Ciales, PR, USA",,72039.0,PR,Name18107187,True,False,False,High
USA,Small,Industrials,Industrial Services,"Ciales, PR, USA",,72039.0,PR,Name18107188,True,False,False,Medium
USA,Small,Industrials,Industrial Services,"Ciales, PR, USA",,72039.0,PR,Name18107189,False,False,True,Severe
USA,Small,Industrials,Industrial Services,"Ciales, PR, USA",,72039.0,PR,Name18107191,True,False,False,High
USA,Small,Industrials,Industrial Services,"Ciales, PR, USA",,72039.0,PR,Name18107192,True,True,False,High
USA,Small,Industrials,Industrial Services,"Ciales, PR, USA",,72039.0,PR,Name18107193,False,True,False,Severe
USA,Small,Industrials,Industrial Services,"Ciales, PR, USA",,72039.0,PR,Name18107194,False,True,True,Low
USA,Small,Industrials,Industrial Services,"Ciales, PR, USA",,72039.0,PR,Name18107195,False,True,False,Medium
USA,Small,Industrials,Industrial Services,"Ciales, PR, USA",,72039.0,PR,Name18107196,True,False,False,Low
USA,Small,Industrials,Industrial Services,"Ciales, PR, USA",,72039.0,PR,Name18107197,False,True,True,Severe
USA,Small,Consumer Services,Retail,"Ciales, PR, USA",,72039.0,PR,Name18107198,True,False,False,High
USA,Small,Consumer Services,Retail,"Ciales, PR, USA",,72039.0,PR,Name18107199,False,False,True,High
USA,Small,Consumer Services,Retail,"Ciales, PR, USA",,72039.0,PR,Name18107200,True,False,False,Severe
USA,Small,Consumer Services,Retail,"Ciales, PR, USA",,72039.0,PR,Name18107201,True,False,False,Medium
USA,Small,Consumer Services,Retail,"Ciales, PR, USA",,72039.0,PR,Name18107202,True,False,False,Low
USA,Small,Consumer Services,Retail,"Ciales, PR, USA",,72039.0,PR,Name18107203,True,False,False,Medium
USA,Small,Consumer Services,Retail,"Ciales, PR, USA",,72039.0,PR,Name18107204,True,True,False,Medium
USA,Small,Consumer Services,Retail,"Ciales, PR, USA",,72039.0,PR,Name18107205,True,True,False,High
USA,Small,Consumer Services,Retail,"Ciales, PR, USA",,72039.0,PR,Name18107206,True,False,False,Medium
USA,Small,Consumer Services,Retail,"Ciales, PR, USA",,72039.0,PR,Name18107208,True,True,False,Low
USA,Small,Consumer Services,Retail,"Ciales, PR, USA",,72039.0,PR,Name18107209,False,True,True,Medium
USA,Small,Consumer Services,Retail,"Ciales, PR, USA",,72039.0,PR,Name18107213,True,False,False,Medium
USA,Small,Consumer Services,Retail,"Ciales, PR, USA",,72039.0,PR,Name18107214,False,True,False,Severe
USA,Small,Consumer Services,Retail,"Ciales, PR, USA",,72039.0,PR,Name18107215,True,True,False,High
USA,Small,Consumer Services,Retail,"Ciales, PR, USA",,72039.0,PR,Name18107216,True,False,False,Low
USA,Small,Consumer Services,Retail,"Ciales, PR, USA",,72039.0,PR,Name18107217,False,True,True,High
USA,Small,Consumer Services,Travel & Leisure,"Ciales, PR, USA",,72039.0,PR,Name18107218,True,True,False,Low
USA,Small,Consumer Services,Travel & Leisure,"Ciales, PR, USA",,72039.0,PR,Name18107219,True,False,False,Severe
USA,Small,Consumer Services,Travel & Leisure,"Ciales, PR, USA",,72039.0,PR,Name18107220,False,True,True,Medium
USA,Small,Consumer Services,Travel & Leisure,"Ciales, PR, USA",,72039.0,PR,Name18107221,False,True,False,Low
USA,Small,Consumer Services,Travel & Leisure,"Ciales, PR, USA",,72039.0,PR,Name18107224,True,False,False,Medium
USA,Small,Consumer Services,Travel & Leisure,"Ciales, PR, USA",,72039.0,PR,Name18107225,False,True,True,Medium
USA,Small,Consumer Services,Travel & Leisure,"Ciales, PR, USA",,72039.0,PR,Name18107226,True,True,False,Low
USA,Small,Consumer Services,Travel & Leisure,"Ciales, PR, USA",,72039.0,PR,Name18107227,True,True,False,High
USA,Small,Consumer Services,Travel & Leisure,"Ciales, PR, USA",,72039.0,PR,Name18107228,True,False,False,Low
USA,Small,Consumer Services,Travel & Leisure,"Ciales, PR, USA",,72039.0,PR,Name18107229,True,False,False,High
USA,Small,Consumer Services,Travel & Leisure,"Ciales, PR, USA",,72039.0,PR,Name18107230,False,True,True,Low
USA,Small,Consumer Services,Media,"Ciales, PR, USA",,72039.0,PR,Name18107231,False,True,False,Medium
USA,Small,Consumer Services,Media,"Ciales, PR, USA",,72039.0,PR,Name18107232,True,False,False,High
USA,Small,Consumer Services,Media,"Ciales, PR, USA",,72039.0,PR,Name18107233,False,True,False,High
USA,Small,Consumer Services,Media,"Ciales, PR, USA",,72039.0,PR,Name18107234,True,True,False,High
USA,Small,Consumer Services,Media,"Ciales, PR, USA",,72039.0,PR,Name18107235,False,False,True,Severe
USA,Small,Consumer Services,Media,"Ciales, PR, USA",,72039.0,PR,Name18107236,True,True,False,Medium
USA,Small,Consumer Services,Media,"Ciales, PR, USA",,72039.0,PR,Name18107237,False,False,True,Medium
USA,Small,Consumer Services,Media,"Ciales, PR, USA",,72039.0,PR,Name18107238,True,False,False,Medium
USA,Small,Consumer Services,Media,"Ciales, PR, USA",,72039.0,PR,Name18107239,False,False,True,Severe
USA,Small,Consumer Services,Media,"Ciales, PR, USA",,72039.0,PR,Name18107240,False,True,False,High
USA,Small,Consumer Services,Media,"Ciales, PR, USA",,72039.0,PR,Name18107241,True,True,False,Severe
USA,Small,Transportation,Airlines,"Ciales, PR, USA",,72039.0,PR,Name18107244,False,True,True,High
USA,Small,Transportation,Airlines,"Ciales, PR, USA",,72039.0,PR,Name18107245,False,True,True,Low
USA,Small,Transportation,Airlines,"Ciales, PR, USA",,72039.0,PR,Name18107246,True,True,False,Medium
USA,Small,Transportation,Airlines,"Ciales, PR, USA",,72039.0,PR,Name18107247,True,False,False,Low
USA,Small,Transportation,Airlines,"Ciales, PR, USA",,72039.0,PR,Name18107248,True,True,False,High
USA,Small,Transportation,Airlines,"Ciales, PR, USA",,72039.0,PR,Name18107249,True,True,False,High
USA,Small,Transportation,Airlines,"Ciales, PR, USA",,72039.0,PR,Name18107251,False,True,True,Low
USA,Small,Transportation,Airlines,"Ciales, PR, USA",,72039.0,PR,Name18107252,True,True,False,Medium
USA,Small,Transportation,Airlines,"Ciales, PR, USA",,72039.0,PR,Name18107253,True,True,False,Low
USA,Small,Transportation,Airlines,"Ciales, PR, USA",,72039.0,PR,Name18107254,True,True,False,Severe
USA,Small,Transportation,Airlines,"Ciales, PR, USA",,72039.0,PR,Name18107255,False,True,True,Medium
USA,Small,Transportation,Airlines,"Ciales, PR, USA",,72039.0,PR,Name18107256,False,True,False,High
USA,Small,Transportation,Airlines,"Ciales, PR, USA",,72039.0,PR,Name18107257,True,True,False,Severe
USA,Small,Transportation,Airlines,"Ciales, PR, USA",,72039.0,PR,Name18107258,True,False,False,Severe
USA,Small,Transportation,Airlines,"Ciales, PR, USA",,72039.0,PR,Name18107259,True,True,False,Low
USA,Small,Transportation,Airlines,"Ciales, PR, USA",,72039.0,PR,Name18107260,False,True,True,Medium
USA,Small,Transportation,Airlines,"Ciales, PR, USA",,72039.0,PR,Name18107261,True,True,False,Medium
USA,Small,Transportation,Airlines,"Ciales, PR, USA",,72039.0,PR,Name18107262,False,True,False,Low
USA,Small,Transportation,Airlines,"Ciales, PR, USA",,72039.0,PR,Name18107263,False,False,True,Medium
USA,Small,Transportation,Airlines,"Ciales, PR, USA",,72039.0,PR,Name18107264,False,True,False,Severe
USA,Small,Transportation,Airlines,"Ciales, PR, USA",,72039.0,PR,Name18107265,False,True,False,Medium
USA,Small,Transportation,Airlines,"Ciales, PR, USA",,72039.0,PR,Name18107266,False,True,True,Severe
USA,Small,Transportation,Airlines,"Ciales, PR, USA",,72039.0,PR,Name18107267,True,False,False,Low
USA,Small,Transportation,Airlines,"Ciales, PR, USA",,72039.0,PR,Name18107268,False,True,False,Severe
USA,Small,Transportation,Airlines,"Ciales, PR, USA",,72039.0,PR,Name18107269,False,True,False,Low
USA,Small,Transportation,Airlines,"Ciales, PR, USA",,72039.0,PR,Name18107270,True,False,False,Severe
USA,Small,Transportation,Airlines,"Ciales, PR, USA",,72039.0,PR,Name18107271,True,False,False,Medium
USA,Small,Transportation,Airlines,"Ciales, PR, USA",,72039.0,PR,Name18107272,False,True,False,Low
USA,Small,Transportation,Airlines,"Ciales, PR, USA",,72039.0,PR,Name18107273,True,True,False,Severe
USA,Small,Transportation,Airlines,"Ciales, PR, USA",,72039.0,PR,Name18107274,True,False,False,Low
USA,Small,Transportation,Airlines,"Ciales, PR, USA",,72039.0,PR,Name18107275,False,False,True,Medium
USA,Small,Transportation,Airlines,"Ciales, PR, USA",,72039.0,PR,Name18107276,False,True,False,High
USA,Small,Transportation,Airlines,"Ciales, PR, USA",,72039.0,PR,Name18107277,False,True,False,High
USA,Small,Transportation,Airlines,"Ciales, PR, USA",,72039.0,PR,Name18107278,False,False,True,Severe
USA,Small,Transportation,Airlines,"Ciales, PR, USA",,72039.0,PR,Name18107279,True,True,False,High
USA,Small,Transportation,Airlines,"Ciales, PR, USA",,72039.0,PR,Name18107280,True,False,False,High
USA,Small,Transportation,Airlines,"Ciales, PR, USA",,72039.0,PR,Name18107281,False,False,True,Low
USA,Small,Transportation,Airlines,"Ciales, PR, USA",,72039.0,PR,Name18107282,True,False,False,Low
USA,Small,Transportation,Airlines,"Ciales, PR, USA",,72039.0,PR,Name18107284,True,True,False,Low
USA,Small,Transportation,Airlines,"Ciales, PR, USA",,72039.0,PR,Name18107285,True,False,False,Low
USA,Small,Transportation,Airlines,"Ciales, PR, USA",,72039.0,PR,Name18107286,True,False,False,Medium
USA,Small,Transportation,Airlines,"Ciales, PR, USA",,72039.0,PR,Name18107287,True,True,False,Medium
USA,Small,Transportation,Airlines,"Ciales, PR, USA",,72039.0,PR,Name18107288,True,False,False,Low
USA,Small,Transportation,Airlines,"Ciales, PR, USA",,72039.0,PR,Name18107289,True,True,False,Medium
USA,Small,Transportation,Airlines,"Ciales, PR, USA",,72039.0,PR,Name18107290,False,True,False,Medium
USA,Small,Transportation,Railroads,"Ciales, PR, USA",,72039.0,PR,Name18107291,False,True,True,Medium
USA,Small,Transportation,Railroads,"Ciales, PR, USA",,72039.0,PR,Name18107293,False,False,True,Severe
USA,Small,Transportation,Railroads,"Ciales, PR, USA",,72039.0,PR,Name18107294,True,False,False,High
USA,Small,Transportation,Railroads,"Ciales, PR, USA",,72039.0,PR,Name18107295,True,False,False,Medium
USA,Small,Transportation,Railroads,"Ciales, PR, USA",,72039.0,PR,Name18107296,True,True,False,High
USA,Small,Transportation,Railroads,"Ciales, PR, USA",,72039.0,PR,Name18107297,False,False,True,High
USA,Small,Transportation,Railroads,"Ciales, PR, USA",,72039.0,PR,Name18107298,False,True,False,Medium
USA,Small,Transportation,Railroads,"Ciales, PR, USA",,72039.0,PR,Name18107301,True,True,False,High
USA,Small,Transportation,Railroads,"Ciales, PR, USA",,72039.0,PR,Name18107302,False,True,True,High
USA,Small,Transportation,Railroads,"Ciales, PR, USA",,72039.0,PR,Name18107303,True,False,False,Severe
USA,Small,Transportation,Railroads,"Ciales, PR, USA",,72039.0,PR,Name18107304,True,True,False,Medium
USA,Small,Transportation,Railroads,"Ciales, PR, USA",,72039.0,PR,Name18107305,True,True,False,Medium
USA,Small,Transportation,Railroads,"Ciales, PR, USA",,72039.0,PR,Name18107307,False,True,False,Medium
USA,Small,Transportation,Railroads,"Ciales, PR, USA",,72039.0,PR,Name18107308,False,False,True,Low
USA,Small,Transportation,Railroads,"Ciales, PR, USA",,72039.0,PR,Name18107310,False,True,False,Low
USA,Small,Transportation,Railroads,"Ciales, PR, USA",,72039.0,PR,Name18107311,True,False,False,Severe
USA,Small,Transportation,Railroads,"Ciales, PR, USA",,72039.0,PR,Name18107312,False,False,True,Severe
USA,Small,Transportation,Railroads,"Ciales, PR, USA",,72039.0,PR,Name18107313,False,True,False,Medium
USA,Small,Transportation,Railroads,"Ciales, PR, USA",,72039.0,PR,Name18107314,True,False,False,Medium
USA,Small,Transportation,Railroads,"Ciales, PR, USA",,72039.0,PR,Name18107315,True,True,False,Low
USA,Small,Transportation,Railroads,"Ciales, PR, USA",,72039.0,PR,Name18107316,False,True,False,Medium
USA,Small,Transportation,Railroads,"Ciales, PR, USA",,72039.0,PR,Name18107317,False,True,False,Severe
USA,Small,Transportation,Logistics,"Ciales, PR, USA",,72039.0,PR,Name18107318,False,True,True,Low
USA,Small,Transportation,Logistics,"Ciales, PR, USA",,72039.0,PR,Name18107319,True,False,False,High
USA,Small,Transportation,Logistics,"Ciales, PR, USA",,72039.0,PR,Name18107320,False,True,True,Medium
USA,Small,Transportation,Logistics,"Ciales, PR, USA",,72039.0,PR,Name18107321,False,True,True,Severe
USA,Small,Transportation,Logistics,"Ciales, PR, USA",,72039.0,PR,Name18107322,False,True,True,Medium
USA,Small,Transportation,Logistics,"Ciales, PR, USA",,72039.0,PR,Name18107323,True,False,False,Severe
USA,Small,Transportation,Logistics,"Ciales, PR, USA",,72039.0,PR,Name18107324,False,False,True,Low
USA,Small,Transportation,Logistics,"Ciales, PR, USA",,72039.0,PR,Name18107325,True,False,False,High
USA,Small,Transportation,Logistics,"Ciales, PR, USA",,72039.0,PR,Name18107326,True,False,False,Low
USA,Small,Transportation,Logistics,"Ciales, PR, USA",,72039.0,PR,Name18107327,True,True,False,Medium
USA,Small,Transportation,Logistics,"Ciales, PR, USA",,72039.0,PR,Name18107328,True,False,False,Severe
USA,Small,Transportation,Logistics,"Ciales, PR, USA",,72039.0,PR,Name18107330,True,False,False,Low
USA,Small,Transportation,Logistics,"Ciales, PR, USA",,72039.0,PR,Name18107331,True,True,False,Medium
USA,Small,Transportation,Logistics,"Ciales, PR, USA",,72039.0,PR,Name18107332,True,False,False,Medium
USA,Small,Transportation,Logistics,"Ciales, PR, USA",,72039.0,PR,Name18107333,True,False,False,Severe
USA,Small,Transportation,Logistics,"Ciales, PR, USA",,72039.0,PR,Name18107334,True,True,False,High
USA,Small,Transportation,Logistics,"Ciales, PR, USA",,72039.0,PR,Name18107335,False,True,True,Low
USA,Small,Transportation,Logistics,"Ciales, PR, USA",,72039.0,PR,Name18107338,True,True,False,Low
USA,Small,Transportation,Logistics,"Ciales, PR, USA",,72039.0,PR,Name18107339,True,True,False,High
USA,Small,Transportation,Logistics,"Ciales, PR, USA",,72039.0,PR,Name18107340,False,True,False,Medium
USA,Small,Transportation,Logistics,"Ciales, PR, USA",,72039.0,PR,Name18107341,False,True,False,Medium
USA,Small,Transportation,Logistics,"Ciales, PR, USA",,72039.0,PR,Name18107342,True,True,False,Low
USA,Small,Transportation,Logistics,"Ciales, PR, USA",,72039.0,PR,Name18107344,False,True,True,Severe
USA,Small,Transportation,Logistics,"Ciales, PR, USA",,72039.0,PR,Name18107345,True,True,False,Medium
USA,Small,Transportation,Logistics,"Ciales, PR, USA",,72039.0,PR,Name18107346,True,True,False,High
USA,Small,Transportation,Logistics,"Ciales, PR, USA",,72039.0,PR,Name18107347,False,True,True,Severe
USA,Small,Transportation,Logistics,"Ciales, PR, USA",,72039.0,PR,Name18107348,True,False,False,High
USA,Small,Transportation,Logistics,"Ciales, PR, USA",,72039.0,PR,Name18107349,False,False,True,High
USA,Small,Transportation,Logistics,"Ciales, PR, USA",,72039.0,PR,Name18107350,True,True,False,High
USA,Small,Transportation,Logistics,"Ciales, PR, USA",,72039.0,PR,Name18107351,True,True,False,Medium
USA,Small,Transportation,Logistics,"Ciales, PR, USA",,72039.0,PR,Name18107352,False,True,True,Severe
USA,Small,Transportation,Logistics,"Ciales, PR, USA",,72039.0,PR,Name18107353,True,False,False,Medium
USA,Small,Transportation,Logistics,"Ciales, PR, USA",,72039.0,PR,Name18107355,False,True,True,Severe
USA,Small,Transportation,Logistics,"Ciales, PR, USA",,72039.0,PR,Name18107356,False,False,True,Severe
USA,Small,Transportation,Logistics,"Ciales, PR, USA",,72039.0,PR,Name18107357,True,True,False,Low
USA,Small,Transportation,Logistics,"Ciales, PR, USA",,72039.0,PR,Name18107358,False,False,True,Low
USA,Micro,Technology,Software,"Ciales, PR, USA",,72039.0,PR,Name18107360,True,True,False,Low
USA,Micro,Technology,Software,"Ciales, PR, USA",,72039.0,PR,Name18107361,False,False,True,High
USA,Micro,Technology,Software,"Ciales, PR, USA",,72039.0,PR,Name18107362,False,True,True,Severe
USA,Micro,Technology,Software,"Ciales, PR, USA",,72039.0,PR,Name18107363,False,False,True,Severe
USA,Micro,Technology,Software,"Ciales, PR, USA",,72039.0,PR,Name18107364,False,False,True,Severe
USA,Micro,Technology,Software,"Ciales, PR, USA",,72039.0,PR,Name18107365,True,False,False,High
USA,Micro,Technology,Software,"Ciales, PR, USA",,72039.0,PR,Name18107366,True,True,False,Low
USA,Micro,Technology,Software,"Ciales, PR, USA",,72039.0,PR,Name18107367,True,True,False,Low
USA,Micro,Technology,Software,"Ciales, PR, USA",,72039.0,PR,Name18107368,False,True,False,Medium
USA,Micro,Technology,Software,"Ciales, PR, USA",,72039.0,PR,Name18107369,True,False,False,Severe
USA,Micro,Technology,Software,"Ciales, PR, USA",,72039.0,PR,Name18107370,False,False,True,High
USA,Micro,Technology,Software,"Ciales, PR, USA",,72039.0,PR,Name18107371,True,True,False,Medium
USA,Micro,Technology,Software,"Ciales, PR, USA",,72039.0,PR,Name18107372,False,False,True,Medium
USA,Micro,Technology,Software,"Ciales, PR, USA",,72039.0,PR,Name18107373,True,True,False,High
USA,Micro,Technology,Software,"Ciales, PR, USA",,72039.0,PR,Name18107374,False,True,True,Severe
USA,Micro,Technology,Software,"Ciales, PR, USA",,72039.0,PR,Name18107377,True,False,False,Low
USA,Micro,Technology,Software,"Ciales, PR, USA",,72039.0,PR,Name18107379,True,False,False,Medium
USA,Micro,Technology,Software,"Ciales, PR, USA",,72039.0,PR,Name18107380,True,False,False,High
USA,Micro,Technology,Software,"Ciales, PR, USA",,72039.0,PR,Name18107381,False,False,True,Low
USA,Micro,Technology,Software,"Ciales, PR, USA",,72039.0,PR,Name18107383,True,True,False,Medium
USA,Micro,Technology,Software,"Ciales, PR, USA",,72039.0,PR,Name18107384,True,False,False,High
USA,Micro,Technology,Software,"Ciales, PR, USA",,72039.0,PR,Name18107385,False,True,False,Medium
USA,Micro,Technology,Software,"Ciales, PR, USA",,72039.0,PR,Name18107386,True,True,False,Medium
USA,Micro,Technology,Software,"Ciales, PR, USA",,72039.0,PR,Name18107387,True,True,False,High
USA,Micro,Technology,Software,"Ciales, PR, USA",,72039.0,PR,Name18107388,True,True,False,Severe
USA,Micro,Technology,Software,"Ciales, PR, USA",,72039.0,PR,Name18107389,True,False,False,Medium
USA,Micro,Technology,Software,"Ciales, PR, USA",,72039.0,PR,Name18107390,True,False,False,Low
USA,Micro,Technology,Software,"Ciales, PR, USA",,72039.0,PR,Name18107391,True,False,False,Medium
USA,Micro,Technology,Software,"Ciales, PR, USA",,72039.0,PR,Name18107392,False,True,False,High
USA,Micro,Technology,Software,"Ciales, PR, USA",,72039.0,PR,Name18107393,True,True,False,Medium
USA,Micro,Technology,Software,"Ciales, PR, USA",,72039.0,PR,Name18107394,False,True,False,Severe
USA,Micro,Technology,Software,"Ciales, PR, USA",,72039.0,PR,Name18107395,True,False,False,Low
USA,Micro,Technology,Hardware,"Ciales, PR, USA",,72039.0,PR,Name18107397,True,True,False,Medium
USA,Micro,Technology,Hardware,"Ciales, PR, USA",,72039.0,PR,Name18107398,False,True,False,Low
USA,Micro,Technology,Hardware,"Ciales, PR, USA",,72039.0,PR,Name18107399,True,True,False,Low
USA,Micro,Technology,Hardware,"Ciales, PR, USA",,72039.0,PR,Name18107400,False,True,True,Severe
USA,Micro,Technology,Hardware,"Ciales, PR, USA",,72039.0,PR,Name18107401,False,True,True,Low
USA,Micro,Technology,Hardware,"Ciales, PR, USA",,72039.0,PR,Name18107402,True,True,False,Severe
USA,Micro,Technology,Hardware,"Ciales, PR, USA",,72039.0,PR,Name18107403,False,False,True,Low
USA,Micro,Technology,Hardware,"Ciales, PR, USA",,72039.0,PR,Name18107404,False,False,True,High
USA,Micro,Technology,Hardware,"Ciales, PR, USA",,72039.0,PR,Name18107405,True,False,False,High
USA,Micro,Technology,Hardware,"Ciales, PR, USA",,72039.0,PR,Name18107406,True,True,False,Severe
USA,Micro,Technology,Hardware,"Ciales, PR, USA",,72039.0,PR,Name18107407,True,False,False,Low
USA,Micro,Technology,Hardware,"Ciales, PR, USA",,72039.0,PR,Name18107409,True,False,False,Severe
USA,Micro,Technology,Hardware,"Ciales, PR, USA",,72039.0,PR,Name18107410,True,False,False,Severe
USA,Micro,Technology,Hardware,"Ciales, PR, USA",,72039.0,PR,Name18107411,True,False,False,Low
USA,Micro,Technology,Hardware,"Ciales, PR, USA",,72039.0,PR,Name18107412,False,False,True,Severe
USA,Micro,Technology,Hardware,"Ciales, PR, USA",,72039.0,PR,Name18107413,False,True,False,High
USA,Micro,Technology,Hardware,"Ciales, PR, USA",,72039.0,PR,Name18107414,False,True,True,Severe
USA,Micro,Technology,Hardware,"Ciales, PR, USA",,72039.0,PR,Name18107415,True,False,False,Severe
USA,Micro,Technology,Hardware,"Ciales, PR, USA",,72039.0,PR,Name18107416,True,True,False,Severe
USA,Micro,Technology,Hardware,"Ciales, PR, USA",,72039.0,PR,Name18107417,False,True,True,Low
USA,Micro,Technology,Hardware,"Ciales, PR, USA",,72039.0,PR,Name18107418,False,True,True,High
USA,Micro,Technology,Hardware,"Ciales, PR, USA",,72039.0,PR,Name18107420,False,False,True,Severe
USA,Micro,Technology,Hardware,"Ciales, PR, USA",,72039.0,PR,Name18107421,False,True,False,Medium
USA,Micro,Technology,Hardware,"Ciales, PR, USA",,72039.0,PR,Name18107422,True,True,False,High
USA,Micro,Technology,Hardware,"Ciales, PR, USA",,72039.0,PR,Name18107423,False,False,True,Low
USA,Micro,Technology,Hardware,"Ciales, PR, USA",,72039.0,PR,Name18107424,True,True,False,Medium
USA,Micro,Technology,Hardware,"Ciales, PR, USA",,72039.0,PR,Name18107425,True,True,False,Medium
USA,Micro,Technology,IT Services,"Ciales, PR, USA",,72039.0,PR,Name18107426,False,True,True,Low
USA,Micro,Technology,IT Services,"Ciales, PR, USA",,72039.0,PR,Name18107427,False,True,False,Severe
USA,Micro,Technology,IT Services,"Ciales, PR, USA",,72039.0,PR,Name18107428,False,True,False,Severe
USA,Micro,Technology,IT Services,"Ciales, PR, USA",,72039.0,PR,Name18107430,False,True,True,High
USA,Micro,Technology,IT Services,"Ciales, PR, USA",,72039.0,PR,Name18107431,True,True,False,Low
USA,Micro,Technology,IT Services,"Ciales, PR, USA",,72039.0,PR,Name18107432,True,True,False,High
USA,Micro,Technology,IT Services,"Ciales, PR, USA",,72039.0,PR,Name18107433,False,False,True,High
USA,Micro,Technology,IT Services,"Ciales, PR, USA",,72039.0,PR,Name18107435,False,True,True,High
USA,Micro,Technology,IT Services,"Ciales, PR, USA",,72039.0,PR,Name18107436,True,False,False,Medium
USA,Micro,Technology,IT Services,"Ciales, PR, USA",,72039.0,PR,Name18107439,False,False,True,Medium
USA,Micro,Technology,IT Services,"Ciales, PR, USA",,72039.0,PR,Name18107440,True,True,False,High
USA,Micro,Technology,IT Services,"Ciales, PR, USA",,72039.0,PR,Name18107441,False,True,False,Low
USA,Micro,Technology,IT Services,"Ciales, PR, USA",,72039.0,PR,Name18107442,True,False,False,Medium
USA,Micro,Technology,IT Services,"Ciales, PR, USA",,72039.0,PR,Name18107443,False,True,False,Low
USA,Micro,Technology,IT Services,"Ciales, PR, USA",,72039.0,PR,Name18107444,True,False,False,High
USA,Micro,Technology,IT Services,"Ciales, PR, USA",,72039.0,PR,Name18107445,True,True,False,High
USA,Micro,Technology,IT Services,"Ciales, PR, USA",,72039.0,PR,Name18107446,False,True,False,Low
USA,Micro,Technology,IT Services,"Ciales, PR, USA",,72039.0,PR,Name18107447,True,True,False,High
USA,Micro,Technology,IT Services,"Ciales, PR, USA",,72039.0,PR,Name18107448,False,False,True,Low
USA,Micro,Technology,IT Services,"Ciales, PR, USA",,72039.0,PR,Name18107449,False,True,False,Low
USA,Micro,Technology,IT Services,"Ciales, PR, USA",,72039.0,PR,Name18107450,True,False,False,High
USA,Micro,Technology,IT Services,"Ciales, PR, USA",,72039.0,PR,Name18107451,False,True,True,Medium
USA,Micro,Technology,IT Services,"Ciales, PR, USA",,72039.0,PR,Name18107453,False,False,True,Low
USA,Micro,Technology,IT Services,"Ciales, PR, USA",,72039.0,PR,Name18107454,True,False,False,Medium
USA,Micro,Technology,IT Services,"Ciales, PR, USA",,72039.0,PR,Name18107456,False,True,False,Medium
USA,Micro,Technology,IT Services,"Ciales, PR, USA",,72039.0,PR,Name18107457,False,False,True,Low
USA,Micro,Technology,IT Services,"Ciales, PR, USA",,72039.0,PR,Name18107458,True,True,False,Severe
USA,Micro,Technology,IT Services,"Ciales, PR, USA",,72039.0,PR,Name18107459,True,False,False,High
USA,Micro,Technology,IT Services,"Ciales, PR, USA",,72039.0,PR,Name18107460,False,True,True,Medium
USA,Micro,Technology,IT Services,"Ciales, PR, USA",,72039.0,PR,Name18107461,True,False,False,High
USA,Micro,Technology,IT Services,"Ciales, PR, USA",,72039.0,PR,Name18107462,False,True,False,High
USA,Micro,Technology,IT Services,"Ciales, PR, USA",,72039.0,PR,Name18107463,True,True,False,Low
USA,Micro,Healthcare,Pharmaceuticals,"Ciales, PR, USA",,72039.0,PR,Name18107464,True,False,False,Severe
USA,Micro,Healthcare,Pharmaceuticals,"Ciales, PR, USA",,72039.0,PR,Name18107465,True,False,False,Low
USA,Micro,Healthcare,Pharmaceuticals,"Ciales, PR, USA",,72039.0,PR,Name18107466,True,False,False,Medium
USA,Micro,Healthcare,Pharmaceuticals,"Ciales, PR, USA",,72039.0,PR,Name18107467,True,False,False,Low
USA,Micro,Healthcare,Pharmaceuticals,"Ciales, PR, USA",,72039.0,PR,Name18107468,False,False,True,High
USA,Micro,Healthcare,Pharmaceuticals,"Ciales, PR, USA",,72039.0,PR,Name18107469,False,False,True,Low
USA,Micro,Healthcare,Pharmaceuticals,"Ciales, PR, USA",,72039.0,PR,Name18107470,True,False,False,High
USA,Micro,Healthcare,Pharmaceuticals,"Ciales, PR, USA",,72039.0,PR,Name18107471,False,True,True,Severe
USA,Micro,Healthcare,Pharmaceuticals,"Ciales, PR, USA",,72039.0,PR,Name18107472,False,False,True,Low
USA,Micro,Healthcare,Pharmaceuticals,"Ciales, PR, USA",,72039.0,PR,Name18107473,True,True,False,Severe
USA,Micro,Healthcare,Pharmaceuticals,"Ciales, PR, USA",,72039.0,PR,Name18107474,True,False,False,Severe
USA,Micro,Healthcare,Pharmaceuticals,"Ciales, PR, USA",,72039.0,PR,Name18107475,True,False,False,Severe
USA,Micro,Healthcare,Pharmaceuticals,"Ciales, PR, USA",,72039.0,PR,Name18107476,False,False,True,Severe
USA,Micro,Healthcare,Pharmaceuticals,"Ciales, PR, USA",,72039.0,PR,Name18107477,True,False,False,Medium
USA,Micro,Healthcare,Pharmaceuticals,"Ciales, PR, USA",,72039.0,PR,Name18107478,True,True,False,Severe
USA,Micro,Healthcare,Pharmaceuticals,"Ciales, PR, USA",,72039.0,PR,Name18107479,False,False,True,Low
USA,Micro,Healthcare,Pharmaceuticals,"Ciales, PR, USA",,72039.0,PR,Name18107480,True,True,False,High
USA,Micro,Healthcare,Pharmaceuticals,"Ciales, PR, USA",,72039.0,PR,Name18107481,False,True,False,High
USA,Micro,Healthcare,Pharmaceuticals,"Ciales, PR, USA",,72039.0,PR,Name18107482,False,False,True,High
USA,Micro,Healthcare,Pharmaceuticals,"Ciales, PR, USA",,72039.0,PR,Name18107483,False,False,True,Medium
USA,Micro,Healthcare,Pharmaceuticals,"Ciales, PR, USA",,72039.0,PR,Name18107484,False,False,True,High
USA,Micro,Healthcare,Pharmaceuticals,"Ciales, PR, USA",,72039.0,PR,Name18107485,False,True,False,Medium
USA,Micro,Healthcare,Pharmaceuticals,"Ciales, PR, USA",,72039.0,PR,Name18107486,False,True,True,High
USA,Micro,Healthcare,Pharmaceuticals,"Ciales, PR, USA",,72039.0,PR,Name18107487,True,False,False,Medium
USA,Micro,Healthcare,Pharmaceuticals,"Ciales, PR, USA",,72039.0,PR,Name18107488,True,True,False,High
USA,Micro,Healthcare,Pharmaceuticals,"Ciales, PR, USA",,72039.0,PR,Name18107489,True,False,False,High
USA,Micro,Healthcare,Pharmaceuticals,"Ciales, PR, USA",,72039.0,PR,Name18107491,False,True,True,Low
USA,Micro,Healthcare,Pharmaceuticals,"Ciales, PR, USA",,72039.0,PR,Name18107492,True,True,False,Low
USA,Micro,Healthcare,Pharmaceuticals,"Ciales, PR, USA",,72039.0,PR,Name18107493,True,False,False,Severe
USA,Micro,Healthcare,Pharmaceuticals,"Ciales, PR, USA",,72039.0,PR,Name18107494,False,True,False,Severe
USA,Micro,Healthcare,Pharmaceuticals,"Ciales, PR, USA",,72039.0,PR,Name18107495,True,True,False,Medium
USA,Micro,Healthcare,Pharmaceuticals,"Ciales, PR, USA",,72039.0,PR,Name18107496,False,True,False,Medium
USA,Micro,Healthcare,Pharmaceuticals,"Ciales, PR, USA",,72039.0,PR,Name18107497,False,True,False,Severe
USA,Micro,Healthcare,Pharmaceuticals,"Ciales, PR, USA",,72039.0,PR,Name18107498,True,True,False,Low
USA,Micro,Healthcare,Pharmaceuticals,"Ciales, PR, USA",,72039.0,PR,Name18107499,True,True,False,Medium
USA,Micro,Healthcare,Pharmaceuticals,"Ciales, PR, USA",,72039.0,PR,Name18107500,False,True,False,Severe
USA,Micro,Healthcare,Pharmaceuticals,"Ciales, PR, USA",,72039.0,PR,Name18107501,False,False,True,Medium
USA,Micro,Healthcare,Pharmaceuticals,"Ciales, PR, USA",,72039.0,PR,Name18107502,False,True,False,High
USA,Micro,Healthcare,Pharmaceuticals,"Ciales, PR, USA",,72039.0,PR,Name18107503,True,True,False,High
USA,Micro,Healthcare,Pharmaceuticals,"Ciales, PR, USA",,72039.0,PR,Name18107504,True,False,False,Severe
USA,Micro,Healthcare,Pharmaceuticals,"Ciales, PR, USA",,72039.0,PR,Name18107505,True,True,False,Low
USA,Micro,Healthcare,Pharmaceuticals,"Ciales, PR, USA",,72039.0,PR,Name18107506,False,True,True,Severe
USA,Micro,Healthcare,Pharmaceuticals,"Ciales, PR, USA",,72039.0,PR,Name18107507,False,False,True,Low
USA,Micro,Healthcare,Pharmaceuticals,"Ciales, PR, USA",,72039.0,PR,Name18107508,False,False,True,Medium
USA,Micro,Healthcare,Medical Devices,"Ciales, PR, USA",,72039.0,PR,Name18107509,True,False,False,Medium
USA,Micro,Healthcare,Medical Devices,"Ciales, PR, USA",,72039.0,PR,Name18107510,False,False,True,Severe
USA,Micro,Healthcare,Medical Devices,"Ciales, PR, USA",,72039.0,PR,Name18107511,True,False,False,Low
USA,Micro,Healthcare,Medical Devices,"Ciales, PR, USA",,72039.0,PR,Name18107512,True,False,False,Medium
USA,Micro,Healthcare,Medical Devices,"Ciales, PR, USA",,72039.0,PR,Name18107514,False,False,True,Low
USA,Micro,Healthcare,Medical Devices,"Ciales, PR, USA",,72039.0,PR,Name18107515,True,True,False,High
USA,Micro,Healthcare,Medical Devices,"Ciales, PR, USA",,72039.0,PR,Name18107516,False,True,False,High
USA,Micro,Healthcare,Medical Devices,"Ciales, PR, USA",,72039.0,PR,Name18107517,True,True,False,Low
USA,Micro,Healthcare,Medical Devices,"Ciales, PR, USA",,72039.0,PR,Name18107518,False,True,False,Medium
USA,Micro,Healthcare,Medical Devices,"Ciales, PR, USA",,72039.0,PR,Name18107519,False,True,True,Severe
USA,Micro,Healthcare,Medical Devices,"Ciales, PR, USA",,72039.0,PR,Name18107520,True,True,False,High
USA,Micro,Healthcare,Medical Devices,"Ciales, PR, USA",,72039.0,PR,Name18107521,True,True,False,High
USA,Micro,Healthcare,Medical Devices,"Ciales, PR, USA",,72039.0,PR,Name18107522,False,True,True,Severe
USA,Micro,Healthcare,Medical Devices,"Ciales, PR, USA",,72039.0,PR,Name18107523,True,True,False,High
USA,Micro,Healthcare,Medical Devices,"Ciales, PR, USA",,72039.0,PR,Name18107524,True,True,False,Severe
USA,Micro,Healthcare,Medical Devices,"Ciales, PR, USA",,72039.0,PR,Name18107526,False,False,True,Severe
USA,Micro,Healthcare,Medical Devices,"Ciales, PR, USA",,72039.0,PR,Name18107528,False,True,True,Medium
USA,Micro,Healthcare,Medical Devices,"Ciales, PR, USA",,72039.0,PR,Name18107529,True,True,False,Severe
USA,Micro,Healthcare,Medical Devices,"Ciales, PR, USA",,72039.0,PR,Name18107530,False,False,True,Low
USA,Micro,Healthcare,Medical Devices,"Ciales, PR, USA",,72039.0,PR,Name18107531,False,True,True,Low
USA,Micro,Healthcare,Healthcare Services,"Ciales, PR, USA",,72039.0,PR,Name18107534,False,False,True,Severe
USA,Micro,Healthcare,Healthcare Services,"Ciales, PR, USA",,72039.0,PR,Name18107535,False,True,True,Low
USA,Micro,Healthcare,Healthcare Services,"Ciales, PR, USA",,72039.0,PR,Name18107536,True,True,False,High
USA,Micro,Healthcare,Healthcare Services,"Ciales, PR, USA",,72039.0,PR,Name18107537,False,True,True,Severe
USA,Micro,Healthcare,Healthcare Services,"Ciales, PR, USA",,72039.0,PR,Name18107538,False,True,False,Medium
USA,Micro,Healthcare,Healthcare Services,"Ciales, PR, USA",,72039.0,PR,Name18107539,False,True,False,Low
USA,Micro,Healthcare,Healthcare Services,"Ciales, PR, USA",,72039.0,PR,Name18107540,False,False,True,Medium
USA,Micro,Healthcare,Healthcare Services,"Ciales, PR, USA",,72039.0,PR,Name18107541,True,False,False,Medium
USA,Micro,Healthcare,Healthcare Services,"Ciales, PR, USA",,72039.0,PR,Name18107542,False,True,False,Severe
USA,Micro,Healthcare,Healthcare Services,"Ciales, PR, USA",,72039.0,PR,Name18107543,True,False,False,Low
USA,Micro,Healthcare,Healthcare Services,"Ciales, PR, USA",,72039.0,PR,Name18107545,False,False,True,High
USA,Micro,Healthcare,Healthcare Services,"Ciales, PR, USA",,72039.0,PR,Name18107546,False,True,True,Low
USA,Micro,Healthcare,Healthcare Services,"Ciales, PR, USA",,72039.0,PR,Name18107547,True,False,False,High
USA,Micro,Healthcare,Healthcare Services,"Ciales, PR, USA",,72039.0,PR,Name18107548,True,True,False,Severe
USA,Micro,Healthcare,Healthcare Services,"Ciales, PR, USA",,72039.0,PR,Name18107550,False,True,False,High
USA,Micro,Healthcare,Healthcare Services,"Ciales, PR, USA",,72039.0,PR,Name18107551,False,False,True,Medium
USA,Micro,Healthcare,Healthcare Services,"Ciales, PR, USA",,72039.0,PR,Name18107552,False,True,False,Medium
USA,Micro,Healthcare,Healthcare Services,"Ciales, PR, USA",,72039.0,PR,Name18107553,False,True,True,Severe
USA,Micro,Healthcare,Healthcare Services,"Ciales, PR, USA",,72039.0,PR,Name18107554,False,True,False,Severe
USA,Micro,Healthcare,Healthcare Services,"Ciales, PR, USA",,72039.0,PR,Name18107555,True,True,False,High
USA,Micro,Healthcare,Healthcare Services,"Ciales, PR, USA",,72039.0,PR,Name18107557,True,True,False,Medium
USA,Micro,Healthcare,Healthcare Services,"Ciales, PR, USA",,72039.0,PR,Name18107558,True,True,False,High
USA,Micro,Healthcare,Healthcare Services,"Ciales, PR, USA",,72039.0,PR,Name18107559,True,True,False,High
USA,Micro,Healthcare,Healthcare Services,"Ciales, PR, USA",,72039.0,PR,Name18107560,False,False,True,Medium
USA,Micro,Healthcare,Healthcare Services,"Ciales, PR, USA",,72039.0,PR,Name18107561,True,False,False,Low
USA,Micro,Healthcare,Healthcare Services,"Ciales, PR, USA",,72039.0,PR,Name18107563,False,True,True,High
USA,Micro,Healthcare,Healthcare Services,"Ciales, PR, USA",,72039.0,PR,Name18107564,False,False,True,Medium
USA,Micro,Healthcare,Healthcare Services,"Ciales, PR, USA",,72039.0,PR,Name18107565,True,False,False,Low
USA,Micro,Healthcare,Healthcare Services,"Ciales, PR, USA",,72039.0,PR,Name18107566,True,True,False,Severe
USA,Micro,Healthcare,Healthcare Services,"Ciales, PR, USA",,72039.0,PR,Name18107567,False,False,True,High
USA,Micro,Healthcare,Healthcare Services,"Ciales, PR, USA",,72039.0,PR,Name18107568,True,False,False,High
USA,Micro,Healthcare,Healthcare Services,"Ciales, PR, USA",,72039.0,PR,Name18107569,True,False,False,High
USA,Micro,Healthcare,Healthcare Services,"Ciales, PR, USA",,72039.0,PR,Name18107570,False,True,False,Medium
USA,Micro,Healthcare,Healthcare Services,"Ciales, PR, USA",,72039.0,PR,Name18107571,False,True,True,Medium
USA,Micro,Healthcare,Healthcare Services,"Ciales, PR, USA",,72039.0,PR,Name18107572,True,True,False,Medium
USA,Micro,Healthcare,Healthcare Services,"Ciales, PR, USA",,72039.0,PR,Name18107573,False,True,False,Severe
USA,Micro,Healthcare,Healthcare Services,"Ciales, PR, USA",,72039.0,PR,Name18107574,True,False,False,Medium
USA,Micro,Healthcare,Healthcare Services,"Ciales, PR, USA",,72039.0,PR,Name18107575,True,False,False,Medium
USA,Micro,Healthcare,Healthcare Services,"Ciales, PR, USA",,72039.0,PR,Name18107577,False,True,True,Low
USA,Micro,Healthcare,Healthcare Services,"Ciales, PR, USA",,72039.0,PR,Name18107578,True,True,False,High
USA,Micro,Healthcare,Healthcare Services,"Ciales, PR, USA",,72039.0,PR,Name18107579,True,False,False,Severe
USA,Micro,Healthcare,Healthcare Services,"Ciales, PR, USA",,72039.0,PR,Name18107580,True,True,False,High
USA,Micro,Healthcare,Healthcare Services,"Ciales, PR, USA",,72039.0,PR,Name18107581,False,True,False,High
USA,Micro,Healthcare,Healthcare Services,"Ciales, PR, USA",,72039.0,PR,Name18107582,True,False,False,High
USA,Micro,Finance,Banking,"Ciales, PR, USA",,72039.0,PR,Name18107583,True,False,False,Low
USA,Micro,Finance,Banking,"Ciales, PR, USA",,72039.0,PR,Name18107584,True,True,False,High
USA,Micro,Finance,Banking,"Ciales, PR, USA",,72039.0,PR,Name18107585,True,False,False,Low
USA,Micro,Finance,Banking,"Ciales, PR, USA",,72039.0,PR,Name18107586,False,True,False,High
USA,Micro,Finance,Banking,"Ciales, PR, USA",,72039.0,PR,Name18107587,True,True,False,Low
USA,Micro,Finance,Banking,"Ciales, PR, USA",,72039.0,PR,Name18107588,True,True,False,Severe
USA,Micro,Finance,Banking,"Ciales, PR, USA",,72039.0,PR,Name18107589,True,True,False,Low
USA,Micro,Finance,Banking,"Ciales, PR, USA",,72039.0,PR,Name18107590,False,True,True,Severe
USA,Micro,Finance,Banking,"Ciales, PR, USA",,72039.0,PR,Name18107591,True,True,False,Severe
USA,Micro,Finance,Banking,"Ciales, PR, USA",,72039.0,PR,Name18107592,False,True,False,Severe
USA,Micro,Finance,Banking,"Ciales, PR, USA",,72039.0,PR,Name18107593,False,True,False,High
USA,Micro,Finance,Banking,"Ciales, PR, USA",,72039.0,PR,Name18107594,False,True,False,Medium
USA,Micro,Finance,Banking,"Ciales, PR, USA",,72039.0,PR,Name18107595,True,True,False,Severe
USA,Micro,Finance,Banking,"Ciales, PR, USA",,72039.0,PR,Name18107596,True,True,False,Low
USA,Micro,Finance,Banking,"Ciales, PR, USA",,72039.0,PR,Name18107597,False,False,True,Severe
USA,Micro,Finance,Banking,"Ciales, PR, USA",,72039.0,PR,Name18107598,False,True,True,High
USA,Micro,Finance,Banking,"Ciales, PR, USA",,72039.0,PR,Name18107599,True,True,False,High
USA,Micro,Finance,Banking,"Ciales, PR, USA",,72039.0,PR,Name18107600,False,True,True,Severe
USA,Micro,Finance,Banking,"Ciales, PR, USA",,72039.0,PR,Name18107601,False,False,True,Medium
USA,Micro,Finance,Banking,"Ciales, PR, USA",,72039.0,PR,Name18107602,True,False,False,Medium
USA,Micro,Finance,Banking,"Ciales, PR, USA",,72039.0,PR,Name18107603,True,False,False,Severe
USA,Micro,Finance,Banking,"Ciales, PR, USA",,72039.0,PR,Name18107604,True,False,False,High
USA,Micro,Finance,Banking,"Ciales, PR, USA",,72039.0,PR,Name18107605,False,False,True,Severe
USA,Micro,Finance,Banking,"Ciales, PR, USA",,72039.0,PR,Name18107606,False,False,True,High
USA,Micro,Finance,Banking,"Ciales, PR, USA",,72039.0,PR,Name18107607,False,True,False,Severe
USA,Micro,Finance,Banking,"Ciales, PR, USA",,72039.0,PR,Name18107608,False,True,False,Low
USA,Micro,Finance,Banking,"Ciales, PR, USA",,72039.0,PR,Name18107609,True,True,False,Severe
USA,Micro,Finance,Banking,"Ciales, PR, USA",,72039.0,PR,Name18107610,True,True,False,Low
USA,Micro,Finance,Banking,"Ciales, PR, USA",,72039.0,PR,Name18107611,True,True,False,Medium
USA,Micro,Finance,Banking,"Ciales, PR, USA",,72039.0,PR,Name18107612,True,True,False,Medium
USA,Micro,Finance,Banking,"Ciales, PR, USA",,72039.0,PR,Name18107614,False,True,True,Medium
USA,Micro,Finance,Banking,"Ciales, PR, USA",,72039.0,PR,Name18107615,False,True,True,Medium
USA,Micro,Finance,Banking,"Ciales, PR, USA",,72039.0,PR,Name18107616,True,False,False,Medium
USA,Micro,Finance,Banking,"Ciales, PR, USA",,72039.0,PR,Name18107617,False,True,True,Medium
USA,Micro,Finance,Banking,"Ciales, PR, USA",,72039.0,PR,Name18107618,True,True,False,Severe
USA,Micro,Finance,Banking,"Ciales, PR, USA",,72039.0,PR,Name18107619,True,True,False,Low
USA,Micro,Finance,Banking,"Ciales, PR, USA",,72039.0,PR,Name18107620,False,True,False,Severe
USA,Micro,Finance,Insurance,"Ciales, PR, USA",,72039.0,PR,Name18107621,True,True,False,High
USA,Micro,Finance,Insurance,"Ciales, PR, USA",,72039.0,PR,Name18107622,False,True,True,Severe
USA,Micro,Finance,Insurance,"Ciales, PR, USA",,72039.0,PR,Name18107623,True,True,False,Medium
USA,Micro,Finance,Insurance,"Ciales, PR, USA",,72039.0,PR,Name18107624,True,True,False,Low
USA,Micro,Finance,Insurance,"Ciales, PR, USA",,72039.0,PR,Name18107625,False,False,True,Severe
USA,Micro,Finance,Insurance,"Ciales, PR, USA",,72039.0,PR,Name18107626,True,False,False,Severe
USA,Micro,Finance,Insurance,"Ciales, PR, USA",,72039.0,PR,Name18107627,False,True,True,Severe
USA,Micro,Finance,Insurance,"Ciales, PR, USA",,72039.0,PR,Name18107628,True,False,False,High
USA,Micro,Finance,Insurance,"Ciales, PR, USA",,72039.0,PR,Name18107629,False,True,True,Low
USA,Micro,Finance,Investment Services,"Ciales, PR, USA",,72039.0,PR,Name18107631,False,False,True,Medium
USA,Micro,Finance,Investment Services,"Ciales, PR, USA",,72039.0,PR,Name18107632,True,False,False,Low
USA,Micro,Finance,Investment Services,"Ciales, PR, USA",,72039.0,PR,Name18107633,False,True,True,High
USA,Micro,Finance,Investment Services,"Ciales, PR, USA",,72039.0,PR,Name18107634,True,True,False,Severe
USA,Micro,Finance,Investment Services,"Ciales, PR, USA",,72039.0,PR,Name18107635,False,True,True,Low
USA,Micro,Finance,Investment Services,"Ciales, PR, USA",,72039.0,PR,Name18107636,True,False,False,Medium
USA,Micro,Finance,Investment Services,"Ciales, PR, USA",,72039.0,PR,Name18107637,False,False,True,High
USA,Micro,Finance,Investment Services,"Ciales, PR, USA",,72039.0,PR,Name18107638,False,True,False,High
USA,Micro,Finance,Investment Services,"Ciales, PR, USA",,72039.0,PR,Name18107639,True,False,False,Low
USA,Micro,Finance,Investment Services,"Ciales, PR, USA",,72039.0,PR,Name18107640,True,False,False,Severe
USA,Micro,Finance,Investment Services,"Ciales, PR, USA",,72039.0,PR,Name18107641,False,False,True,High
USA,Micro,Finance,Investment Services,"Ciales, PR, USA",,72039.0,PR,Name18107642,False,False,True,High
USA,Micro,Finance,Investment Services,"Ciales, PR, USA",,72039.0,PR,Name18107643,False,True,True,Severe
USA,Micro,Energy,Oil & Gas,"Ciales, PR, USA",,72039.0,PR,Name18107644,False,True,False,Low
USA,Micro,Energy,Oil & Gas,"Ciales, PR, USA",,72039.0,PR,Name18107646,False,True,False,Severe
USA,Micro,Energy,Oil & Gas,"Ciales, PR, USA",,72039.0,PR,Name18107647,False,False,True,Low
USA,Micro,Energy,Oil & Gas,"Ciales, PR, USA",,72039.0,PR,Name18107648,True,True,False,Medium
USA,Micro,Energy,Oil & Gas,"Ciales, PR, USA",,72039.0,PR,Name18107649,True,True,False,High
USA,Micro,Energy,Oil & Gas,"Ciales, PR, USA",,72039.0,PR,Name18107650,False,True,False,Low
USA,Micro,Energy,Oil & Gas,"Ciales, PR, USA",,72039.0,PR,Name18107653,True,True,False,Low
USA,Micro,Energy,Oil & Gas,"Ciales, PR, USA",,72039.0,PR,Name18107654,True,True,False,Low
USA,Micro,Energy,Oil & Gas,"Ciales, PR, USA",,72039.0,PR,Name18107656,False,False,True,Severe
USA,Micro,Energy,Oil & Gas,"Ciales, PR, USA",,72039.0,PR,Name18107657,True,False,False,Medium
USA,Micro,Energy,Oil & Gas,"Ciales, PR, USA",,72039.0,PR,Name18107658,False,True,False,High
USA,Micro,Energy,Oil & Gas,"Ciales, PR, USA",,72039.0,PR,Name18107659,False,True,True,Low
USA,Micro,Energy,Oil & Gas,"Ciales, PR, USA",,72039.0,PR,Name18107660,True,False,False,Severe
USA,Micro,Energy,Oil & Gas,"Ciales, PR, USA",,72039.0,PR,Name18107661,True,False,False,High
USA,Micro,Energy,Oil & Gas,"Ciales, PR, USA",,72039.0,PR,Name18107662,False,True,False,Severe
USA,Micro,Energy,Oil & Gas,"Ciales, PR, USA",,72039.0,PR,Name18107663,True,True,False,Low
USA,Micro,Energy,Oil & Gas,"Ciales, PR, USA",,72039.0,PR,Name18107664,True,True,False,Severe
USA,Micro,Energy,Oil & Gas,"Ciales, PR, USA",,72039.0,PR,Name18107665,True,True,False,High
USA,Micro,Energy,Oil & Gas,"Ciales, PR, USA",,72039.0,PR,Name18107666,True,True,False,Medium
USA,Micro,Energy,Oil & Gas,"Ciales, PR, USA",,72039.0,PR,Name18107668,True,True,False,Low
USA,Micro,Energy,Oil & Gas,"Ciales, PR, USA",,72039.0,PR,Name18107669,True,False,False,Low
USA,Micro,Energy,Oil & Gas,"Ciales, PR, USA",,72039.0,PR,Name18107671,False,False,True,Medium
USA,Micro,Energy,Oil & Gas,"Ciales, PR, USA",,72039.0,PR,Name18107672,False,True,True,Severe
USA,Micro,Energy,Oil & Gas,"Ciales, PR, USA",,72039.0,PR,Name18107673,False,False,True,Medium
USA,Micro,Energy,Oil & Gas,"Ciales, PR, USA",,72039.0,PR,Name18107674,False,True,True,Severe
USA,Micro,Energy,Oil & Gas,"Ciales, PR, USA",,72039.0,PR,Name18107675,True,True,False,High
USA,Micro,Energy,Oil & Gas,"Ciales, PR, USA",,72039.0,PR,Name18107676,True,False,False,Medium
USA,Micro,Energy,Oil & Gas,"Ciales, PR, USA",,72039.0,PR,Name18107677,False,False,True,Low
USA,Micro,Energy,Oil & Gas,"Ciales, PR, USA",,72039.0,PR,Name18107678,False,False,True,Medium
USA,Micro,Energy,Oil & Gas,"Ciales, PR, USA",,72039.0,PR,Name18107679,False,True,False,Low
USA,Micro,Energy,Oil & Gas,"Ciales, PR, USA",,72039.0,PR,Name18107680,True,True,False,High
USA,Micro,Energy,Oil & Gas,"Ciales, PR, USA",,72039.0,PR,Name18107681,True,False,False,Low
USA,Micro,Energy,Oil & Gas,"Ciales, PR, USA",,72039.0,PR,Name18107682,True,True,False,Medium
USA,Micro,Energy,Oil & Gas,"Ciales, PR, USA",,72039.0,PR,Name18107683,True,True,False,Severe
USA,Micro,Energy,Oil & Gas,"Ciales, PR, USA",,72039.0,PR,Name18107684,False,True,False,Severe
USA,Micro,Energy,Renewable Energy,"Ciales, PR, USA",,72039.0,PR,Name18107685,False,True,False,High
USA,Micro,Energy,Renewable Energy,"Ciales, PR, USA",,72039.0,PR,Name18107686,True,True,False,High
USA,Micro,Energy,Renewable Energy,"Ciales, PR, USA",,72039.0,PR,Name18107687,False,True,False,High
USA,Micro,Energy,Renewable Energy,"Ciales, PR, USA",,72039.0,PR,Name18107688,False,True,False,Severe
USA,Micro,Energy,Renewable Energy,"Ciales, PR, USA",,72039.0,PR,Name18107689,False,False,True,Severe
USA,Micro,Energy,Renewable Energy,"Ciales, PR, USA",,72039.0,PR,Name18107690,True,False,False,Medium
USA,Micro,Energy,Renewable Energy,"Ciales, PR, USA",,72039.0,PR,Name18107691,False,True,False,Medium
USA,Micro,Energy,Renewable Energy,"Ciales, PR, USA",,72039.0,PR,Name18107692,False,True,True,Low
USA,Micro,Energy,Renewable Energy,"Ciales, PR, USA",,72039.0,PR,Name18107693,False,False,True,High
USA,Micro,Energy,Renewable Energy,"Ciales, PR, USA",,72039.0,PR,Name18107695,True,False,False,Low
USA,Micro,Energy,Renewable Energy,"Ciales, PR, USA",,72039.0,PR,Name18107697,False,True,True,Severe
USA,Micro,Energy,Renewable Energy,"Ciales, PR, USA",,72039.0,PR,Name18107698,False,False,True,Low
USA,Micro,Energy,Renewable Energy,"Ciales, PR, USA",,72039.0,PR,Name18107699,False,False,True,Severe
USA,Micro,Energy,Renewable Energy,"Ciales, PR, USA",,72039.0,PR,Name18107700,False,False,True,Low
USA,Micro,Energy,Renewable Energy,"Ciales, PR, USA",,72039.0,PR,Name18107701,True,False,False,Severe
USA,Micro,Energy,Renewable Energy,"Ciales, PR, USA",,72039.0,PR,Name18107702,True,True,False,High
USA,Micro,Energy,Renewable Energy,"Ciales, PR, USA",,72039.0,PR,Name18107703,True,True,False,Low
USA,Micro,Energy,Renewable Energy,"Ciales, PR, USA",,72039.0,PR,Name18107704,True,False,False,Low
USA,Micro,Energy,Renewable Energy,"Ciales, PR, USA",,72039.0,PR,Name18107705,True,False,False,Low
USA,Micro,Energy,Renewable Energy,"Ciales, PR, USA",,72039.0,PR,Name18107706,True,True,False,Severe
USA,Micro,Energy,Renewable Energy,"Ciales, PR, USA",,72039.0,PR,Name18107707,True,True,False,Severe
USA,Micro,Energy,Renewable Energy,"Ciales, PR, USA",,72039.0,PR,Name18107708,False,True,True,Severe
USA,Micro,Energy,Energy Exploration,"Ciales, PR, USA",,72039.0,PR,Name18107709,True,False,False,High
USA,Micro,Energy,Energy Exploration,"Ciales, PR, USA",,72039.0,PR,Name18107710,True,False,False,Low
USA,Micro,Energy,Energy Exploration,"Ciales, PR, USA",,72039.0,PR,Name18107711,True,False,False,Low
USA,Micro,Energy,Energy Exploration,"Ciales, PR, USA",,72039.0,PR,Name18107712,False,True,True,Medium
USA,Micro,Energy,Energy Exploration,"Ciales, PR, USA",,72039.0,PR,Name18107713,True,True,False,High
USA,Micro,Energy,Energy Exploration,"Ciales, PR, USA",,72039.0,PR,Name18107714,False,False,True,Medium
USA,Micro,Energy,Energy Exploration,"Ciales, PR, USA",,72039.0,PR,Name18107715,True,False,False,High
USA,Micro,Energy,Energy Exploration,"Ciales, PR, USA",,72039.0,PR,Name18107716,False,True,False,High
USA,Micro,Energy,Energy Exploration,"Ciales, PR, USA",,72039.0,PR,Name18107718,True,False,False,Low
USA,Micro,Energy,Energy Exploration,"Ciales, PR, USA",,72039.0,PR,Name18107719,True,True,False,Severe
USA,Micro,Energy,Energy Exploration,"Ciales, PR, USA",,72039.0,PR,Name18107720,False,False,True,Medium
USA,Micro,Energy,Energy Exploration,"Ciales, PR, USA",,72039.0,PR,Name18107721,False,False,True,High
USA,Micro,Energy,Energy Exploration,"Ciales, PR, USA",,72039.0,PR,Name18107722,True,True,False,Low
USA,Micro,Energy,Energy Exploration,"Ciales, PR, USA",,72039.0,PR,Name18107723,True,True,False,Medium
USA,Micro,Energy,Energy Exploration,"Ciales, PR, USA",,72039.0,PR,Name18107724,False,False,True,Severe
USA,Micro,Energy,Energy Exploration,"Ciales, PR, USA",,72039.0,PR,Name18107725,False,True,True,High
USA,Micro,Energy,Energy Exploration,"Ciales, PR, USA",,72039.0,PR,Name18107726,True,False,False,High
USA,Micro,Energy,Energy Exploration,"Ciales, PR, USA",,72039.0,PR,Name18107727,False,True,False,Low
USA,Micro,Energy,Energy Exploration,"Ciales, PR, USA",,72039.0,PR,Name18107728,False,False,True,Medium
USA,Micro,Energy,Energy Exploration,"Ciales, PR, USA",,72039.0,PR,Name18107729,False,False,True,Low
USA,Micro,Energy,Energy Exploration,"Ciales, PR, USA",,72039.0,PR,Name18107730,False,False,True,Low
USA,Micro,Energy,Energy Exploration,"Ciales, PR, USA",,72039.0,PR,Name18107731,False,False,True,Low
USA,Micro,Consumer Goods,Food & Beverage,"Ciales, PR, USA",,72039.0,PR,Name18107733,True,True,False,Low
USA,Micro,Consumer Goods,Food & Beverage,"Ciales, PR, USA",,72039.0,PR,Name18107734,False,True,True,High
USA,Micro,Consumer Goods,Food & Beverage,"Ciales, PR, USA",,72039.0,PR,Name18107735,False,False,True,Medium
USA,Micro,Consumer Goods,Food & Beverage,"Ciales, PR, USA",,72039.0,PR,Name18107736,True,False,False,Severe
USA,Micro,Consumer Goods,Food & Beverage,"Ciales, PR, USA",,72039.0,PR,Name18107737,True,True,False,Severe
USA,Micro,Consumer Goods,Food & Beverage,"Ciales, PR, USA",,72039.0,PR,Name18107738,False,True,True,Low
USA,Micro,Consumer Goods,Food & Beverage,"Ciales, PR, USA",,72039.0,PR,Name18107739,True,True,False,Low
USA,Micro,Consumer Goods,Food & Beverage,"Ciales, PR, USA",,72039.0,PR,Name18107740,True,False,False,Medium
USA,Micro,Consumer Goods,Food & Beverage,"Ciales, PR, USA",,72039.0,PR,Name18107741,False,True,False,Medium
USA,Micro,Consumer Goods,Food & Beverage,"Ciales, PR, USA",,72039.0,PR,Name18107742,True,False,False,Severe
USA,Micro,Consumer Goods,Food & Beverage,"Ciales, PR, USA",,72039.0,PR,Name18107743,False,True,True,Medium
USA,Micro,Consumer Goods,Food & Beverage,"Ciales, PR, USA",,72039.0,PR,Name18107744,True,True,False,Low
USA,Micro,Consumer Goods,Food & Beverage,"Ciales, PR, USA",,72039.0,PR,Name18107745,True,True,False,Severe
USA,Micro,Consumer Goods,Food & Beverage,"Ciales, PR, USA",,72039.0,PR,Name18107746,True,True,False,Severe
USA,Micro,Consumer Goods,Food & Beverage,"Ciales, PR, USA",,72039.0,PR,Name18107748,False,False,True,High
USA,Micro,Consumer Goods,Food & Beverage,"Ciales, PR, USA",,72039.0,PR,Name18107749,True,True,False,Medium
USA,Micro,Consumer Goods,Food & Beverage,"Ciales, PR, USA",,72039.0,PR,Name18107750,True,False,False,Low
USA,Micro,Consumer Goods,Food & Beverage,"Ciales, PR, USA",,72039.0,PR,Name18107751,False,True,False,High
USA,Micro,Consumer Goods,Food & Beverage,"Ciales, PR, USA",,72039.0,PR,Name18107752,True,False,False,High
USA,Micro,Consumer Goods,Food & Beverage,"Ciales, PR, USA",,72039.0,PR,Name18107753,True,False,False,Severe
USA,Micro,Consumer Goods,Food & Beverage,"Ciales, PR, USA",,72039.0,PR,Name18107754,False,True,True,High
USA,Micro,Consumer Goods,Food & Beverage,"Ciales, PR, USA",,72039.0,PR,Name18107755,False,True,True,High
USA,Micro,Consumer Goods,Food & Beverage,"Ciales, PR, USA",,72039.0,PR,Name18107756,True,False,False,High
USA,Micro,Consumer Goods,Food & Beverage,"Ciales, PR, USA",,72039.0,PR,Name18107757,True,True,False,Severe
USA,Micro,Consumer Goods,Food & Beverage,"Ciales, PR, USA",,72039.0,PR,Name18107758,True,False,False,Low
USA,Micro,Consumer Goods,Food & Beverage,"Ciales, PR, USA",,72039.0,PR,Name18107759,True,True,False,High
USA,Micro,Consumer Goods,Food & Beverage,"Ciales, PR, USA",,72039.0,PR,Name18107760,False,False,True,Severe
USA,Micro,Consumer Goods,Food & Beverage,"Ciales, PR, USA",,72039.0,PR,Name18107761,True,True,False,Medium
USA,Micro,Consumer Goods,Food & Beverage,"Ciales, PR, USA",,72039.0,PR,Name18107762,True,False,False,High
USA,Micro,Consumer Goods,Food & Beverage,"Ciales, PR, USA",,72039.0,PR,Name18107763,True,False,False,High
USA,Micro,Consumer Goods,Food & Beverage,"Ciales, PR, USA",,72039.0,PR,Name18107764,False,False,True,Low
USA,Micro,Consumer Goods,Food & Beverage,"Ciales, PR, USA",,72039.0,PR,Name18107765,True,True,False,Medium
USA,Micro,Consumer Goods,Food & Beverage,"Ciales, PR, USA",,72039.0,PR,Name18107766,True,True,False,Medium
USA,Micro,Consumer Goods,Food & Beverage,"Ciales, PR, USA",,72039.0,PR,Name18107767,True,False,False,Severe
USA,Micro,Consumer Goods,Food & Beverage,"Ciales, PR, USA",,72039.0,PR,Name18107768,True,False,False,Medium
USA,Micro,Consumer Goods,Food & Beverage,"Ciales, PR, USA",,72039.0,PR,Name18107769,False,True,False,Low
USA,Micro,Consumer Goods,Food & Beverage,"Ciales, PR, USA",,72039.0,PR,Name18107770,False,False,True,Low
USA,Micro,Consumer Goods,Food & Beverage,"Ciales, PR, USA",,72039.0,PR,Name18107771,True,False,False,Low
USA,Micro,Consumer Goods,Food & Beverage,"Ciales, PR, USA",,72039.0,PR,Name18107772,False,True,True,High
USA,Micro,Consumer Goods,Food & Beverage,"Ciales, PR, USA",,72039.0,PR,Name18107773,True,False,False,Severe
USA,Micro,Consumer Goods,Food & Beverage,"Ciales, PR, USA",,72039.0,PR,Name18107774,False,True,True,High
USA,Micro,Consumer Goods,Food & Beverage,"Ciales, PR, USA",,72039.0,PR,Name18107775,True,False,False,Medium
USA,Micro,Consumer Goods,Food & Beverage,"Ciales, PR, USA",,72039.0,PR,Name18107776,False,True,False,Low
USA,Micro,Consumer Goods,Household Products,"Ciales, PR, USA",,72039.0,PR,Name18107777,True,False,False,Severe
USA,Micro,Consumer Goods,Household Products,"Ciales, PR, USA",,72039.0,PR,Name18107778,False,True,True,High
USA,Micro,Consumer Goods,Household Products,"Ciales, PR, USA",,72039.0,PR,Name18107780,False,True,True,Low
USA,Micro,Consumer Goods,Household Products,"Ciales, PR, USA",,72039.0,PR,Name18107781,False,True,False,Medium
USA,Micro,Consumer Goods,Household Products,"Ciales, PR, USA",,72039.0,PR,Name18107783,False,True,False,Severe
USA,Micro,Consumer Goods,Household Products,"Ciales, PR, USA",,72039.0,PR,Name18107784,True,True,False,Low
USA,Micro,Consumer Goods,Household Products,"Ciales, PR, USA",,72039.0,PR,Name18107785,False,True,True,Medium
USA,Micro,Consumer Goods,Household Products,"Ciales, PR, USA",,72039.0,PR,Name18107786,True,True,False,Severe
USA,Micro,Consumer Goods,Household Products,"Ciales, PR, USA",,72039.0,PR,Name18107787,True,True,False,Severe
USA,Micro,Consumer Goods,Household Products,"Ciales, PR, USA",,72039.0,PR,Name18107788,True,False,False,High
USA,Micro,Consumer Goods,Household Products,"Ciales, PR, USA",,72039.0,PR,Name18107789,True,True,False,Medium
USA,Micro,Consumer Goods,Household Products,"Ciales, PR, USA",,72039.0,PR,Name18107790,True,True,False,Low
USA,Micro,Consumer Goods,Household Products,"Ciales, PR, USA",,72039.0,PR,Name18107792,False,True,True,Low
USA,Micro,Consumer Goods,Household Products,"Ciales, PR, USA",,72039.0,PR,Name18107793,True,True,False,High
USA,Micro,Consumer Goods,Household Products,"Ciales, PR, USA",,72039.0,PR,Name18107794,True,True,False,Medium
USA,Micro,Consumer Goods,Household Products,"Ciales, PR, USA",,72039.0,PR,Name18107797,True,False,False,High
USA,Micro,Consumer Goods,Household Products,"Ciales, PR, USA",,72039.0,PR,Name18107798,True,True,False,Medium
USA,Micro,Consumer Goods,Household Products,"Ciales, PR, USA",,72039.0,PR,Name18107799,False,False,True,Severe
USA,Micro,Consumer Goods,Household Products,"Ciales, PR, USA",,72039.0,PR,Name18107800,True,False,False,High
USA,Micro,Consumer Goods,Household Products,"Ciales, PR, USA",,72039.0,PR,Name18107801,True,True,False,Medium
USA,Micro,Consumer Goods,Household Products,"Ciales, PR, USA",,72039.0,PR,Name18107802,True,False,False,High
USA,Micro,Consumer Goods,Household Products,"Ciales, PR, USA",,72039.0,PR,Name18107803,True,False,False,High
USA,Micro,Consumer Goods,Household Products,"Ciales, PR, USA",,72039.0,PR,Name18107804,True,False,False,Low
USA,Micro,Consumer Goods,Household Products,"Ciales, PR, USA",,72039.0,PR,Name18107805,False,True,False,High
USA,Micro,Consumer Goods,Household Products,"Ciales, PR, USA",,72039.0,PR,Name18107806,True,False,False,Severe
USA,Micro,Consumer Goods,Household Products,"Ciales, PR, USA",,72039.0,PR,Name18107807,True,False,False,Severe
USA,Micro,Consumer Goods,Household Products,"Ciales, PR, USA",,72039.0,PR,Name18107808,True,True,False,High
USA,Micro,Consumer Goods,Household Products,"Ciales, PR, USA",,72039.0,PR,Name18107809,True,False,False,Low
USA,Micro,Consumer Goods,Household Products,"Ciales, PR, USA",,72039.0,PR,Name18107810,False,True,False,Medium
USA,Micro,Consumer Goods,Household Products,"Ciales, PR, USA",,72039.0,PR,Name18107811,False,False,True,Low
USA,Micro,Consumer Goods,Household Products,"Ciales, PR, USA",,72039.0,PR,Name18107812,True,False,False,Medium
USA,Micro,Consumer Goods,Household Products,"Ciales, PR, USA",,72039.0,PR,Name18107813,True,True,False,Severe
USA,Micro,Consumer Goods,Household Products,"Ciales, PR, USA",,72039.0,PR,Name18107814,True,False,False,Medium
USA,Micro,Consumer Goods,Household Products,"Ciales, PR, USA",,72039.0,PR,Name18107815,True,False,False,Low
USA,Micro,Consumer Goods,Household Products,"Ciales, PR, USA",,72039.0,PR,Name18107816,False,True,False,Low
USA,Micro,Consumer Goods,Household Products,"Ciales, PR, USA",,72039.0,PR,Name18107817,False,True,False,Severe
USA,Micro,Consumer Goods,Household Products,"Ciales, PR, USA",,72039.0,PR,Name18107818,True,True,False,High
USA,Micro,Consumer Goods,Household Products,"Ciales, PR, USA",,72039.0,PR,Name18107819,False,True,False,Severe
USA,Micro,Consumer Goods,Household Products,"Ciales, PR, USA",,72039.0,PR,Name18107820,False,True,False,Severe
USA,Micro,Consumer Goods,Household Products,"Ciales, PR, USA",,72039.0,PR,Name18107821,True,True,False,Medium
USA,Micro,Consumer Goods,Household Products,"Ciales, PR, USA",,72039.0,PR,Name18107822,True,False,False,Low
USA,Micro,Consumer Goods,Household Products,"Ciales, PR, USA",,72039.0,PR,Name18107823,False,False,True,High
USA,Micro,Consumer Goods,Apparel,"Ciales, PR, USA",,72039.0,PR,Name18107824,False,True,False,Medium
USA,Micro,Consumer Goods,Apparel,"Ciales, PR, USA",,72039.0,PR,Name18107825,False,True,False,Severe
USA,Micro,Consumer Goods,Apparel,"Ciales, PR, USA",,72039.0,PR,Name18107826,True,False,False,Low
USA,Micro,Consumer Goods,Apparel,"Ciales, PR, USA",,72039.0,PR,Name18107827,False,True,True,Low
USA,Micro,Consumer Goods,Apparel,"Ciales, PR, USA",,72039.0,PR,Name18107828,True,False,False,Low
USA,Micro,Consumer Goods,Apparel,"Ciales, PR, USA",,72039.0,PR,Name18107829,False,False,True,Medium
USA,Micro,Consumer Goods,Apparel,"Ciales, PR, USA",,72039.0,PR,Name18107830,False,True,True,Medium
USA,Micro,Consumer Goods,Apparel,"Ciales, PR, USA",,72039.0,PR,Name18107832,True,True,False,Low
USA,Micro,Consumer Goods,Apparel,"Ciales, PR, USA",,72039.0,PR,Name18107833,True,False,False,High
USA,Micro,Consumer Goods,Apparel,"Ciales, PR, USA",,72039.0,PR,Name18107834,True,True,False,Severe
USA,Micro,Consumer Goods,Apparel,"Ciales, PR, USA",,72039.0,PR,Name18107835,True,True,False,Medium
USA,Micro,Consumer Goods,Apparel,"Ciales, PR, USA",,72039.0,PR,Name18107836,True,True,False,High
USA,Micro,Consumer Goods,Apparel,"Ciales, PR, USA",,72039.0,PR,Name18107837,False,True,True,Low
USA,Micro,Consumer Goods,Apparel,"Ciales, PR, USA",,72039.0,PR,Name18107839,True,False,False,Low
USA,Micro,Utilities,Electric,"Ciales, PR, USA",,72039.0,PR,Name18107840,False,False,True,High
USA,Micro,Utilities,Electric,"Ciales, PR, USA",,72039.0,PR,Name18107841,False,True,False,Severe
USA,Micro,Utilities,Electric,"Ciales, PR, USA",,72039.0,PR,Name18107842,True,True,False,Low
USA,Micro,Utilities,Electric,"Ciales, PR, USA",,72039.0,PR,Name18107843,False,False,True,High
USA,Micro,Utilities,Electric,"Ciales, PR, USA",,72039.0,PR,Name18107844,False,True,True,Medium
USA,Micro,Utilities,Electric,"Ciales, PR, USA",,72039.0,PR,Name18107845,True,False,False,Severe
USA,Micro,Utilities,Electric,"Ciales, PR, USA",,72039.0,PR,Name18107846,True,True,False,Low
USA,Micro,Utilities,Electric,"Ciales, PR, USA",,72039.0,PR,Name18107847,False,True,False,Low
USA,Micro,Utilities,Electric,"Ciales, PR, USA",,72039.0,PR,Name18107849,True,True,False,Medium
USA,Micro,Utilities,Electric,"Ciales, PR, USA",,72039.0,PR,Name18107850,False,True,False,Severe
USA,Micro,Utilities,Electric,"Ciales, PR, USA",,72039.0,PR,Name18107851,True,False,False,Severe
USA,Micro,Utilities,Electric,"Ciales, PR, USA",,72039.0,PR,Name18107852,False,False,True,Severe
USA,Micro,Utilities,Electric,"Ciales, PR, USA",,72039.0,PR,Name18107853,True,False,False,Severe
USA,Micro,Utilities,Water,"Ciales, PR, USA",,72039.0,PR,Name18107854,False,False,True,Severe
USA,Micro,Utilities,Water,"Ciales, PR, USA",,72039.0,PR,Name18107855,True,False,False,High
USA,Micro,Utilities,Water,"Ciales, PR, USA",,72039.0,PR,Name18107856,True,True,False,Severe
USA,Micro,Utilities,Water,"Ciales, PR, USA",,72039.0,PR,Name18107857,False,True,False,Medium
USA,Micro,Utilities,Water,"Ciales, PR, USA",,72039.0,PR,Name18107858,False,True,True,Severe
USA,Micro,Utilities,Gas,"Ciales, PR, USA",,72039.0,PR,Name18107859,True,False,False,High
USA,Micro,Utilities,Gas,"Ciales, PR, USA",,72039.0,PR,Name18107861,True,False,False,Medium
USA,Micro,Utilities,Gas,"Ciales, PR, USA",,72039.0,PR,Name18107862,True,False,False,High
USA,Micro,Utilities,Gas,"Ciales, PR, USA",,72039.0,PR,Name18107867,False,True,True,High
USA,Micro,Utilities,Gas,"Ciales, PR, USA",,72039.0,PR,Name18107868,True,True,False,High
USA,Micro,Utilities,Gas,"Ciales, PR, USA",,72039.0,PR,Name18107869,True,True,False,Severe
USA,Micro,Utilities,Gas,"Ciales, PR, USA",,72039.0,PR,Name18107870,False,True,False,High
USA,Micro,Utilities,Gas,"Ciales, PR, USA",,72039.0,PR,Name18107871,False,True,False,Severe
USA,Micro,Utilities,Gas,"Ciales, PR, USA",,72039.0,PR,Name18107872,False,True,False,Severe
USA,Micro,Utilities,Gas,"Ciales, PR, USA",,72039.0,PR,Name18107873,False,False,True,Low
USA,Micro,Utilities,Gas,"Ciales, PR, USA",,72039.0,PR,Name18107874,True,False,False,High
USA,Micro,Utilities,Gas,"Ciales, PR, USA",,72039.0,PR,Name18107875,False,False,True,Medium
USA,Micro,Utilities,Gas,"Ciales, PR, USA",,72039.0,PR,Name18107876,True,False,False,Medium
USA,Micro,Utilities,Gas,"Ciales, PR, USA",,72039.0,PR,Name18107877,False,True,True,Severe
USA,Micro,Utilities,Gas,"Ciales, PR, USA",,72039.0,PR,Name18107878,True,True,False,Medium
USA,Micro,Utilities,Gas,"Ciales, PR, USA",,72039.0,PR,Name18107879,True,True,False,Severe
USA,Micro,Utilities,Gas,"Ciales, PR, USA",,72039.0,PR,Name18107881,False,True,False,Medium
USA,Micro,Real Estate,Residential,"Ciales, PR, USA",,72039.0,PR,Name18107882,True,True,False,Low
USA,Micro,Real Estate,Residential,"Ciales, PR, USA",,72039.0,PR,Name18107883,True,False,False,Low
USA,Micro,Real Estate,Residential,"Ciales, PR, USA",,72039.0,PR,Name18107884,False,False,True,High
USA,Micro,Real Estate,Residential,"Ciales, PR, USA",,72039.0,PR,Name18107885,True,False,False,Low
USA,Micro,Real Estate,Residential,"Ciales, PR, USA",,72039.0,PR,Name18107886,False,False,True,High
USA,Micro,Real Estate,Residential,"Ciales, PR, USA",,72039.0,PR,Name18107887,False,True,False,High
USA,Micro,Real Estate,Residential,"Ciales, PR, USA",,72039.0,PR,Name18107889,False,False,True,Severe
USA,Micro,Real Estate,Residential,"Ciales, PR, USA",,72039.0,PR,Name18107890,True,True,False,High
USA,Micro,Real Estate,Residential,"Ciales, PR, USA",,72039.0,PR,Name18107891,False,True,False,Low
USA,Micro,Real Estate,Residential,"Ciales, PR, USA",,72039.0,PR,Name18107892,False,False,True,Medium
USA,Micro,Real Estate,Residential,"Ciales, PR, USA",,72039.0,PR,Name18107893,True,False,False,Medium
USA,Micro,Real Estate,Residential,"Ciales, PR, USA",,72039.0,PR,Name18107894,True,False,False,Severe
USA,Micro,Real Estate,Residential,"Ciales, PR, USA",,72039.0,PR,Name18107895,False,True,True,Low
USA,Micro,Real Estate,Residential,"Ciales, PR, USA",,72039.0,PR,Name18107896,True,False,False,Severe
USA,Micro,Real Estate,Residential,"Ciales, PR, USA",,72039.0,PR,Name18107897,True,True,False,Low
USA,Micro,Real Estate,Residential,"Ciales, PR, USA",,72039.0,PR,Name18107899,False,False,True,Severe
USA,Micro,Real Estate,Residential,"Ciales, PR, USA",,72039.0,PR,Name18107900,False,False,True,Severe
USA,Micro,Real Estate,Residential,"Ciales, PR, USA",,72039.0,PR,Name18107901,True,True,False,Low
USA,Micro,Real Estate,Residential,"Ciales, PR, USA",,72039.0,PR,Name18107903,True,False,False,Low
USA,Micro,Real Estate,Residential,"Ciales, PR, USA",,72039.0,PR,Name18107904,False,True,False,High
USA,Micro,Real Estate,Residential,"Ciales, PR, USA",,72039.0,PR,Name18107905,True,False,False,Low
USA,Micro,Real Estate,Residential,"Ciales, PR, USA",,72039.0,PR,Name18107906,False,True,False,Low
USA,Micro,Real Estate,Residential,"Ciales, PR, USA",,72039.0,PR,Name18107907,True,True,False,Severe
USA,Micro,Real Estate,Residential,"Ciales, PR, USA",,72039.0,PR,Name18107908,False,True,True,Medium
USA,Micro,Real Estate,Residential,"Ciales, PR, USA",,72039.0,PR,Name18107909,True,True,False,Low
USA,Micro,Real Estate,Residential,"Ciales, PR, USA",,72039.0,PR,Name18107910,True,False,False,Medium
USA,Micro,Real Estate,Residential,"Ciales, PR, USA",,72039.0,PR,Name18107911,True,True,False,Low
USA,Micro,Real Estate,Residential,"Ciales, PR, USA",,72039.0,PR,Name18107913,False,True,True,Medium
USA,Micro,Real Estate,Residential,"Ciales, PR, USA",,72039.0,PR,Name18107914,True,True,False,High
USA,Micro,Real Estate,Residential,"Ciales, PR, USA",,72039.0,PR,Name18107915,False,False,True,Medium
USA,Micro,Real Estate,Residential,"Ciales, PR, USA",,72039.0,PR,Name18107916,False,False,True,Medium
USA,Micro,Real Estate,Residential,"Ciales, PR, USA",,72039.0,PR,Name18107917,False,True,True,High
USA,Micro,Real Estate,Residential,"Ciales, PR, USA",,72039.0,PR,Name18107919,True,False,False,Low
USA,Micro,Real Estate,Residential,"Ciales, PR, USA",,72039.0,PR,Name18107920,True,False,False,Severe
USA,Micro,Real Estate,Residential,"Ciales, PR, USA",,72039.0,PR,Name18107921,False,False,True,Low
USA,Micro,Real Estate,Residential,"Ciales, PR, USA",,72039.0,PR,Name18107923,True,True,False,Medium
USA,Micro,Real Estate,Commercial,"Ciales, PR, USA",,72039.0,PR,Name18107924,True,True,False,Medium
USA,Micro,Real Estate,Commercial,"Ciales, PR, USA",,72039.0,PR,Name18107925,True,False,False,Medium
USA,Micro,Real Estate,Commercial,"Ciales, PR, USA",,72039.0,PR,Name18107926,False,False,True,Low
USA,Micro,Real Estate,Commercial,"Ciales, PR, USA",,72039.0,PR,Name18107927,True,True,False,Severe
USA,Micro,Real Estate,Commercial,"Ciales, PR, USA",,72039.0,PR,Name18107928,True,False,False,Medium
USA,Micro,Real Estate,Commercial,"Ciales, PR, USA",,72039.0,PR,Name18107929,False,True,False,Low
USA,Micro,Real Estate,Industrial,"Ciales, PR, USA",,72039.0,PR,Name18107931,False,True,True,High
USA,Micro,Real Estate,Industrial,"Ciales, PR, USA",,72039.0,PR,Name18107933,True,True,False,High
USA,Micro,Real Estate,Industrial,"Ciales, PR, USA",,72039.0,PR,Name18107935,True,True,False,Low
USA,Micro,Real Estate,Industrial,"Ciales, PR, USA",,72039.0,PR,Name18107936,True,True,False,Medium
USA,Micro,Real Estate,Industrial,"Ciales, PR, USA",,72039.0,PR,Name18107937,False,False,True,Medium
USA,Micro,Real Estate,Industrial,"Ciales, PR, USA",,72039.0,PR,Name18107938,True,False,False,Low
USA,Micro,Real Estate,Industrial,"Ciales, PR, USA",,72039.0,PR,Name18107939,False,True,True,Medium
USA,Micro,Real Estate,Industrial,"Ciales, PR, USA",,72039.0,PR,Name18107940,False,False,True,Medium
USA,Micro,Real Estate,Industrial,"Ciales, PR, USA",,72039.0,PR,Name18107941,True,True,False,Severe
USA,Micro,Real Estate,Industrial,"Ciales, PR, USA",,72039.0,PR,Name18107942,False,True,True,High
USA,Micro,Real Estate,Industrial,"Ciales, PR, USA",,72039.0,PR,Name18107943,False,True,False,High
USA,Micro,Real Estate,Industrial,"Ciales, PR, USA",,72039.0,PR,Name18107944,False,True,True,Severe
USA,Micro,Real Estate,Industrial,"Ciales, PR, USA",,72039.0,PR,Name18107945,True,True,False,Low
USA,Micro,Real Estate,Industrial,"Ciales, PR, USA",,72039.0,PR,Name18107946,False,False,True,Low
USA,Micro,Real Estate,Industrial,"Ciales, PR, USA",,72039.0,PR,Name18107948,True,False,False,Medium
USA,Micro,Real Estate,Industrial,"Ciales, PR, USA",,72039.0,PR,Name18107949,False,True,False,Severe
USA,Micro,Real Estate,Industrial,"Ciales, PR, USA",,72039.0,PR,Name18107950,True,True,False,High
USA,Micro,Real Estate,Industrial,"Ciales, PR, USA",,72039.0,PR,Name18107951,True,True,False,Low
USA,Micro,Real Estate,Industrial,"Ciales, PR, USA",,72039.0,PR,Name18107952,True,True,False,Severe
USA,Micro,Real Estate,Industrial,"Ciales, PR, USA",,72039.0,PR,Name18107953,False,True,False,High
USA,Micro,Telecommunications,Mobile,"Ciales, PR, USA",,72039.0,PR,Name18107954,True,True,False,Severe
USA,Micro,Telecommunications,Mobile,"Ciales, PR, USA",,72039.0,PR,Name18107955,False,True,False,High
USA,Micro,Telecommunications,Mobile,"Ciales, PR, USA",,72039.0,PR,Name18107956,True,True,False,Medium
USA,Micro,Telecommunications,Mobile,"Ciales, PR, USA",,72039.0,PR,Name18107957,True,False,False,Severe
USA,Micro,Telecommunications,Mobile,"Ciales, PR, USA",,72039.0,PR,Name18107958,True,False,False,Low
USA,Micro,Telecommunications,Mobile,"Ciales, PR, USA",,72039.0,PR,Name18107959,True,False,False,Severe
USA,Micro,Telecommunications,Mobile,"Ciales, PR, USA",,72039.0,PR,Name18107960,False,False,True,Low
USA,Micro,Telecommunications,Mobile,"Ciales, PR, USA",,72039.0,PR,Name18107961,True,True,False,Medium
USA,Micro,Telecommunications,Mobile,"Ciales, PR, USA",,72039.0,PR,Name18107962,True,False,False,Medium
USA,Micro,Telecommunications,Mobile,"Ciales, PR, USA",,72039.0,PR,Name18107963,True,True,False,Medium
USA,Micro,Telecommunications,Mobile,"Ciales, PR, USA",,72039.0,PR,Name18107965,False,False,True,High
USA,Micro,Telecommunications,Mobile,"Ciales, PR, USA",,72039.0,PR,Name18107966,True,True,False,Severe
USA,Micro,Telecommunications,Mobile,"Ciales, PR, USA",,72039.0,PR,Name18107967,False,True,False,Low
USA,Micro,Telecommunications,Mobile,"Ciales, PR, USA",,72039.0,PR,Name18107968,True,False,False,Medium
USA,Micro,Telecommunications,Mobile,"Ciales, PR, USA",,72039.0,PR,Name18107969,True,True,False,Severe
USA,Micro,Telecommunications,Mobile,"Ciales, PR, USA",,72039.0,PR,Name18107971,True,False,False,Medium
USA,Micro,Telecommunications,Mobile,"Ciales, PR, USA",,72039.0,PR,Name18107972,False,False,True,Severe
USA,Micro,Telecommunications,Mobile,"Ciales, PR, USA",,72039.0,PR,Name18107975,True,False,False,Low
USA,Micro,Telecommunications,Mobile,"Ciales, PR, USA",,72039.0,PR,Name18107978,False,True,True,Low
USA,Micro,Telecommunications,Mobile,"Ciales, PR, USA",,72039.0,PR,Name18107979,False,True,True,High
USA,Micro,Telecommunications,Mobile,"Ciales, PR, USA",,72039.0,PR,Name18107980,True,True,False,High
USA,Micro,Telecommunications,Mobile,"Ciales, PR, USA",,72039.0,PR,Name18107981,True,True,False,High
USA,Micro,Telecommunications,Mobile,"Ciales, PR, USA",,72039.0,PR,Name18107982,True,True,False,High
USA,Micro,Telecommunications,Broadband,"Ciales, PR, USA",,72039.0,PR,Name18107983,False,True,True,High
USA,Micro,Telecommunications,Broadband,"Ciales, PR, USA",,72039.0,PR,Name18107984,False,False,True,Severe
USA,Micro,Telecommunications,Broadband,"Ciales, PR, USA",,72039.0,PR,Name18107985,False,True,False,Medium
USA,Micro,Telecommunications,Broadband,"Ciales, PR, USA",,72039.0,PR,Name18107987,True,True,False,Medium
USA,Micro,Telecommunications,Broadband,"Ciales, PR, USA",,72039.0,PR,Name18107989,True,False,False,Low
USA,Micro,Telecommunications,Broadband,"Ciales, PR, USA",,72039.0,PR,Name18107990,False,False,True,Severe
USA,Micro,Telecommunications,Broadband,"Ciales, PR, USA",,72039.0,PR,Name18107992,True,True,False,High
USA,Micro,Telecommunications,Broadband,"Ciales, PR, USA",,72039.0,PR,Name18107993,True,True,False,Low
USA,Micro,Telecommunications,Broadband,"Ciales, PR, USA",,72039.0,PR,Name18107994,False,True,True,Severe
USA,Micro,Telecommunications,Broadband,"Ciales, PR, USA",,72039.0,PR,Name18107995,False,False,True,Medium
USA,Micro,Telecommunications,Broadband,"Ciales, PR, USA",,72039.0,PR,Name18107996,True,False,False,High
USA,Micro,Telecommunications,Broadband,"Ciales, PR, USA",,72039.0,PR,Name18107997,False,False,True,High
USA,Micro,Telecommunications,Broadband,"Ciales, PR, USA",,72039.0,PR,Name18107998,True,False,False,High
USA,Micro,Telecommunications,Broadband,"Ciales, PR, USA",,72039.0,PR,Name18107999,True,True,False,Low
USA,Micro,Telecommunications,Broadband,"Ciales, PR, USA",,72039.0,PR,Name18108000,False,True,False,Medium
USA,Micro,Telecommunications,Broadband,"Ciales, PR, USA",,72039.0,PR,Name18108002,True,False,False,High
USA,Micro,Telecommunications,Broadband,"Ciales, PR, USA",,72039.0,PR,Name18108003,True,False,False,Medium
USA,Micro,Telecommunications,Broadband,"Ciales, PR, USA",,72039.0,PR,Name18108004,False,True,True,High
USA,Micro,Telecommunications,Broadband,"Ciales, PR, USA",,72039.0,PR,Name18108005,True,True,False,Severe
USA,Micro,Telecommunications,Broadband,"Ciales, PR, USA",,72039.0,PR,Name18108006,True,False,False,High
USA,Micro,Telecommunications,Broadband,"Ciales, PR, USA",,72039.0,PR,Name18108007,False,True,False,Medium
USA,Micro,Telecommunications,Broadband,"Ciales, PR, USA",,72039.0,PR,Name18108008,False,False,True,Medium
USA,Micro,Telecommunications,Broadband,"Ciales, PR, USA",,72039.0,PR,Name18108009,False,True,True,High
USA,Micro,Telecommunications,Broadband,"Ciales, PR, USA",,72039.0,PR,Name18108010,False,True,False,Low
USA,Micro,Telecommunications,Broadband,"Ciales, PR, USA",,72039.0,PR,Name18108011,True,False,False,Low
USA,Micro,Telecommunications,Broadband,"Ciales, PR, USA",,72039.0,PR,Name18108012,True,False,False,High
USA,Micro,Telecommunications,Broadband,"Ciales, PR, USA",,72039.0,PR,Name18108013,False,True,False,Severe
USA,Micro,Telecommunications,Broadband,"Ciales, PR, USA",,72039.0,PR,Name18108014,False,False,True,Low
USA,Micro,Telecommunications,Satellite,"Ciales, PR, USA",,72039.0,PR,Name18108015,True,True,False,Severe
USA,Micro,Telecommunications,Satellite,"Ciales, PR, USA",,72039.0,PR,Name18108016,False,False,True,Severe
USA,Micro,Telecommunications,Satellite,"Ciales, PR, USA",,72039.0,PR,Name18108017,True,True,False,Medium
USA,Micro,Telecommunications,Satellite,"Ciales, PR, USA",,72039.0,PR,Name18108018,False,True,True,Medium
USA,Micro,Telecommunications,Satellite,"Ciales, PR, USA",,72039.0,PR,Name18108019,False,True,False,Medium
USA,Micro,Telecommunications,Satellite,"Ciales, PR, USA",,72039.0,PR,Name18108020,False,True,False,Severe
USA,Micro,Telecommunications,Satellite,"Ciales, PR, USA",,72039.0,PR,Name18108021,False,False,True,Medium
USA,Micro,Telecommunications,Satellite,"Ciales, PR, USA",,72039.0,PR,Name18108022,True,True,False,Medium
USA,Micro,Telecommunications,Satellite,"Ciales, PR, USA",,72039.0,PR,Name18108023,False,False,True,Severe
USA,Micro,Telecommunications,Satellite,"Ciales, PR, USA",,72039.0,PR,Name18108024,False,True,True,High
USA,Micro,Telecommunications,Satellite,"Ciales, PR, USA",,72039.0,PR,Name18108025,True,False,False,Low
USA,Micro,Telecommunications,Satellite,"Ciales, PR, USA",,72039.0,PR,Name18108026,True,True,False,Severe
USA,Micro,Telecommunications,Satellite,"Ciales, PR, USA",,72039.0,PR,Name18108027,True,True,False,Medium
USA,Micro,Telecommunications,Satellite,"Ciales, PR, USA",,72039.0,PR,Name18108029,False,False,True,Severe
USA,Micro,Telecommunications,Satellite,"Ciales, PR, USA",,72039.0,PR,Name18108030,True,True,False,Medium
USA,Micro,Telecommunications,Satellite,"Ciales, PR, USA",,72039.0,PR,Name18108031,True,False,False,Low
USA,Micro,Telecommunications,Satellite,"Ciales, PR, USA",,72039.0,PR,Name18108032,True,False,False,High
USA,Micro,Telecommunications,Satellite,"Ciales, PR, USA",,72039.0,PR,Name18108033,False,True,True,Severe
USA,Micro,Telecommunications,Satellite,"Ciales, PR, USA",,72039.0,PR,Name18108034,True,True,False,Severe
USA,Micro,Telecommunications,Satellite,"Ciales, PR, USA",,72039.0,PR,Name18108035,True,True,False,Severe
USA,Micro,Telecommunications,Satellite,"Ciales, PR, USA",,72039.0,PR,Name18108036,True,True,False,High
USA,Micro,Telecommunications,Satellite,"Ciales, PR, USA",,72039.0,PR,Name18108037,True,True,False,High
USA,Micro,Telecommunications,Satellite,"Ciales, PR, USA",,72039.0,PR,Name18108038,True,True,False,Severe
USA,Micro,Telecommunications,Satellite,"Ciales, PR, USA",,72039.0,PR,Name18108039,False,False,True,Low
USA,Micro,Telecommunications,Satellite,"Ciales, PR, USA",,72039.0,PR,Name18108040,False,False,True,Medium
USA,Micro,Telecommunications,Satellite,"Ciales, PR, USA",,72039.0,PR,Name18108041,True,True,False,Severe
USA,Micro,Telecommunications,Satellite,"Ciales, PR, USA",,72039.0,PR,Name18108042,True,False,False,High
USA,Micro,Telecommunications,Satellite,"Ciales, PR, USA",,72039.0,PR,Name18108043,False,True,True,Severe
USA,Micro,Telecommunications,Satellite,"Ciales, PR, USA",,72039.0,PR,Name18108044,False,False,True,Severe
USA,Micro,Telecommunications,Satellite,"Ciales, PR, USA",,72039.0,PR,Name18108045,False,False,True,Medium
USA,Micro,Telecommunications,Satellite,"Ciales, PR, USA",,72039.0,PR,Name18108046,True,True,False,High
USA,Micro,Telecommunications,Satellite,"Ciales, PR, USA",,72039.0,PR,Name18108047,True,False,False,Severe
USA,Micro,Materials,Chemicals,"Ciales, PR, USA",,72039.0,PR,Name18108048,False,False,True,High
USA,Micro,Materials,Chemicals,"Ciales, PR, USA",,72039.0,PR,Name18108049,True,False,False,Severe
USA,Micro,Materials,Chemicals,"Ciales, PR, USA",,72039.0,PR,Name18108050,True,False,False,Medium
USA,Micro,Materials,Chemicals,"Ciales, PR, USA",,72039.0,PR,Name18108051,False,True,False,Severe
USA,Micro,Materials,Chemicals,"Ciales, PR, USA",,72039.0,PR,Name18108052,True,False,False,Low
USA,Micro,Materials,Chemicals,"Ciales, PR, USA",,72039.0,PR,Name18108053,False,False,True,Medium
USA,Micro,Materials,Chemicals,"Ciales, PR, USA",,72039.0,PR,Name18108054,True,True,False,Low
USA,Micro,Materials,Chemicals,"Ciales, PR, USA",,72039.0,PR,Name18108055,True,False,False,Medium
USA,Micro,Materials,Chemicals,"Ciales, PR, USA",,72039.0,PR,Name18108057,True,True,False,Low
USA,Micro,Materials,Chemicals,"Ciales, PR, USA",,72039.0,PR,Name18108058,True,False,False,Severe
USA,Micro,Materials,Chemicals,"Ciales, PR, USA",,72039.0,PR,Name18108059,True,True,False,High
USA,Micro,Materials,Chemicals,"Ciales, PR, USA",,72039.0,PR,Name18108060,True,True,False,High
USA,Micro,Materials,Chemicals,"Ciales, PR, USA",,72039.0,PR,Name18108061,True,False,False,Low
USA,Micro,Materials,Chemicals,"Ciales, PR, USA",,72039.0,PR,Name18108063,False,False,True,Low
USA,Micro,Materials,Chemicals,"Ciales, PR, USA",,72039.0,PR,Name18108064,False,False,True,Severe
USA,Micro,Materials,Chemicals,"Ciales, PR, USA",,72039.0,PR,Name18108065,False,False,True,Medium
USA,Micro,Materials,Chemicals,"Ciales, PR, USA",,72039.0,PR,Name18108067,True,True,False,Medium
USA,Micro,Materials,Chemicals,"Ciales, PR, USA",,72039.0,PR,Name18108068,False,True,False,Medium
USA,Micro,Materials,Chemicals,"Ciales, PR, USA",,72039.0,PR,Name18108069,False,True,False,Low
USA,Micro,Materials,Chemicals,"Ciales, PR, USA",,72039.0,PR,Name18108070,True,True,False,Low
USA,Micro,Materials,Chemicals,"Ciales, PR, USA",,72039.0,PR,Name18108071,False,False,True,Severe
USA,Micro,Materials,Chemicals,"Ciales, PR, USA",,72039.0,PR,Name18108072,True,True,False,Severe
USA,Micro,Materials,Chemicals,"Ciales, PR, USA",,72039.0,PR,Name18108073,True,True,False,High
USA,Micro,Materials,Chemicals,"Ciales, PR, USA",,72039.0,PR,Name18108074,True,False,False,Severe
USA,Micro,Materials,Chemicals,"Ciales, PR, USA",,72039.0,PR,Name18108075,False,True,True,Severe
USA,Micro,Materials,Chemicals,"Ciales, PR, USA",,72039.0,PR,Name18108076,False,True,True,Medium
USA,Micro,Materials,Chemicals,"Ciales, PR, USA",,72039.0,PR,Name18108077,True,False,False,Severe
USA,Micro,Materials,Metals & Mining,"Ciales, PR, USA",,72039.0,PR,Name18108078,True,True,False,High
USA,Micro,Materials,Metals & Mining,"Ciales, PR, USA",,72039.0,PR,Name18108079,False,True,True,Low
USA,Micro,Materials,Metals & Mining,"Ciales, PR, USA",,72039.0,PR,Name18108080,False,False,True,Low
USA,Micro,Materials,Metals & Mining,"Ciales, PR, USA",,72039.0,PR,Name18108081,True,True,False,Medium
USA,Micro,Materials,Metals & Mining,"Ciales, PR, USA",,72039.0,PR,Name18108082,False,False,True,High
USA,Micro,Materials,Metals & Mining,"Ciales, PR, USA",,72039.0,PR,Name18108083,False,True,False,Low
USA,Micro,Materials,Metals & Mining,"Ciales, PR, USA",,72039.0,PR,Name18108084,True,False,False,Medium
USA,Micro,Materials,Metals & Mining,"Ciales, PR, USA",,72039.0,PR,Name18108085,False,False,True,Low
USA,Micro,Materials,Metals & Mining,"Ciales, PR, USA",,72039.0,PR,Name18108086,False,True,True,Medium
USA,Micro,Materials,Metals & Mining,"Ciales, PR, USA",,72039.0,PR,Name18108087,False,False,True,Medium
USA,Micro,Materials,Metals & Mining,"Ciales, PR, USA",,72039.0,PR,Name18108088,False,False,True,High
USA,Micro,Materials,Metals & Mining,"Ciales, PR, USA",,72039.0,PR,Name18108089,False,False,True,Low
USA,Micro,Materials,Metals & Mining,"Ciales, PR, USA",,72039.0,PR,Name18108090,True,True,False,Low
USA,Micro,Materials,Metals & Mining,"Ciales, PR, USA",,72039.0,PR,Name18108091,True,False,False,Severe
USA,Micro,Materials,Metals & Mining,"Ciales, PR, USA",,72039.0,PR,Name18108092,True,False,False,Low
USA,Micro,Materials,Metals & Mining,"Ciales, PR, USA",,72039.0,PR,Name18108093,True,False,False,Severe
USA,Micro,Materials,Metals & Mining,"Ciales, PR, USA",,72039.0,PR,Name18108094,True,True,False,High
USA,Micro,Materials,Metals & Mining,"Ciales, PR, USA",,72039.0,PR,Name18108095,False,True,False,High
USA,Micro,Materials,Construction Materials,"Ciales, PR, USA",,72039.0,PR,Name18108096,True,False,False,Low
USA,Micro,Materials,Construction Materials,"Ciales, PR, USA",,72039.0,PR,Name18108097,True,False,False,Low
USA,Micro,Materials,Construction Materials,"Ciales, PR, USA",,72039.0,PR,Name18108098,True,False,False,Severe
USA,Micro,Materials,Construction Materials,"Ciales, PR, USA",,72039.0,PR,Name18108099,True,True,False,Medium
USA,Micro,Materials,Construction Materials,"Ciales, PR, USA",,72039.0,PR,Name18108100,False,True,False,Severe
USA,Micro,Materials,Construction Materials,"Ciales, PR, USA",,72039.0,PR,Name18108101,True,False,False,Low
USA,Micro,Materials,Construction Materials,"Ciales, PR, USA",,72039.0,PR,Name18108102,False,True,False,Severe
USA,Micro,Materials,Construction Materials,"Ciales, PR, USA",,72039.0,PR,Name18108103,True,True,False,Severe
USA,Micro,Materials,Construction Materials,"Ciales, PR, USA",,72039.0,PR,Name18108104,False,False,True,Low
USA,Micro,Materials,Construction Materials,"Ciales, PR, USA",,72039.0,PR,Name18108105,True,False,False,Medium
USA,Micro,Materials,Construction Materials,"Ciales, PR, USA",,72039.0,PR,Name18108106,True,False,False,Severe
USA,Micro,Materials,Construction Materials,"Ciales, PR, USA",,72039.0,PR,Name18108107,False,False,True,Medium
USA,Micro,Materials,Construction Materials,"Ciales, PR, USA",,72039.0,PR,Name18108108,True,False,False,Severe
USA,Micro,Materials,Construction Materials,"Ciales, PR, USA",,72039.0,PR,Name18108109,False,True,True,High
USA,Micro,Materials,Construction Materials,"Ciales, PR, USA",,72039.0,PR,Name18108110,False,False,True,High
USA,Micro,Materials,Construction Materials,"Ciales, PR, USA",,72039.0,PR,Name18108111,False,False,True,Severe
USA,Micro,Materials,Construction Materials,"Ciales, PR, USA",,72039.0,PR,Name18108113,True,True,False,Low
USA,Micro,Materials,Construction Materials,"Ciales, PR, USA",,72039.0,PR,Name18108114,False,True,True,High
USA,Micro,Materials,Construction Materials,"Ciales, PR, USA",,72039.0,PR,Name18108115,True,True,False,Medium
USA,Micro,Materials,Construction Materials,"Ciales, PR, USA",,72039.0,PR,Name18108116,True,True,False,High
USA,Micro,Materials,Construction Materials,"Ciales, PR, USA",,72039.0,PR,Name18108117,True,True,False,Low
USA,Micro,Materials,Construction Materials,"Ciales, PR, USA",,72039.0,PR,Name18108118,True,True,False,Severe
USA,Micro,Materials,Construction Materials,"Ciales, PR, USA",,72039.0,PR,Name18108119,True,False,False,Medium
USA,Micro,Materials,Construction Materials,"Ciales, PR, USA",,72039.0,PR,Name18108120,False,True,True,Low
USA,Micro,Materials,Construction Materials,"Ciales, PR, USA",,72039.0,PR,Name18108121,True,True,False,Severe
USA,Micro,Materials,Construction Materials,"Ciales, PR, USA",,72039.0,PR,Name18108122,True,False,False,Medium
USA,Micro,Materials,Construction Materials,"Ciales, PR, USA",,72039.0,PR,Name18108123,False,True,True,Low
USA,Micro,Materials,Construction Materials,"Ciales, PR, USA",,72039.0,PR,Name18108124,True,True,False,Severe
USA,Micro,Materials,Construction Materials,"Ciales, PR, USA",,72039.0,PR,Name18108126,False,True,False,Medium
USA,Micro,Materials,Construction Materials,"Ciales, PR, USA",,72039.0,PR,Name18108128,False,True,True,Low
USA,Micro,Materials,Construction Materials,"Ciales, PR, USA",,72039.0,PR,Name18108129,True,True,False,High
USA,Micro,Materials,Construction Materials,"Ciales, PR, USA",,72039.0,PR,Name18108130,False,True,True,Low
USA,Micro,Materials,Construction Materials,"Ciales, PR, USA",,72039.0,PR,Name18108131,True,False,False,Medium
USA,Micro,Materials,Construction Materials,"Ciales, PR, USA",,72039.0,PR,Name18108132,False,True,True,High
USA,Micro,Materials,Construction Materials,"Ciales, PR, USA",,72039.0,PR,Name18108133,True,True,False,Low
USA,Micro,Materials,Construction Materials,"Ciales, PR, USA",,72039.0,PR,Name18108134,False,True,False,Low
USA,Micro,Materials,Construction Materials,"Ciales, PR, USA",,72039.0,PR,Name18108136,True,True,False,Severe
USA,Micro,Materials,Construction Materials,"Ciales, PR, USA",,72039.0,PR,Name18108137,True,False,False,Medium
USA,Micro,Materials,Construction Materials,"Ciales, PR, USA",,72039.0,PR,Name18108138,False,False,True,High
USA,Micro,Industrials,Aerospace & Defense,"Ciales, PR, USA",,72039.0,PR,Name18108139,True,True,False,Severe
USA,Micro,Industrials,Aerospace & Defense,"Ciales, PR, USA",,72039.0,PR,Name18108140,False,True,False,Low
USA,Micro,Industrials,Aerospace & Defense,"Ciales, PR, USA",,72039.0,PR,Name18108141,False,True,True,High
USA,Micro,Industrials,Aerospace & Defense,"Ciales, PR, USA",,72039.0,PR,Name18108143,True,False,False,Severe
USA,Micro,Industrials,Aerospace & Defense,"Ciales, PR, USA",,72039.0,PR,Name18108144,True,False,False,Low
USA,Micro,Industrials,Aerospace & Defense,"Ciales, PR, USA",,72039.0,PR,Name18108148,False,False,True,Severe
USA,Micro,Industrials,Aerospace & Defense,"Ciales, PR, USA",,72039.0,PR,Name18108149,True,True,False,Medium
USA,Micro,Industrials,Aerospace & Defense,"Ciales, PR, USA",,72039.0,PR,Name18108150,False,True,False,High
USA,Micro,Industrials,Aerospace & Defense,"Ciales, PR, USA",,72039.0,PR,Name18108152,False,False,True,Low
USA,Micro,Industrials,Aerospace & Defense,"Ciales, PR, USA",,72039.0,PR,Name18108154,True,False,False,High
USA,Micro,Industrials,Aerospace & Defense,"Ciales, PR, USA",,72039.0,PR,Name18108155,True,True,False,Medium
USA,Micro,Industrials,Aerospace & Defense,"Ciales, PR, USA",,72039.0,PR,Name18108156,False,False,True,Low
USA,Micro,Industrials,Aerospace & Defense,"Ciales, PR, USA",,72039.0,PR,Name18108157,True,True,False,Low
USA,Micro,Industrials,Aerospace & Defense,"Ciales, PR, USA",,72039.0,PR,Name18108158,False,True,False,Low
USA,Micro,Industrials,Aerospace & Defense,"Ciales, PR, USA",,72039.0,PR,Name18108159,False,True,True,Low
USA,Micro,Industrials,Aerospace & Defense,"Ciales, PR, USA",,72039.0,PR,Name18108160,True,False,False,Medium
USA,Micro,Industrials,Aerospace & Defense,"Ciales, PR, USA",,72039.0,PR,Name18108161,False,True,True,High
USA,Micro,Industrials,Aerospace & Defense,"Ciales, PR, USA",,72039.0,PR,Name18108162,True,False,False,High
USA,Micro,Industrials,Aerospace & Defense,"Ciales, PR, USA",,72039.0,PR,Name18108163,False,True,False,Severe
USA,Micro,Industrials,Aerospace & Defense,"Ciales, PR, USA",,72039.0,PR,Name18108165,False,True,False,High
USA,Micro,Industrials,Aerospace & Defense,"Ciales, PR, USA",,72039.0,PR,Name18108166,True,True,False,High
USA,Micro,Industrials,Aerospace & Defense,"Ciales, PR, USA",,72039.0,PR,Name18108167,True,True,False,Severe
USA,Micro,Industrials,Aerospace & Defense,"Ciales, PR, USA",,72039.0,PR,Name18108168,False,True,True,Medium
USA,Micro,Industrials,Aerospace & Defense,"Ciales, PR, USA",,72039.0,PR,Name18108169,False,True,True,Low
USA,Micro,Industrials,Aerospace & Defense,"Ciales, PR, USA",,72039.0,PR,Name18108170,True,False,False,High
USA,Micro,Industrials,Aerospace & Defense,"Ciales, PR, USA",,72039.0,PR,Name18108171,False,True,False,High
USA,Micro,Industrials,Aerospace & Defense,"Ciales, PR, USA",,72039.0,PR,Name18108172,True,True,False,Medium
USA,Micro,Industrials,Aerospace & Defense,"Ciales, PR, USA",,72039.0,PR,Name18108173,False,False,True,High
USA,Micro,Industrials,Machinery,"Ciales, PR, USA",,72039.0,PR,Name18108174,False,False,True,High
USA,Micro,Industrials,Machinery,"Ciales, PR, USA",,72039.0,PR,Name18108175,True,False,False,Low
USA,Micro,Industrials,Machinery,"Ciales, PR, USA",,72039.0,PR,Name18108176,True,True,False,Medium
USA,Micro,Industrials,Machinery,"Ciales, PR, USA",,72039.0,PR,Name18108177,False,False,True,Medium
USA,Micro,Industrials,Machinery,"Ciales, PR, USA",,72039.0,PR,Name18108178,True,False,False,Severe
USA,Micro,Industrials,Machinery,"Ciales, PR, USA",,72039.0,PR,Name18108179,True,True,False,Medium
USA,Micro,Industrials,Machinery,"Ciales, PR, USA",,72039.0,PR,Name18108180,True,True,False,Medium
USA,Micro,Industrials,Machinery,"Ciales, PR, USA",,72039.0,PR,Name18108181,False,True,True,Medium
USA,Micro,Industrials,Machinery,"Ciales, PR, USA",,72039.0,PR,Name18108182,False,True,False,Low
USA,Micro,Industrials,Machinery,"Ciales, PR, USA",,72039.0,PR,Name18108183,False,True,False,High
USA,Micro,Industrials,Machinery,"Ciales, PR, USA",,72039.0,PR,Name18108184,True,True,False,High
USA,Micro,Industrials,Machinery,"Ciales, PR, USA",,72039.0,PR,Name18108185,False,True,False,High
USA,Micro,Industrials,Industrial Services,"Ciales, PR, USA",,72039.0,PR,Name18108186,True,True,False,Severe
USA,Micro,Industrials,Industrial Services,"Ciales, PR, USA",,72039.0,PR,Name18108187,False,True,True,Severe
USA,Micro,Industrials,Industrial Services,"Ciales, PR, USA",,72039.0,PR,Name18108189,False,True,False,High
USA,Micro,Industrials,Industrial Services,"Ciales, PR, USA",,72039.0,PR,Name18108190,False,False,True,Low
USA,Micro,Industrials,Industrial Services,"Ciales, PR, USA",,72039.0,PR,Name18108191,False,False,True,Medium
USA,Micro,Industrials,Industrial Services,"Ciales, PR, USA",,72039.0,PR,Name18108192,True,False,False,Medium
USA,Micro,Industrials,Industrial Services,"Ciales, PR, USA",,72039.0,PR,Name18108193,False,True,False,High
USA,Micro,Industrials,Industrial Services,"Ciales, PR, USA",,72039.0,PR,Name18108194,True,True,False,High
USA,Micro,Industrials,Industrial Services,"Ciales, PR, USA",,72039.0,PR,Name18108195,False,True,False,High
USA,Micro,Industrials,Industrial Services,"Ciales, PR, USA",,72039.0,PR,Name18108196,False,False,True,Medium
USA,Micro,Industrials,Industrial Services,"Ciales, PR, USA",,72039.0,PR,Name18108197,True,False,False,Medium
USA,Micro,Industrials,Industrial Services,"Ciales, PR, USA",,72039.0,PR,Name18108198,False,False,True,Medium
USA,Micro,Industrials,Industrial Services,"Ciales, PR, USA",,72039.0,PR,Name18108199,True,False,False,Low
USA,Micro,Industrials,Industrial Services,"Ciales, PR, USA",,72039.0,PR,Name18108200,True,True,False,Severe
USA,Micro,Industrials,Industrial Services,"Ciales, PR, USA",,72039.0,PR,Name18108201,True,False,False,Medium
USA,Micro,Industrials,Industrial Services,"Ciales, PR, USA",,72039.0,PR,Name18108202,True,True,False,Medium
USA,Micro,Industrials,Industrial Services,"Ciales, PR, USA",,72039.0,PR,Name18108203,True,False,False,Low
USA,Micro,Industrials,Industrial Services,"Ciales, PR, USA",,72039.0,PR,Name18108204,True,False,False,Medium
USA,Micro,Industrials,Industrial Services,"Ciales, PR, USA",,72039.0,PR,Name18108205,True,True,False,Medium
USA,Micro,Industrials,Industrial Services,"Ciales, PR, USA",,72039.0,PR,Name18108207,False,True,True,Severe
USA,Micro,Industrials,Industrial Services,"Ciales, PR, USA",,72039.0,PR,Name18108208,True,True,False,Medium
USA,Micro,Industrials,Industrial Services,"Ciales, PR, USA",,72039.0,PR,Name18108209,False,True,False,Medium
USA,Micro,Industrials,Industrial Services,"Ciales, PR, USA",,72039.0,PR,Name18108210,False,False,True,Low
USA,Micro,Industrials,Industrial Services,"Ciales, PR, USA",,72039.0,PR,Name18108211,False,True,False,High
USA,Micro,Industrials,Industrial Services,"Ciales, PR, USA",,72039.0,PR,Name18108212,True,True,False,Medium
USA,Micro,Industrials,Industrial Services,"Ciales, PR, USA",,72039.0,PR,Name18108213,False,True,True,High
USA,Micro,Industrials,Industrial Services,"Ciales, PR, USA",,72039.0,PR,Name18108214,False,True,False,Medium
USA,Micro,Consumer Services,Retail,"Ciales, PR, USA",,72039.0,PR,Name18108216,True,False,False,Medium
USA,Micro,Consumer Services,Retail,"Ciales, PR, USA",,72039.0,PR,Name18108218,True,True,False,Medium
USA,Micro,Consumer Services,Retail,"Ciales, PR, USA",,72039.0,PR,Name18108219,True,False,False,High
USA,Micro,Consumer Services,Retail,"Ciales, PR, USA",,72039.0,PR,Name18108220,True,False,False,Medium
USA,Micro,Consumer Services,Retail,"Ciales, PR, USA",,72039.0,PR,Name18108222,False,False,True,Severe
USA,Micro,Consumer Services,Retail,"Ciales, PR, USA",,72039.0,PR,Name18108223,False,True,True,Severe
USA,Micro,Consumer Services,Retail,"Ciales, PR, USA",,72039.0,PR,Name18108224,False,False,True,High
USA,Micro,Consumer Services,Retail,"Ciales, PR, USA",,72039.0,PR,Name18108225,True,False,False,Severe
USA,Micro,Consumer Services,Retail,"Ciales, PR, USA",,72039.0,PR,Name18108226,False,True,True,High
USA,Micro,Consumer Services,Retail,"Ciales, PR, USA",,72039.0,PR,Name18108227,False,True,True,High
USA,Micro,Consumer Services,Retail,"Ciales, PR, USA",,72039.0,PR,Name18108228,True,True,False,Medium
USA,Micro,Consumer Services,Retail,"Ciales, PR, USA",,72039.0,PR,Name18108230,False,True,False,Severe
USA,Micro,Consumer Services,Retail,"Ciales, PR, USA",,72039.0,PR,Name18108231,True,True,False,High
USA,Micro,Consumer Services,Retail,"Ciales, PR, USA",,72039.0,PR,Name18108232,True,True,False,High
USA,Micro,Consumer Services,Retail,"Ciales, PR, USA",,72039.0,PR,Name18108233,False,True,True,Low
USA,Micro,Consumer Services,Retail,"Ciales, PR, USA",,72039.0,PR,Name18108234,False,False,True,Severe
USA,Micro,Consumer Services,Retail,"Ciales, PR, USA",,72039.0,PR,Name18108235,True,False,False,Medium
USA,Micro,Consumer Services,Retail,"Ciales, PR, USA",,72039.0,PR,Name18108237,False,True,False,High
USA,Micro,Consumer Services,Retail,"Ciales, PR, USA",,72039.0,PR,Name18108238,False,False,True,High
USA,Micro,Consumer Services,Retail,"Ciales, PR, USA",,72039.0,PR,Name18108239,False,True,True,Medium
USA,Micro,Consumer Services,Retail,"Ciales, PR, USA",,72039.0,PR,Name18108240,False,False,True,High
USA,Micro,Consumer Services,Retail,"Ciales, PR, USA",,72039.0,PR,Name18108241,True,False,False,Medium
USA,Micro,Consumer Services,Retail,"Ciales, PR, USA",,72039.0,PR,Name18108242,False,True,True,Medium
USA,Micro,Consumer Services,Retail,"Ciales, PR, USA",,72039.0,PR,Name18108244,True,True,False,Medium
USA,Micro,Consumer Services,Retail,"Ciales, PR, USA",,72039.0,PR,Name18108245,True,True,False,Low
USA,Micro,Consumer Services,Travel & Leisure,"Ciales, PR, USA",,72039.0,PR,Name18108246,True,True,False,Severe
USA,Micro,Consumer Services,Travel & Leisure,"Ciales, PR, USA",,72039.0,PR,Name18108247,False,True,False,Medium
USA,Micro,Consumer Services,Travel & Leisure,"Ciales, PR, USA",,72039.0,PR,Name18108249,False,False,True,Severe
USA,Micro,Consumer Services,Travel & Leisure,"Ciales, PR, USA",,72039.0,PR,Name18108251,True,True,False,Severe
USA,Micro,Consumer Services,Travel & Leisure,"Ciales, PR, USA",,72039.0,PR,Name18108252,False,True,False,Severe
USA,Micro,Consumer Services,Travel & Leisure,"Ciales, PR, USA",,72039.0,PR,Name18108253,False,True,True,High
USA,Micro,Consumer Services,Travel & Leisure,"Ciales, PR, USA",,72039.0,PR,Name18108254,True,True,False,Severe
USA,Micro,Consumer Services,Travel & Leisure,"Ciales, PR, USA",,72039.0,PR,Name18108255,True,False,False,Severe
USA,Micro,Consumer Services,Travel & Leisure,"Ciales, PR, USA",,72039.0,PR,Name18108256,True,True,False,Medium
USA,Micro,Consumer Services,Travel & Leisure,"Ciales, PR, USA",,72039.0,PR,Name18108257,False,True,False,Low
USA,Micro,Consumer Services,Travel & Leisure,"Ciales, PR, USA",,72039.0,PR,Name18108258,True,False,False,High
USA,Micro,Consumer Services,Travel & Leisure,"Ciales, PR, USA",,72039.0,PR,Name18108259,False,True,True,Medium
USA,Micro,Consumer Services,Media,"Ciales, PR, USA",,72039.0,PR,Name18108260,True,False,False,Low
USA,Micro,Consumer Services,Media,"Ciales, PR, USA",,72039.0,PR,Name18108261,False,True,False,High
USA,Micro,Consumer Services,Media,"Ciales, PR, USA",,72039.0,PR,Name18108262,True,True,False,Severe
USA,Micro,Consumer Services,Media,"Ciales, PR, USA",,72039.0,PR,Name18108263,True,True,False,High
USA,Micro,Consumer Services,Media,"Ciales, PR, USA",,72039.0,PR,Name18108265,True,True,False,Medium
USA,Micro,Consumer Services,Media,"Ciales, PR, USA",,72039.0,PR,Name18108266,True,False,False,Medium
USA,Micro,Consumer Services,Media,"Ciales, PR, USA",,72039.0,PR,Name18108267,True,True,False,Severe
USA,Micro,Consumer Services,Media,"Ciales, PR, USA",,72039.0,PR,Name18108268,False,False,True,High
USA,Micro,Consumer Services,Media,"Ciales, PR, USA",,72039.0,PR,Name18108269,True,True,False,Medium
USA,Micro,Consumer Services,Media,"Ciales, PR, USA",,72039.0,PR,Name18108270,True,False,False,Low
USA,Micro,Consumer Services,Media,"Ciales, PR, USA",,72039.0,PR,Name18108271,True,True,False,Low
USA,Micro,Consumer Services,Media,"Ciales, PR, USA",,72039.0,PR,Name18108272,True,False,False,Severe
USA,Micro,Transportation,Airlines,"Ciales, PR, USA",,72039.0,PR,Name18108273,True,False,False,Severe
USA,Micro,Transportation,Airlines,"Ciales, PR, USA",,72039.0,PR,Name18108274,True,True,False,Low
USA,Micro,Transportation,Airlines,"Ciales, PR, USA",,72039.0,PR,Name18108275,True,False,False,Medium
USA,Micro,Transportation,Airlines,"Ciales, PR, USA",,72039.0,PR,Name18108276,False,True,True,High
USA,Micro,Transportation,Airlines,"Ciales, PR, USA",,72039.0,PR,Name18108277,False,False,True,Low
USA,Micro,Transportation,Airlines,"Ciales, PR, USA",,72039.0,PR,Name18108278,True,False,False,Severe
USA,Micro,Transportation,Airlines,"Ciales, PR, USA",,72039.0,PR,Name18108280,False,True,False,Low
USA,Micro,Transportation,Airlines,"Ciales, PR, USA",,72039.0,PR,Name18108283,True,True,False,Severe
USA,Micro,Transportation,Airlines,"Ciales, PR, USA",,72039.0,PR,Name18108285,False,False,True,Severe
USA,Micro,Transportation,Airlines,"Ciales, PR, USA",,72039.0,PR,Name18108286,True,False,False,High
USA,Micro,Transportation,Airlines,"Ciales, PR, USA",,72039.0,PR,Name18108287,True,True,False,Severe
USA,Micro,Transportation,Airlines,"Ciales, PR, USA",,72039.0,PR,Name18108288,True,True,False,Medium
USA,Micro,Transportation,Airlines,"Ciales, PR, USA",,72039.0,PR,Name18108289,True,True,False,Medium
USA,Micro,Transportation,Airlines,"Ciales, PR, USA",,72039.0,PR,Name18108290,True,False,False,Medium
USA,Micro,Transportation,Airlines,"Ciales, PR, USA",,72039.0,PR,Name18108292,False,True,False,Low
USA,Micro,Transportation,Airlines,"Ciales, PR, USA",,72039.0,PR,Name18108293,True,True,False,Severe
USA,Micro,Transportation,Airlines,"Ciales, PR, USA",,72039.0,PR,Name18108295,True,True,False,Medium
USA,Micro,Transportation,Airlines,"Ciales, PR, USA",,72039.0,PR,Name18108296,False,True,False,Low
USA,Micro,Transportation,Airlines,"Ciales, PR, USA",,72039.0,PR,Name18108297,True,False,False,Medium
USA,Micro,Transportation,Airlines,"Ciales, PR, USA",,72039.0,PR,Name18108298,True,False,False,High
USA,Micro,Transportation,Airlines,"Ciales, PR, USA",,72039.0,PR,Name18108299,True,True,False,Low
USA,Micro,Transportation,Airlines,"Ciales, PR, USA",,72039.0,PR,Name18108301,True,False,False,Low
USA,Micro,Transportation,Railroads,"Ciales, PR, USA",,72039.0,PR,Name18108302,False,True,True,Medium
USA,Micro,Transportation,Railroads,"Ciales, PR, USA",,72039.0,PR,Name18108303,False,True,True,Low
USA,Micro,Transportation,Railroads,"Ciales, PR, USA",,72039.0,PR,Name18108304,True,True,False,High
USA,Micro,Transportation,Railroads,"Ciales, PR, USA",,72039.0,PR,Name18108305,True,True,False,Medium
USA,Micro,Transportation,Railroads,"Ciales, PR, USA",,72039.0,PR,Name18108306,False,False,True,Severe
USA,Micro,Transportation,Railroads,"Ciales, PR, USA",,72039.0,PR,Name18108307,True,False,False,High
USA,Micro,Transportation,Railroads,"Ciales, PR, USA",,72039.0,PR,Name18108308,False,False,True,High
USA,Micro,Transportation,Logistics,"Ciales, PR, USA",,72039.0,PR,Name18108309,True,True,False,Medium
USA,Micro,Transportation,Logistics,"Ciales, PR, USA",,72039.0,PR,Name18108310,False,True,True,Medium
USA,Micro,Transportation,Logistics,"Ciales, PR, USA",,72039.0,PR,Name18108311,False,True,True,High
USA,Micro,Transportation,Logistics,"Ciales, PR, USA",,72039.0,PR,Name18108312,False,True,True,High
USA,Micro,Transportation,Logistics,"Ciales, PR, USA",,72039.0,PR,Name18108313,False,True,False,High
USA,Micro,Transportation,Logistics,"Ciales, PR, USA",,72039.0,PR,Name18108314,True,False,False,Low
