Country,Size,Sector,Industry,Location,NUTS3_ID,COUNTY_ID,State,Name,Growth,Borrow,Shrink,EWS
FRA,Large,Technology,Software,"Deux-Sèvres, Poitou-Charentes, Nouvelle-Aquitaine, FRA",FRI33,,,Name3437855,False,True,True,Severe
FRA,Large,Technology,Software,"Deux-Sèvres, Poitou-Charentes, Nouvelle-Aquitaine, FRA",FRI33,,,Name3437856,False,True,False,High
FRA,Large,Technology,Software,"Deux-Sèvres, Poitou-Charentes, Nouvelle-Aquitaine, FRA",FRI33,,,Name3437857,False,True,True,Medium
FRA,Large,Technology,Software,"Deux-Sèvres, Poitou-Charentes, Nouvelle-Aquitaine, FRA",FRI33,,,Name3437858,True,False,False,High
FRA,Large,Technology,Software,"Deux-Sèvres, Poitou-Charentes, Nouvelle-Aquitaine, FRA",FRI33,,,Name3437859,False,True,False,Medium
FRA,Large,Technology,Software,"Deux-Sèvres, Poitou-Charentes, Nouvelle-Aquitaine, FRA",FRI33,,,Name3437860,True,True,False,High
FRA,Large,Technology,Software,"Deux-Sèvres, Poitou-Charentes, Nouvelle-Aquitaine, FRA",FRI33,,,Name3437861,True,False,False,High
FRA,Large,Technology,Software,"Deux-Sèvres, Poitou-Charentes, Nouvelle-Aquitaine, FRA",FRI33,,,Name3437862,True,False,False,Medium
FRA,Large,Technology,Software,"Deux-Sèvres, Poitou-Charentes, Nouvelle-Aquitaine, FRA",FRI33,,,Name3437863,True,True,False,Medium
FRA,Large,Technology,Software,"Deux-Sèvres, Poitou-Charentes, Nouvelle-Aquitaine, FRA",FRI33,,,Name3437864,False,False,True,Low
FRA,Large,Technology,Software,"Deux-Sèvres, Poitou-Charentes, Nouvelle-Aquitaine, FRA",FRI33,,,Name3437865,True,True,False,Severe
FRA,Large,Technology,Software,"Deux-Sèvres, Poitou-Charentes, Nouvelle-Aquitaine, FRA",FRI33,,,Name3437866,True,False,False,High
FRA,Large,Technology,Software,"Deux-Sèvres, Poitou-Charentes, Nouvelle-Aquitaine, FRA",FRI33,,,Name3437867,False,False,True,High
FRA,Large,Technology,Software,"Deux-Sèvres, Poitou-Charentes, Nouvelle-Aquitaine, FRA",FRI33,,,Name3437868,False,True,False,Medium
FRA,Large,Technology,Software,"Deux-Sèvres, Poitou-Charentes, Nouvelle-Aquitaine, FRA",FRI33,,,Name3437869,False,False,True,Severe
FRA,Large,Technology,Software,"Deux-Sèvres, Poitou-Charentes, Nouvelle-Aquitaine, FRA",FRI33,,,Name3437870,True,False,False,High
FRA,Large,Technology,Software,"Deux-Sèvres, Poitou-Charentes, Nouvelle-Aquitaine, FRA",FRI33,,,Name3437871,True,False,False,High
FRA,Large,Technology,Software,"Deux-Sèvres, Poitou-Charentes, Nouvelle-Aquitaine, FRA",FRI33,,,Name3437872,True,True,False,High
FRA,Large,Technology,Software,"Deux-Sèvres, Poitou-Charentes, Nouvelle-Aquitaine, FRA",FRI33,,,Name3437873,True,False,False,Low
FRA,Large,Technology,Software,"Deux-Sèvres, Poitou-Charentes, Nouvelle-Aquitaine, FRA",FRI33,,,Name3437874,False,True,False,Medium
FRA,Large,Technology,Software,"Deux-Sèvres, Poitou-Charentes, Nouvelle-Aquitaine, FRA",FRI33,,,Name3437875,False,False,True,Severe
FRA,Large,Technology,Software,"Deux-Sèvres, Poitou-Charentes, Nouvelle-Aquitaine, FRA",FRI33,,,Name3437876,False,True,False,Medium
FRA,Large,Technology,Software,"Deux-Sèvres, Poitou-Charentes, Nouvelle-Aquitaine, FRA",FRI33,,,Name3437877,False,True,False,Low
FRA,Large,Technology,Software,"Deux-Sèvres, Poitou-Charentes, Nouvelle-Aquitaine, FRA",FRI33,,,Name3437879,False,True,False,Severe
FRA,Large,Technology,Software,"Deux-Sèvres, Poitou-Charentes, Nouvelle-Aquitaine, FRA",FRI33,,,Name3437881,False,True,False,Severe
FRA,Large,Technology,Hardware,"Deux-Sèvres, Poitou-Charentes, Nouvelle-Aquitaine, FRA",FRI33,,,Name3437882,True,True,False,Medium
FRA,Large,Technology,Hardware,"Deux-Sèvres, Poitou-Charentes, Nouvelle-Aquitaine, FRA",FRI33,,,Name3437883,False,False,True,Low
FRA,Large,Technology,Hardware,"Deux-Sèvres, Poitou-Charentes, Nouvelle-Aquitaine, FRA",FRI33,,,Name3437884,True,False,False,Medium
FRA,Large,Technology,Hardware,"Deux-Sèvres, Poitou-Charentes, Nouvelle-Aquitaine, FRA",FRI33,,,Name3437885,True,False,False,Severe
FRA,Large,Technology,Hardware,"Deux-Sèvres, Poitou-Charentes, Nouvelle-Aquitaine, FRA",FRI33,,,Name3437886,False,False,True,Severe
FRA,Large,Technology,Hardware,"Deux-Sèvres, Poitou-Charentes, Nouvelle-Aquitaine, FRA",FRI33,,,Name3437888,False,False,True,Low
FRA,Large,Technology,Hardware,"Deux-Sèvres, Poitou-Charentes, Nouvelle-Aquitaine, FRA",FRI33,,,Name3437889,True,False,False,High
FRA,Large,Technology,Hardware,"Deux-Sèvres, Poitou-Charentes, Nouvelle-Aquitaine, FRA",FRI33,,,Name3437890,False,True,True,Severe
FRA,Large,Technology,IT Services,"Deux-Sèvres, Poitou-Charentes, Nouvelle-Aquitaine, FRA",FRI33,,,Name3437892,True,True,False,High
FRA,Large,Technology,IT Services,"Deux-Sèvres, Poitou-Charentes, Nouvelle-Aquitaine, FRA",FRI33,,,Name3437893,False,False,True,Low
FRA,Large,Technology,IT Services,"Deux-Sèvres, Poitou-Charentes, Nouvelle-Aquitaine, FRA",FRI33,,,Name3437894,True,False,False,Low
FRA,Large,Technology,IT Services,"Deux-Sèvres, Poitou-Charentes, Nouvelle-Aquitaine, FRA",FRI33,,,Name3437895,True,True,False,High
FRA,Large,Technology,IT Services,"Deux-Sèvres, Poitou-Charentes, Nouvelle-Aquitaine, FRA",FRI33,,,Name3437896,True,True,False,High
FRA,Large,Technology,IT Services,"Deux-Sèvres, Poitou-Charentes, Nouvelle-Aquitaine, FRA",FRI33,,,Name3437897,False,True,False,High
FRA,Large,Technology,IT Services,"Deux-Sèvres, Poitou-Charentes, Nouvelle-Aquitaine, FRA",FRI33,,,Name3437898,False,True,False,Low
FRA,Large,Technology,IT Services,"Deux-Sèvres, Poitou-Charentes, Nouvelle-Aquitaine, FRA",FRI33,,,Name3437899,True,False,False,Medium
FRA,Large,Technology,IT Services,"Deux-Sèvres, Poitou-Charentes, Nouvelle-Aquitaine, FRA",FRI33,,,Name3437900,True,False,False,High
FRA,Large,Technology,IT Services,"Deux-Sèvres, Poitou-Charentes, Nouvelle-Aquitaine, FRA",FRI33,,,Name3437901,False,True,True,Medium
FRA,Large,Technology,IT Services,"Deux-Sèvres, Poitou-Charentes, Nouvelle-Aquitaine, FRA",FRI33,,,Name3437902,True,False,False,Medium
FRA,Large,Technology,IT Services,"Deux-Sèvres, Poitou-Charentes, Nouvelle-Aquitaine, FRA",FRI33,,,Name3437903,False,True,True,High
FRA,Large,Technology,IT Services,"Deux-Sèvres, Poitou-Charentes, Nouvelle-Aquitaine, FRA",FRI33,,,Name3437904,True,True,False,Severe
FRA,Large,Technology,IT Services,"Deux-Sèvres, Poitou-Charentes, Nouvelle-Aquitaine, FRA",FRI33,,,Name3437906,False,True,True,High
FRA,Large,Technology,IT Services,"Deux-Sèvres, Poitou-Charentes, Nouvelle-Aquitaine, FRA",FRI33,,,Name3437907,False,False,True,High
FRA,Large,Technology,IT Services,"Deux-Sèvres, Poitou-Charentes, Nouvelle-Aquitaine, FRA",FRI33,,,Name3437908,True,False,False,Low
FRA,Large,Technology,IT Services,"Deux-Sèvres, Poitou-Charentes, Nouvelle-Aquitaine, FRA",FRI33,,,Name3437909,True,False,False,Medium
FRA,Large,Technology,IT Services,"Deux-Sèvres, Poitou-Charentes, Nouvelle-Aquitaine, FRA",FRI33,,,Name3437910,False,True,True,High
FRA,Large,Technology,IT Services,"Deux-Sèvres, Poitou-Charentes, Nouvelle-Aquitaine, FRA",FRI33,,,Name3437912,False,False,True,High
FRA,Large,Technology,IT Services,"Deux-Sèvres, Poitou-Charentes, Nouvelle-Aquitaine, FRA",FRI33,,,Name3437913,True,False,False,Medium
FRA,Large,Technology,IT Services,"Deux-Sèvres, Poitou-Charentes, Nouvelle-Aquitaine, FRA",FRI33,,,Name3437914,True,True,False,High
FRA,Large,Technology,IT Services,"Deux-Sèvres, Poitou-Charentes, Nouvelle-Aquitaine, FRA",FRI33,,,Name3437915,True,False,False,High
FRA,Large,Technology,IT Services,"Deux-Sèvres, Poitou-Charentes, Nouvelle-Aquitaine, FRA",FRI33,,,Name3437916,True,False,False,High
FRA,Large,Technology,IT Services,"Deux-Sèvres, Poitou-Charentes, Nouvelle-Aquitaine, FRA",FRI33,,,Name3437917,True,True,False,High
FRA,Large,Technology,IT Services,"Deux-Sèvres, Poitou-Charentes, Nouvelle-Aquitaine, FRA",FRI33,,,Name3437918,True,True,False,Medium
FRA,Large,Technology,IT Services,"Deux-Sèvres, Poitou-Charentes, Nouvelle-Aquitaine, FRA",FRI33,,,Name3437919,False,False,True,Medium
FRA,Large,Technology,IT Services,"Deux-Sèvres, Poitou-Charentes, Nouvelle-Aquitaine, FRA",FRI33,,,Name3437920,True,False,False,Severe
FRA,Large,Technology,IT Services,"Deux-Sèvres, Poitou-Charentes, Nouvelle-Aquitaine, FRA",FRI33,,,Name3437921,True,False,False,Low
FRA,Large,Technology,IT Services,"Deux-Sèvres, Poitou-Charentes, Nouvelle-Aquitaine, FRA",FRI33,,,Name3437922,True,False,False,Low
FRA,Large,Technology,IT Services,"Deux-Sèvres, Poitou-Charentes, Nouvelle-Aquitaine, FRA",FRI33,,,Name3437923,True,False,False,Low
FRA,Large,Technology,IT Services,"Deux-Sèvres, Poitou-Charentes, Nouvelle-Aquitaine, FRA",FRI33,,,Name3437924,False,True,True,Medium
FRA,Large,Technology,IT Services,"Deux-Sèvres, Poitou-Charentes, Nouvelle-Aquitaine, FRA",FRI33,,,Name3437926,False,True,True,Low
FRA,Large,Technology,IT Services,"Deux-Sèvres, Poitou-Charentes, Nouvelle-Aquitaine, FRA",FRI33,,,Name3437927,True,False,False,High
FRA,Large,Technology,IT Services,"Deux-Sèvres, Poitou-Charentes, Nouvelle-Aquitaine, FRA",FRI33,,,Name3437928,False,False,True,Medium
FRA,Large,Technology,IT Services,"Deux-Sèvres, Poitou-Charentes, Nouvelle-Aquitaine, FRA",FRI33,,,Name3437929,False,False,True,Medium
FRA,Large,Technology,IT Services,"Deux-Sèvres, Poitou-Charentes, Nouvelle-Aquitaine, FRA",FRI33,,,Name3437930,True,True,False,Medium
FRA,Large,Technology,IT Services,"Deux-Sèvres, Poitou-Charentes, Nouvelle-Aquitaine, FRA",FRI33,,,Name3437933,False,False,True,High
FRA,Large,Technology,IT Services,"Deux-Sèvres, Poitou-Charentes, Nouvelle-Aquitaine, FRA",FRI33,,,Name3437934,True,False,False,High
FRA,Large,Technology,IT Services,"Deux-Sèvres, Poitou-Charentes, Nouvelle-Aquitaine, FRA",FRI33,,,Name3437935,False,True,True,High
FRA,Large,Technology,IT Services,"Deux-Sèvres, Poitou-Charentes, Nouvelle-Aquitaine, FRA",FRI33,,,Name3437936,False,True,False,Severe
FRA,Large,Technology,IT Services,"Deux-Sèvres, Poitou-Charentes, Nouvelle-Aquitaine, FRA",FRI33,,,Name3437938,True,True,False,High
FRA,Large,Technology,IT Services,"Deux-Sèvres, Poitou-Charentes, Nouvelle-Aquitaine, FRA",FRI33,,,Name3437939,True,True,False,Low
FRA,Large,Technology,IT Services,"Deux-Sèvres, Poitou-Charentes, Nouvelle-Aquitaine, FRA",FRI33,,,Name3437940,True,False,False,High
FRA,Large,Healthcare,Pharmaceuticals,"Deux-Sèvres, Poitou-Charentes, Nouvelle-Aquitaine, FRA",FRI33,,,Name3437941,False,True,False,Medium
FRA,Large,Healthcare,Pharmaceuticals,"Deux-Sèvres, Poitou-Charentes, Nouvelle-Aquitaine, FRA",FRI33,,,Name3437942,False,True,True,High
FRA,Large,Healthcare,Pharmaceuticals,"Deux-Sèvres, Poitou-Charentes, Nouvelle-Aquitaine, FRA",FRI33,,,Name3437944,True,False,False,Severe
FRA,Large,Healthcare,Pharmaceuticals,"Deux-Sèvres, Poitou-Charentes, Nouvelle-Aquitaine, FRA",FRI33,,,Name3437945,False,True,True,High
FRA,Large,Healthcare,Medical Devices,"Deux-Sèvres, Poitou-Charentes, Nouvelle-Aquitaine, FRA",FRI33,,,Name3437946,True,False,False,Low
FRA,Large,Healthcare,Medical Devices,"Deux-Sèvres, Poitou-Charentes, Nouvelle-Aquitaine, FRA",FRI33,,,Name3437947,False,False,True,High
FRA,Large,Healthcare,Medical Devices,"Deux-Sèvres, Poitou-Charentes, Nouvelle-Aquitaine, FRA",FRI33,,,Name3437948,True,False,False,High
FRA,Large,Healthcare,Medical Devices,"Deux-Sèvres, Poitou-Charentes, Nouvelle-Aquitaine, FRA",FRI33,,,Name3437949,True,False,False,Low
FRA,Large,Healthcare,Medical Devices,"Deux-Sèvres, Poitou-Charentes, Nouvelle-Aquitaine, FRA",FRI33,,,Name3437950,False,False,True,Low
FRA,Large,Healthcare,Medical Devices,"Deux-Sèvres, Poitou-Charentes, Nouvelle-Aquitaine, FRA",FRI33,,,Name3437951,True,True,False,Severe
FRA,Large,Healthcare,Medical Devices,"Deux-Sèvres, Poitou-Charentes, Nouvelle-Aquitaine, FRA",FRI33,,,Name3437952,True,True,False,High
FRA,Large,Healthcare,Medical Devices,"Deux-Sèvres, Poitou-Charentes, Nouvelle-Aquitaine, FRA",FRI33,,,Name3437953,True,False,False,Low
FRA,Large,Healthcare,Medical Devices,"Deux-Sèvres, Poitou-Charentes, Nouvelle-Aquitaine, FRA",FRI33,,,Name3437954,False,False,True,High
FRA,Large,Healthcare,Medical Devices,"Deux-Sèvres, Poitou-Charentes, Nouvelle-Aquitaine, FRA",FRI33,,,Name3437955,True,False,False,High
FRA,Large,Healthcare,Medical Devices,"Deux-Sèvres, Poitou-Charentes, Nouvelle-Aquitaine, FRA",FRI33,,,Name3437956,True,False,False,Severe
FRA,Large,Healthcare,Medical Devices,"Deux-Sèvres, Poitou-Charentes, Nouvelle-Aquitaine, FRA",FRI33,,,Name3437957,True,True,False,Medium
FRA,Large,Healthcare,Medical Devices,"Deux-Sèvres, Poitou-Charentes, Nouvelle-Aquitaine, FRA",FRI33,,,Name3437960,False,False,True,Severe
FRA,Large,Healthcare,Medical Devices,"Deux-Sèvres, Poitou-Charentes, Nouvelle-Aquitaine, FRA",FRI33,,,Name3437963,True,False,False,High
FRA,Large,Healthcare,Healthcare Services,"Deux-Sèvres, Poitou-Charentes, Nouvelle-Aquitaine, FRA",FRI33,,,Name3437964,False,False,True,Severe
FRA,Large,Healthcare,Healthcare Services,"Deux-Sèvres, Poitou-Charentes, Nouvelle-Aquitaine, FRA",FRI33,,,Name3437966,True,True,False,Medium
FRA,Large,Healthcare,Healthcare Services,"Deux-Sèvres, Poitou-Charentes, Nouvelle-Aquitaine, FRA",FRI33,,,Name3437967,False,True,True,Medium
FRA,Large,Healthcare,Healthcare Services,"Deux-Sèvres, Poitou-Charentes, Nouvelle-Aquitaine, FRA",FRI33,,,Name3437968,False,False,True,Medium
FRA,Large,Healthcare,Healthcare Services,"Deux-Sèvres, Poitou-Charentes, Nouvelle-Aquitaine, FRA",FRI33,,,Name3437969,True,False,False,Low
FRA,Large,Healthcare,Healthcare Services,"Deux-Sèvres, Poitou-Charentes, Nouvelle-Aquitaine, FRA",FRI33,,,Name3437970,True,False,False,Severe
FRA,Large,Healthcare,Healthcare Services,"Deux-Sèvres, Poitou-Charentes, Nouvelle-Aquitaine, FRA",FRI33,,,Name3437971,False,False,True,Low
FRA,Large,Healthcare,Healthcare Services,"Deux-Sèvres, Poitou-Charentes, Nouvelle-Aquitaine, FRA",FRI33,,,Name3437972,False,True,False,Medium
FRA,Large,Healthcare,Healthcare Services,"Deux-Sèvres, Poitou-Charentes, Nouvelle-Aquitaine, FRA",FRI33,,,Name3437973,False,True,False,High
FRA,Large,Healthcare,Healthcare Services,"Deux-Sèvres, Poitou-Charentes, Nouvelle-Aquitaine, FRA",FRI33,,,Name3437974,True,True,False,Severe
FRA,Large,Finance,Banking,"Deux-Sèvres, Poitou-Charentes, Nouvelle-Aquitaine, FRA",FRI33,,,Name3437975,False,True,True,High
FRA,Large,Finance,Banking,"Deux-Sèvres, Poitou-Charentes, Nouvelle-Aquitaine, FRA",FRI33,,,Name3437976,False,False,True,Low
FRA,Large,Finance,Banking,"Deux-Sèvres, Poitou-Charentes, Nouvelle-Aquitaine, FRA",FRI33,,,Name3437977,True,True,False,Low
FRA,Large,Finance,Banking,"Deux-Sèvres, Poitou-Charentes, Nouvelle-Aquitaine, FRA",FRI33,,,Name3437979,True,False,False,High
FRA,Large,Finance,Banking,"Deux-Sèvres, Poitou-Charentes, Nouvelle-Aquitaine, FRA",FRI33,,,Name3437980,True,False,False,High
FRA,Large,Finance,Banking,"Deux-Sèvres, Poitou-Charentes, Nouvelle-Aquitaine, FRA",FRI33,,,Name3437984,False,True,True,Severe
FRA,Large,Finance,Banking,"Deux-Sèvres, Poitou-Charentes, Nouvelle-Aquitaine, FRA",FRI33,,,Name3437985,False,True,True,Severe
FRA,Large,Finance,Banking,"Deux-Sèvres, Poitou-Charentes, Nouvelle-Aquitaine, FRA",FRI33,,,Name3437986,False,False,True,Severe
FRA,Large,Finance,Insurance,"Deux-Sèvres, Poitou-Charentes, Nouvelle-Aquitaine, FRA",FRI33,,,Name3437988,False,False,True,Low
FRA,Large,Finance,Insurance,"Deux-Sèvres, Poitou-Charentes, Nouvelle-Aquitaine, FRA",FRI33,,,Name3437989,True,True,False,Medium
FRA,Large,Finance,Insurance,"Deux-Sèvres, Poitou-Charentes, Nouvelle-Aquitaine, FRA",FRI33,,,Name3437990,False,True,True,Low
FRA,Large,Finance,Insurance,"Deux-Sèvres, Poitou-Charentes, Nouvelle-Aquitaine, FRA",FRI33,,,Name3437991,False,False,True,High
FRA,Large,Finance,Insurance,"Deux-Sèvres, Poitou-Charentes, Nouvelle-Aquitaine, FRA",FRI33,,,Name3437992,False,False,True,High
FRA,Large,Finance,Insurance,"Deux-Sèvres, Poitou-Charentes, Nouvelle-Aquitaine, FRA",FRI33,,,Name3437993,True,True,False,Severe
FRA,Large,Finance,Insurance,"Deux-Sèvres, Poitou-Charentes, Nouvelle-Aquitaine, FRA",FRI33,,,Name3437995,True,True,False,Severe
FRA,Large,Finance,Insurance,"Deux-Sèvres, Poitou-Charentes, Nouvelle-Aquitaine, FRA",FRI33,,,Name3437996,True,True,False,Medium
FRA,Large,Finance,Insurance,"Deux-Sèvres, Poitou-Charentes, Nouvelle-Aquitaine, FRA",FRI33,,,Name3437997,True,True,False,Low
FRA,Large,Finance,Insurance,"Deux-Sèvres, Poitou-Charentes, Nouvelle-Aquitaine, FRA",FRI33,,,Name3437998,True,False,False,Severe
FRA,Large,Finance,Insurance,"Deux-Sèvres, Poitou-Charentes, Nouvelle-Aquitaine, FRA",FRI33,,,Name3437999,True,True,False,Medium
FRA,Large,Finance,Insurance,"Deux-Sèvres, Poitou-Charentes, Nouvelle-Aquitaine, FRA",FRI33,,,Name3438000,True,True,False,Low
FRA,Large,Finance,Insurance,"Deux-Sèvres, Poitou-Charentes, Nouvelle-Aquitaine, FRA",FRI33,,,Name3438001,False,False,True,Medium
FRA,Large,Finance,Insurance,"Deux-Sèvres, Poitou-Charentes, Nouvelle-Aquitaine, FRA",FRI33,,,Name3438002,True,False,False,Medium
FRA,Large,Finance,Investment Services,"Deux-Sèvres, Poitou-Charentes, Nouvelle-Aquitaine, FRA",FRI33,,,Name3438003,True,True,False,Severe
FRA,Large,Finance,Investment Services,"Deux-Sèvres, Poitou-Charentes, Nouvelle-Aquitaine, FRA",FRI33,,,Name3438004,True,True,False,High
FRA,Large,Finance,Investment Services,"Deux-Sèvres, Poitou-Charentes, Nouvelle-Aquitaine, FRA",FRI33,,,Name3438006,False,True,False,High
FRA,Large,Finance,Investment Services,"Deux-Sèvres, Poitou-Charentes, Nouvelle-Aquitaine, FRA",FRI33,,,Name3438007,False,True,False,Medium
FRA,Large,Finance,Investment Services,"Deux-Sèvres, Poitou-Charentes, Nouvelle-Aquitaine, FRA",FRI33,,,Name3438008,True,True,False,Medium
FRA,Large,Finance,Investment Services,"Deux-Sèvres, Poitou-Charentes, Nouvelle-Aquitaine, FRA",FRI33,,,Name3438010,True,False,False,Severe
FRA,Large,Finance,Investment Services,"Deux-Sèvres, Poitou-Charentes, Nouvelle-Aquitaine, FRA",FRI33,,,Name3438011,True,True,False,High
FRA,Large,Finance,Investment Services,"Deux-Sèvres, Poitou-Charentes, Nouvelle-Aquitaine, FRA",FRI33,,,Name3438012,True,False,False,Medium
FRA,Large,Finance,Investment Services,"Deux-Sèvres, Poitou-Charentes, Nouvelle-Aquitaine, FRA",FRI33,,,Name3438013,False,True,True,High
FRA,Large,Finance,Investment Services,"Deux-Sèvres, Poitou-Charentes, Nouvelle-Aquitaine, FRA",FRI33,,,Name3438015,True,True,False,Severe
FRA,Large,Finance,Investment Services,"Deux-Sèvres, Poitou-Charentes, Nouvelle-Aquitaine, FRA",FRI33,,,Name3438016,False,True,True,Severe
FRA,Large,Finance,Investment Services,"Deux-Sèvres, Poitou-Charentes, Nouvelle-Aquitaine, FRA",FRI33,,,Name3438017,False,True,False,High
FRA,Large,Finance,Investment Services,"Deux-Sèvres, Poitou-Charentes, Nouvelle-Aquitaine, FRA",FRI33,,,Name3438018,True,True,False,Low
FRA,Large,Finance,Investment Services,"Deux-Sèvres, Poitou-Charentes, Nouvelle-Aquitaine, FRA",FRI33,,,Name3438019,True,False,False,Severe
FRA,Large,Finance,Investment Services,"Deux-Sèvres, Poitou-Charentes, Nouvelle-Aquitaine, FRA",FRI33,,,Name3438020,True,False,False,Medium
FRA,Large,Finance,Investment Services,"Deux-Sèvres, Poitou-Charentes, Nouvelle-Aquitaine, FRA",FRI33,,,Name3438021,True,True,False,High
FRA,Large,Finance,Investment Services,"Deux-Sèvres, Poitou-Charentes, Nouvelle-Aquitaine, FRA",FRI33,,,Name3438022,True,True,False,High
FRA,Large,Finance,Investment Services,"Deux-Sèvres, Poitou-Charentes, Nouvelle-Aquitaine, FRA",FRI33,,,Name3438023,True,False,False,Medium
FRA,Large,Finance,Investment Services,"Deux-Sèvres, Poitou-Charentes, Nouvelle-Aquitaine, FRA",FRI33,,,Name3438024,True,True,False,Severe
FRA,Large,Finance,Investment Services,"Deux-Sèvres, Poitou-Charentes, Nouvelle-Aquitaine, FRA",FRI33,,,Name3438025,False,True,True,Severe
FRA,Large,Finance,Investment Services,"Deux-Sèvres, Poitou-Charentes, Nouvelle-Aquitaine, FRA",FRI33,,,Name3438026,True,True,False,Severe
FRA,Large,Finance,Investment Services,"Deux-Sèvres, Poitou-Charentes, Nouvelle-Aquitaine, FRA",FRI33,,,Name3438027,False,True,False,Low
FRA,Large,Finance,Investment Services,"Deux-Sèvres, Poitou-Charentes, Nouvelle-Aquitaine, FRA",FRI33,,,Name3438028,False,True,True,Medium
FRA,Large,Finance,Investment Services,"Deux-Sèvres, Poitou-Charentes, Nouvelle-Aquitaine, FRA",FRI33,,,Name3438029,True,True,False,Severe
FRA,Large,Finance,Investment Services,"Deux-Sèvres, Poitou-Charentes, Nouvelle-Aquitaine, FRA",FRI33,,,Name3438030,True,True,False,Medium
FRA,Large,Finance,Investment Services,"Deux-Sèvres, Poitou-Charentes, Nouvelle-Aquitaine, FRA",FRI33,,,Name3438031,False,False,True,Medium
FRA,Large,Finance,Investment Services,"Deux-Sèvres, Poitou-Charentes, Nouvelle-Aquitaine, FRA",FRI33,,,Name3438032,False,True,True,High
FRA,Large,Finance,Investment Services,"Deux-Sèvres, Poitou-Charentes, Nouvelle-Aquitaine, FRA",FRI33,,,Name3438033,True,True,False,Severe
FRA,Large,Finance,Investment Services,"Deux-Sèvres, Poitou-Charentes, Nouvelle-Aquitaine, FRA",FRI33,,,Name3438034,True,True,False,High
FRA,Large,Finance,Investment Services,"Deux-Sèvres, Poitou-Charentes, Nouvelle-Aquitaine, FRA",FRI33,,,Name3438035,True,True,False,Medium
FRA,Large,Finance,Investment Services,"Deux-Sèvres, Poitou-Charentes, Nouvelle-Aquitaine, FRA",FRI33,,,Name3438037,False,True,True,Medium
FRA,Large,Finance,Investment Services,"Deux-Sèvres, Poitou-Charentes, Nouvelle-Aquitaine, FRA",FRI33,,,Name3438038,False,True,True,Low
FRA,Large,Finance,Investment Services,"Deux-Sèvres, Poitou-Charentes, Nouvelle-Aquitaine, FRA",FRI33,,,Name3438039,True,True,False,High
FRA,Large,Finance,Investment Services,"Deux-Sèvres, Poitou-Charentes, Nouvelle-Aquitaine, FRA",FRI33,,,Name3438040,False,True,False,Medium
FRA,Large,Finance,Investment Services,"Deux-Sèvres, Poitou-Charentes, Nouvelle-Aquitaine, FRA",FRI33,,,Name3438041,True,True,False,Severe
FRA,Large,Energy,Oil & Gas,"Deux-Sèvres, Poitou-Charentes, Nouvelle-Aquitaine, FRA",FRI33,,,Name3438042,True,False,False,Severe
FRA,Large,Energy,Oil & Gas,"Deux-Sèvres, Poitou-Charentes, Nouvelle-Aquitaine, FRA",FRI33,,,Name3438043,False,True,True,Low
FRA,Large,Energy,Oil & Gas,"Deux-Sèvres, Poitou-Charentes, Nouvelle-Aquitaine, FRA",FRI33,,,Name3438044,True,False,False,High
FRA,Large,Energy,Oil & Gas,"Deux-Sèvres, Poitou-Charentes, Nouvelle-Aquitaine, FRA",FRI33,,,Name3438045,False,False,True,Low
FRA,Large,Energy,Oil & Gas,"Deux-Sèvres, Poitou-Charentes, Nouvelle-Aquitaine, FRA",FRI33,,,Name3438046,True,True,False,Low
FRA,Large,Energy,Oil & Gas,"Deux-Sèvres, Poitou-Charentes, Nouvelle-Aquitaine, FRA",FRI33,,,Name3438047,False,False,True,High
FRA,Large,Energy,Oil & Gas,"Deux-Sèvres, Poitou-Charentes, Nouvelle-Aquitaine, FRA",FRI33,,,Name3438048,False,False,True,Medium
FRA,Large,Energy,Oil & Gas,"Deux-Sèvres, Poitou-Charentes, Nouvelle-Aquitaine, FRA",FRI33,,,Name3438049,True,True,False,Severe
FRA,Large,Energy,Oil & Gas,"Deux-Sèvres, Poitou-Charentes, Nouvelle-Aquitaine, FRA",FRI33,,,Name3438050,True,False,False,Medium
FRA,Large,Energy,Oil & Gas,"Deux-Sèvres, Poitou-Charentes, Nouvelle-Aquitaine, FRA",FRI33,,,Name3438051,True,True,False,High
FRA,Large,Energy,Oil & Gas,"Deux-Sèvres, Poitou-Charentes, Nouvelle-Aquitaine, FRA",FRI33,,,Name3438052,True,False,False,Medium
FRA,Large,Energy,Oil & Gas,"Deux-Sèvres, Poitou-Charentes, Nouvelle-Aquitaine, FRA",FRI33,,,Name3438053,True,True,False,Low
FRA,Large,Energy,Oil & Gas,"Deux-Sèvres, Poitou-Charentes, Nouvelle-Aquitaine, FRA",FRI33,,,Name3438054,False,False,True,High
FRA,Large,Energy,Oil & Gas,"Deux-Sèvres, Poitou-Charentes, Nouvelle-Aquitaine, FRA",FRI33,,,Name3438056,True,True,False,High
FRA,Large,Energy,Oil & Gas,"Deux-Sèvres, Poitou-Charentes, Nouvelle-Aquitaine, FRA",FRI33,,,Name3438057,False,False,True,Low
FRA,Large,Energy,Oil & Gas,"Deux-Sèvres, Poitou-Charentes, Nouvelle-Aquitaine, FRA",FRI33,,,Name3438058,True,False,False,Low
FRA,Large,Energy,Oil & Gas,"Deux-Sèvres, Poitou-Charentes, Nouvelle-Aquitaine, FRA",FRI33,,,Name3438059,True,False,False,Severe
FRA,Large,Energy,Oil & Gas,"Deux-Sèvres, Poitou-Charentes, Nouvelle-Aquitaine, FRA",FRI33,,,Name3438060,False,False,True,Severe
FRA,Large,Energy,Oil & Gas,"Deux-Sèvres, Poitou-Charentes, Nouvelle-Aquitaine, FRA",FRI33,,,Name3438061,False,True,True,High
FRA,Large,Energy,Oil & Gas,"Deux-Sèvres, Poitou-Charentes, Nouvelle-Aquitaine, FRA",FRI33,,,Name3438062,False,False,True,Medium
FRA,Large,Energy,Oil & Gas,"Deux-Sèvres, Poitou-Charentes, Nouvelle-Aquitaine, FRA",FRI33,,,Name3438063,True,True,False,High
FRA,Large,Energy,Oil & Gas,"Deux-Sèvres, Poitou-Charentes, Nouvelle-Aquitaine, FRA",FRI33,,,Name3438064,True,True,False,Medium
FRA,Large,Energy,Oil & Gas,"Deux-Sèvres, Poitou-Charentes, Nouvelle-Aquitaine, FRA",FRI33,,,Name3438065,True,True,False,Severe
FRA,Large,Energy,Renewable Energy,"Deux-Sèvres, Poitou-Charentes, Nouvelle-Aquitaine, FRA",FRI33,,,Name3438066,True,False,False,Severe
FRA,Large,Energy,Renewable Energy,"Deux-Sèvres, Poitou-Charentes, Nouvelle-Aquitaine, FRA",FRI33,,,Name3438067,True,True,False,Severe
FRA,Large,Energy,Renewable Energy,"Deux-Sèvres, Poitou-Charentes, Nouvelle-Aquitaine, FRA",FRI33,,,Name3438068,True,True,False,High
FRA,Large,Energy,Renewable Energy,"Deux-Sèvres, Poitou-Charentes, Nouvelle-Aquitaine, FRA",FRI33,,,Name3438069,True,False,False,Medium
FRA,Large,Energy,Renewable Energy,"Deux-Sèvres, Poitou-Charentes, Nouvelle-Aquitaine, FRA",FRI33,,,Name3438070,True,True,False,Severe
FRA,Large,Energy,Renewable Energy,"Deux-Sèvres, Poitou-Charentes, Nouvelle-Aquitaine, FRA",FRI33,,,Name3438071,True,True,False,Medium
FRA,Large,Energy,Renewable Energy,"Deux-Sèvres, Poitou-Charentes, Nouvelle-Aquitaine, FRA",FRI33,,,Name3438072,True,True,False,High
FRA,Large,Energy,Renewable Energy,"Deux-Sèvres, Poitou-Charentes, Nouvelle-Aquitaine, FRA",FRI33,,,Name3438074,True,True,False,Medium
FRA,Large,Energy,Renewable Energy,"Deux-Sèvres, Poitou-Charentes, Nouvelle-Aquitaine, FRA",FRI33,,,Name3438075,True,False,False,High
FRA,Large,Energy,Renewable Energy,"Deux-Sèvres, Poitou-Charentes, Nouvelle-Aquitaine, FRA",FRI33,,,Name3438077,True,False,False,High
FRA,Large,Energy,Renewable Energy,"Deux-Sèvres, Poitou-Charentes, Nouvelle-Aquitaine, FRA",FRI33,,,Name3438078,False,True,False,High
FRA,Large,Energy,Renewable Energy,"Deux-Sèvres, Poitou-Charentes, Nouvelle-Aquitaine, FRA",FRI33,,,Name3438079,False,False,True,High
FRA,Large,Energy,Renewable Energy,"Deux-Sèvres, Poitou-Charentes, Nouvelle-Aquitaine, FRA",FRI33,,,Name3438080,True,True,False,Medium
FRA,Large,Energy,Renewable Energy,"Deux-Sèvres, Poitou-Charentes, Nouvelle-Aquitaine, FRA",FRI33,,,Name3438081,True,True,False,Low
FRA,Large,Energy,Renewable Energy,"Deux-Sèvres, Poitou-Charentes, Nouvelle-Aquitaine, FRA",FRI33,,,Name3438082,True,False,False,Medium
FRA,Large,Energy,Renewable Energy,"Deux-Sèvres, Poitou-Charentes, Nouvelle-Aquitaine, FRA",FRI33,,,Name3438083,False,True,False,High
FRA,Large,Energy,Renewable Energy,"Deux-Sèvres, Poitou-Charentes, Nouvelle-Aquitaine, FRA",FRI33,,,Name3438084,False,False,True,Medium
FRA,Large,Energy,Renewable Energy,"Deux-Sèvres, Poitou-Charentes, Nouvelle-Aquitaine, FRA",FRI33,,,Name3438085,False,False,True,Low
FRA,Large,Energy,Renewable Energy,"Deux-Sèvres, Poitou-Charentes, Nouvelle-Aquitaine, FRA",FRI33,,,Name3438086,False,False,True,High
FRA,Large,Energy,Renewable Energy,"Deux-Sèvres, Poitou-Charentes, Nouvelle-Aquitaine, FRA",FRI33,,,Name3438087,False,True,False,Low
FRA,Large,Energy,Renewable Energy,"Deux-Sèvres, Poitou-Charentes, Nouvelle-Aquitaine, FRA",FRI33,,,Name3438088,True,True,False,High
FRA,Large,Energy,Renewable Energy,"Deux-Sèvres, Poitou-Charentes, Nouvelle-Aquitaine, FRA",FRI33,,,Name3438091,False,True,False,Medium
FRA,Large,Energy,Renewable Energy,"Deux-Sèvres, Poitou-Charentes, Nouvelle-Aquitaine, FRA",FRI33,,,Name3438092,False,True,True,Severe
FRA,Large,Energy,Renewable Energy,"Deux-Sèvres, Poitou-Charentes, Nouvelle-Aquitaine, FRA",FRI33,,,Name3438093,False,True,True,Low
FRA,Large,Energy,Energy Exploration,"Deux-Sèvres, Poitou-Charentes, Nouvelle-Aquitaine, FRA",FRI33,,,Name3438096,True,False,False,Low
FRA,Large,Energy,Energy Exploration,"Deux-Sèvres, Poitou-Charentes, Nouvelle-Aquitaine, FRA",FRI33,,,Name3438097,True,True,False,High
FRA,Large,Energy,Energy Exploration,"Deux-Sèvres, Poitou-Charentes, Nouvelle-Aquitaine, FRA",FRI33,,,Name3438098,False,True,True,High
FRA,Large,Energy,Energy Exploration,"Deux-Sèvres, Poitou-Charentes, Nouvelle-Aquitaine, FRA",FRI33,,,Name3438100,False,False,True,High
FRA,Large,Energy,Energy Exploration,"Deux-Sèvres, Poitou-Charentes, Nouvelle-Aquitaine, FRA",FRI33,,,Name3438103,True,True,False,Severe
FRA,Large,Energy,Energy Exploration,"Deux-Sèvres, Poitou-Charentes, Nouvelle-Aquitaine, FRA",FRI33,,,Name3438104,False,True,False,Severe
FRA,Large,Energy,Energy Exploration,"Deux-Sèvres, Poitou-Charentes, Nouvelle-Aquitaine, FRA",FRI33,,,Name3438105,True,False,False,Medium
FRA,Large,Consumer Goods,Food & Beverage,"Deux-Sèvres, Poitou-Charentes, Nouvelle-Aquitaine, FRA",FRI33,,,Name3438106,True,True,False,Medium
FRA,Large,Consumer Goods,Food & Beverage,"Deux-Sèvres, Poitou-Charentes, Nouvelle-Aquitaine, FRA",FRI33,,,Name3438107,False,True,False,Low
FRA,Large,Consumer Goods,Food & Beverage,"Deux-Sèvres, Poitou-Charentes, Nouvelle-Aquitaine, FRA",FRI33,,,Name3438108,True,False,False,Low
FRA,Large,Consumer Goods,Food & Beverage,"Deux-Sèvres, Poitou-Charentes, Nouvelle-Aquitaine, FRA",FRI33,,,Name3438109,False,True,True,High
FRA,Large,Consumer Goods,Food & Beverage,"Deux-Sèvres, Poitou-Charentes, Nouvelle-Aquitaine, FRA",FRI33,,,Name3438110,False,True,True,High
FRA,Large,Consumer Goods,Household Products,"Deux-Sèvres, Poitou-Charentes, Nouvelle-Aquitaine, FRA",FRI33,,,Name3438111,True,True,False,Severe
FRA,Large,Consumer Goods,Household Products,"Deux-Sèvres, Poitou-Charentes, Nouvelle-Aquitaine, FRA",FRI33,,,Name3438113,True,False,False,Low
FRA,Large,Consumer Goods,Household Products,"Deux-Sèvres, Poitou-Charentes, Nouvelle-Aquitaine, FRA",FRI33,,,Name3438114,True,False,False,Severe
FRA,Large,Consumer Goods,Household Products,"Deux-Sèvres, Poitou-Charentes, Nouvelle-Aquitaine, FRA",FRI33,,,Name3438116,False,False,True,High
FRA,Large,Consumer Goods,Household Products,"Deux-Sèvres, Poitou-Charentes, Nouvelle-Aquitaine, FRA",FRI33,,,Name3438117,True,True,False,Medium
FRA,Large,Consumer Goods,Household Products,"Deux-Sèvres, Poitou-Charentes, Nouvelle-Aquitaine, FRA",FRI33,,,Name3438118,True,True,False,Severe
FRA,Large,Consumer Goods,Household Products,"Deux-Sèvres, Poitou-Charentes, Nouvelle-Aquitaine, FRA",FRI33,,,Name3438119,False,True,False,Medium
FRA,Large,Consumer Goods,Household Products,"Deux-Sèvres, Poitou-Charentes, Nouvelle-Aquitaine, FRA",FRI33,,,Name3438120,True,False,False,High
FRA,Large,Consumer Goods,Household Products,"Deux-Sèvres, Poitou-Charentes, Nouvelle-Aquitaine, FRA",FRI33,,,Name3438122,True,True,False,High
FRA,Large,Consumer Goods,Household Products,"Deux-Sèvres, Poitou-Charentes, Nouvelle-Aquitaine, FRA",FRI33,,,Name3438123,True,False,False,High
FRA,Large,Consumer Goods,Household Products,"Deux-Sèvres, Poitou-Charentes, Nouvelle-Aquitaine, FRA",FRI33,,,Name3438124,True,False,False,Severe
FRA,Large,Consumer Goods,Household Products,"Deux-Sèvres, Poitou-Charentes, Nouvelle-Aquitaine, FRA",FRI33,,,Name3438125,False,False,True,Low
FRA,Large,Consumer Goods,Household Products,"Deux-Sèvres, Poitou-Charentes, Nouvelle-Aquitaine, FRA",FRI33,,,Name3438126,False,False,True,Severe
FRA,Large,Consumer Goods,Household Products,"Deux-Sèvres, Poitou-Charentes, Nouvelle-Aquitaine, FRA",FRI33,,,Name3438127,False,True,True,High
FRA,Large,Consumer Goods,Household Products,"Deux-Sèvres, Poitou-Charentes, Nouvelle-Aquitaine, FRA",FRI33,,,Name3438128,False,True,False,High
FRA,Large,Consumer Goods,Household Products,"Deux-Sèvres, Poitou-Charentes, Nouvelle-Aquitaine, FRA",FRI33,,,Name3438129,False,True,False,Severe
FRA,Large,Consumer Goods,Household Products,"Deux-Sèvres, Poitou-Charentes, Nouvelle-Aquitaine, FRA",FRI33,,,Name3438130,True,True,False,Low
FRA,Large,Consumer Goods,Household Products,"Deux-Sèvres, Poitou-Charentes, Nouvelle-Aquitaine, FRA",FRI33,,,Name3438131,False,True,True,Medium
FRA,Large,Consumer Goods,Household Products,"Deux-Sèvres, Poitou-Charentes, Nouvelle-Aquitaine, FRA",FRI33,,,Name3438132,False,True,True,High
FRA,Large,Consumer Goods,Household Products,"Deux-Sèvres, Poitou-Charentes, Nouvelle-Aquitaine, FRA",FRI33,,,Name3438133,True,True,False,High
FRA,Large,Consumer Goods,Household Products,"Deux-Sèvres, Poitou-Charentes, Nouvelle-Aquitaine, FRA",FRI33,,,Name3438134,False,True,False,Medium
FRA,Large,Consumer Goods,Household Products,"Deux-Sèvres, Poitou-Charentes, Nouvelle-Aquitaine, FRA",FRI33,,,Name3438135,True,False,False,Severe
FRA,Large,Consumer Goods,Household Products,"Deux-Sèvres, Poitou-Charentes, Nouvelle-Aquitaine, FRA",FRI33,,,Name3438136,True,True,False,Medium
FRA,Large,Consumer Goods,Household Products,"Deux-Sèvres, Poitou-Charentes, Nouvelle-Aquitaine, FRA",FRI33,,,Name3438137,False,True,False,Medium
FRA,Large,Consumer Goods,Household Products,"Deux-Sèvres, Poitou-Charentes, Nouvelle-Aquitaine, FRA",FRI33,,,Name3438138,True,False,False,High
FRA,Large,Consumer Goods,Household Products,"Deux-Sèvres, Poitou-Charentes, Nouvelle-Aquitaine, FRA",FRI33,,,Name3438140,True,False,False,Low
FRA,Large,Consumer Goods,Apparel,"Deux-Sèvres, Poitou-Charentes, Nouvelle-Aquitaine, FRA",FRI33,,,Name3438141,False,True,True,Low
FRA,Large,Consumer Goods,Apparel,"Deux-Sèvres, Poitou-Charentes, Nouvelle-Aquitaine, FRA",FRI33,,,Name3438142,True,True,False,Low
FRA,Large,Consumer Goods,Apparel,"Deux-Sèvres, Poitou-Charentes, Nouvelle-Aquitaine, FRA",FRI33,,,Name3438143,False,False,True,Low
FRA,Large,Consumer Goods,Apparel,"Deux-Sèvres, Poitou-Charentes, Nouvelle-Aquitaine, FRA",FRI33,,,Name3438144,True,True,False,Medium
FRA,Large,Consumer Goods,Apparel,"Deux-Sèvres, Poitou-Charentes, Nouvelle-Aquitaine, FRA",FRI33,,,Name3438145,False,True,True,High
FRA,Large,Consumer Goods,Apparel,"Deux-Sèvres, Poitou-Charentes, Nouvelle-Aquitaine, FRA",FRI33,,,Name3438146,False,True,True,Severe
FRA,Large,Consumer Goods,Apparel,"Deux-Sèvres, Poitou-Charentes, Nouvelle-Aquitaine, FRA",FRI33,,,Name3438147,True,True,False,High
FRA,Large,Consumer Goods,Apparel,"Deux-Sèvres, Poitou-Charentes, Nouvelle-Aquitaine, FRA",FRI33,,,Name3438148,True,False,False,Severe
FRA,Large,Consumer Goods,Apparel,"Deux-Sèvres, Poitou-Charentes, Nouvelle-Aquitaine, FRA",FRI33,,,Name3438149,True,True,False,Severe
FRA,Large,Consumer Goods,Apparel,"Deux-Sèvres, Poitou-Charentes, Nouvelle-Aquitaine, FRA",FRI33,,,Name3438151,False,True,True,Severe
FRA,Large,Consumer Goods,Apparel,"Deux-Sèvres, Poitou-Charentes, Nouvelle-Aquitaine, FRA",FRI33,,,Name3438152,False,False,True,Low
FRA,Large,Consumer Goods,Apparel,"Deux-Sèvres, Poitou-Charentes, Nouvelle-Aquitaine, FRA",FRI33,,,Name3438153,False,False,True,Low
FRA,Large,Consumer Goods,Apparel,"Deux-Sèvres, Poitou-Charentes, Nouvelle-Aquitaine, FRA",FRI33,,,Name3438154,False,True,True,Medium
FRA,Large,Consumer Goods,Apparel,"Deux-Sèvres, Poitou-Charentes, Nouvelle-Aquitaine, FRA",FRI33,,,Name3438155,True,False,False,High
FRA,Large,Consumer Goods,Apparel,"Deux-Sèvres, Poitou-Charentes, Nouvelle-Aquitaine, FRA",FRI33,,,Name3438156,True,True,False,Severe
FRA,Large,Consumer Goods,Apparel,"Deux-Sèvres, Poitou-Charentes, Nouvelle-Aquitaine, FRA",FRI33,,,Name3438157,False,False,True,Low
FRA,Large,Consumer Goods,Apparel,"Deux-Sèvres, Poitou-Charentes, Nouvelle-Aquitaine, FRA",FRI33,,,Name3438159,False,True,True,Medium
FRA,Large,Utilities,Electric,"Deux-Sèvres, Poitou-Charentes, Nouvelle-Aquitaine, FRA",FRI33,,,Name3438161,False,True,False,High
FRA,Large,Utilities,Electric,"Deux-Sèvres, Poitou-Charentes, Nouvelle-Aquitaine, FRA",FRI33,,,Name3438162,True,True,False,Severe
FRA,Large,Utilities,Electric,"Deux-Sèvres, Poitou-Charentes, Nouvelle-Aquitaine, FRA",FRI33,,,Name3438163,True,True,False,Severe
FRA,Large,Utilities,Electric,"Deux-Sèvres, Poitou-Charentes, Nouvelle-Aquitaine, FRA",FRI33,,,Name3438164,True,True,False,High
FRA,Large,Utilities,Electric,"Deux-Sèvres, Poitou-Charentes, Nouvelle-Aquitaine, FRA",FRI33,,,Name3438165,True,False,False,High
FRA,Large,Utilities,Water,"Deux-Sèvres, Poitou-Charentes, Nouvelle-Aquitaine, FRA",FRI33,,,Name3438166,False,False,True,Severe
FRA,Large,Utilities,Water,"Deux-Sèvres, Poitou-Charentes, Nouvelle-Aquitaine, FRA",FRI33,,,Name3438167,False,True,True,Severe
FRA,Large,Utilities,Water,"Deux-Sèvres, Poitou-Charentes, Nouvelle-Aquitaine, FRA",FRI33,,,Name3438169,False,True,False,Low
FRA,Large,Utilities,Water,"Deux-Sèvres, Poitou-Charentes, Nouvelle-Aquitaine, FRA",FRI33,,,Name3438170,False,True,False,Severe
FRA,Large,Utilities,Water,"Deux-Sèvres, Poitou-Charentes, Nouvelle-Aquitaine, FRA",FRI33,,,Name3438171,True,False,False,Low
FRA,Large,Utilities,Water,"Deux-Sèvres, Poitou-Charentes, Nouvelle-Aquitaine, FRA",FRI33,,,Name3438172,False,False,True,Severe
FRA,Large,Utilities,Water,"Deux-Sèvres, Poitou-Charentes, Nouvelle-Aquitaine, FRA",FRI33,,,Name3438173,False,True,True,High
FRA,Large,Utilities,Water,"Deux-Sèvres, Poitou-Charentes, Nouvelle-Aquitaine, FRA",FRI33,,,Name3438174,True,False,False,Severe
FRA,Large,Utilities,Water,"Deux-Sèvres, Poitou-Charentes, Nouvelle-Aquitaine, FRA",FRI33,,,Name3438175,True,False,False,Severe
FRA,Large,Utilities,Water,"Deux-Sèvres, Poitou-Charentes, Nouvelle-Aquitaine, FRA",FRI33,,,Name3438176,False,False,True,High
FRA,Large,Utilities,Water,"Deux-Sèvres, Poitou-Charentes, Nouvelle-Aquitaine, FRA",FRI33,,,Name3438178,False,False,True,High
FRA,Large,Utilities,Water,"Deux-Sèvres, Poitou-Charentes, Nouvelle-Aquitaine, FRA",FRI33,,,Name3438179,False,False,True,Low
FRA,Large,Utilities,Water,"Deux-Sèvres, Poitou-Charentes, Nouvelle-Aquitaine, FRA",FRI33,,,Name3438180,True,True,False,Severe
FRA,Large,Utilities,Water,"Deux-Sèvres, Poitou-Charentes, Nouvelle-Aquitaine, FRA",FRI33,,,Name3438181,False,True,False,Low
FRA,Large,Utilities,Water,"Deux-Sèvres, Poitou-Charentes, Nouvelle-Aquitaine, FRA",FRI33,,,Name3438182,False,True,True,Low
FRA,Large,Utilities,Water,"Deux-Sèvres, Poitou-Charentes, Nouvelle-Aquitaine, FRA",FRI33,,,Name3438183,False,False,True,Medium
FRA,Large,Utilities,Water,"Deux-Sèvres, Poitou-Charentes, Nouvelle-Aquitaine, FRA",FRI33,,,Name3438184,True,False,False,Medium
FRA,Large,Utilities,Water,"Deux-Sèvres, Poitou-Charentes, Nouvelle-Aquitaine, FRA",FRI33,,,Name3438185,True,True,False,Low
FRA,Large,Utilities,Water,"Deux-Sèvres, Poitou-Charentes, Nouvelle-Aquitaine, FRA",FRI33,,,Name3438186,True,False,False,High
FRA,Large,Utilities,Water,"Deux-Sèvres, Poitou-Charentes, Nouvelle-Aquitaine, FRA",FRI33,,,Name3438187,False,True,True,Medium
FRA,Large,Utilities,Water,"Deux-Sèvres, Poitou-Charentes, Nouvelle-Aquitaine, FRA",FRI33,,,Name3438188,True,True,False,Low
FRA,Large,Utilities,Water,"Deux-Sèvres, Poitou-Charentes, Nouvelle-Aquitaine, FRA",FRI33,,,Name3438190,False,False,True,Low
FRA,Large,Utilities,Water,"Deux-Sèvres, Poitou-Charentes, Nouvelle-Aquitaine, FRA",FRI33,,,Name3438191,False,True,False,Medium
FRA,Large,Utilities,Water,"Deux-Sèvres, Poitou-Charentes, Nouvelle-Aquitaine, FRA",FRI33,,,Name3438192,True,False,False,Severe
FRA,Large,Utilities,Water,"Deux-Sèvres, Poitou-Charentes, Nouvelle-Aquitaine, FRA",FRI33,,,Name3438193,False,True,True,High
FRA,Large,Utilities,Water,"Deux-Sèvres, Poitou-Charentes, Nouvelle-Aquitaine, FRA",FRI33,,,Name3438194,False,True,False,Low
FRA,Large,Utilities,Water,"Deux-Sèvres, Poitou-Charentes, Nouvelle-Aquitaine, FRA",FRI33,,,Name3438195,False,True,False,Medium
FRA,Large,Utilities,Water,"Deux-Sèvres, Poitou-Charentes, Nouvelle-Aquitaine, FRA",FRI33,,,Name3438196,True,True,False,High
FRA,Large,Utilities,Water,"Deux-Sèvres, Poitou-Charentes, Nouvelle-Aquitaine, FRA",FRI33,,,Name3438197,False,False,True,Medium
FRA,Large,Utilities,Water,"Deux-Sèvres, Poitou-Charentes, Nouvelle-Aquitaine, FRA",FRI33,,,Name3438198,True,True,False,Severe
FRA,Large,Utilities,Water,"Deux-Sèvres, Poitou-Charentes, Nouvelle-Aquitaine, FRA",FRI33,,,Name3438199,False,False,True,Severe
FRA,Large,Utilities,Water,"Deux-Sèvres, Poitou-Charentes, Nouvelle-Aquitaine, FRA",FRI33,,,Name3438200,False,False,True,Medium
FRA,Large,Utilities,Water,"Deux-Sèvres, Poitou-Charentes, Nouvelle-Aquitaine, FRA",FRI33,,,Name3438201,True,True,False,Severe
FRA,Large,Utilities,Water,"Deux-Sèvres, Poitou-Charentes, Nouvelle-Aquitaine, FRA",FRI33,,,Name3438203,False,True,True,Low
FRA,Large,Utilities,Water,"Deux-Sèvres, Poitou-Charentes, Nouvelle-Aquitaine, FRA",FRI33,,,Name3438204,False,False,True,Low
FRA,Large,Utilities,Water,"Deux-Sèvres, Poitou-Charentes, Nouvelle-Aquitaine, FRA",FRI33,,,Name3438205,False,True,True,Medium
FRA,Large,Utilities,Water,"Deux-Sèvres, Poitou-Charentes, Nouvelle-Aquitaine, FRA",FRI33,,,Name3438206,True,False,False,Medium
FRA,Large,Utilities,Gas,"Deux-Sèvres, Poitou-Charentes, Nouvelle-Aquitaine, FRA",FRI33,,,Name3438207,False,False,True,Severe
FRA,Large,Utilities,Gas,"Deux-Sèvres, Poitou-Charentes, Nouvelle-Aquitaine, FRA",FRI33,,,Name3438208,True,False,False,Medium
FRA,Large,Utilities,Gas,"Deux-Sèvres, Poitou-Charentes, Nouvelle-Aquitaine, FRA",FRI33,,,Name3438209,False,True,True,Severe
FRA,Large,Utilities,Gas,"Deux-Sèvres, Poitou-Charentes, Nouvelle-Aquitaine, FRA",FRI33,,,Name3438210,True,False,False,High
FRA,Large,Utilities,Gas,"Deux-Sèvres, Poitou-Charentes, Nouvelle-Aquitaine, FRA",FRI33,,,Name3438211,True,False,False,High
FRA,Large,Utilities,Gas,"Deux-Sèvres, Poitou-Charentes, Nouvelle-Aquitaine, FRA",FRI33,,,Name3438212,False,True,False,Medium
FRA,Large,Utilities,Gas,"Deux-Sèvres, Poitou-Charentes, Nouvelle-Aquitaine, FRA",FRI33,,,Name3438213,False,True,True,Severe
FRA,Large,Utilities,Gas,"Deux-Sèvres, Poitou-Charentes, Nouvelle-Aquitaine, FRA",FRI33,,,Name3438214,True,True,False,Low
FRA,Large,Utilities,Gas,"Deux-Sèvres, Poitou-Charentes, Nouvelle-Aquitaine, FRA",FRI33,,,Name3438215,False,False,True,Severe
FRA,Large,Utilities,Gas,"Deux-Sèvres, Poitou-Charentes, Nouvelle-Aquitaine, FRA",FRI33,,,Name3438216,True,True,False,Medium
FRA,Large,Utilities,Gas,"Deux-Sèvres, Poitou-Charentes, Nouvelle-Aquitaine, FRA",FRI33,,,Name3438218,True,True,False,Low
FRA,Large,Utilities,Gas,"Deux-Sèvres, Poitou-Charentes, Nouvelle-Aquitaine, FRA",FRI33,,,Name3438219,True,False,False,Low
FRA,Large,Utilities,Gas,"Deux-Sèvres, Poitou-Charentes, Nouvelle-Aquitaine, FRA",FRI33,,,Name3438220,True,False,False,High
FRA,Large,Utilities,Gas,"Deux-Sèvres, Poitou-Charentes, Nouvelle-Aquitaine, FRA",FRI33,,,Name3438221,True,False,False,High
FRA,Large,Utilities,Gas,"Deux-Sèvres, Poitou-Charentes, Nouvelle-Aquitaine, FRA",FRI33,,,Name3438222,False,True,True,Medium
FRA,Large,Utilities,Gas,"Deux-Sèvres, Poitou-Charentes, Nouvelle-Aquitaine, FRA",FRI33,,,Name3438223,True,False,False,High
FRA,Large,Utilities,Gas,"Deux-Sèvres, Poitou-Charentes, Nouvelle-Aquitaine, FRA",FRI33,,,Name3438224,True,True,False,Medium
FRA,Large,Utilities,Gas,"Deux-Sèvres, Poitou-Charentes, Nouvelle-Aquitaine, FRA",FRI33,,,Name3438225,False,True,False,High
FRA,Large,Utilities,Gas,"Deux-Sèvres, Poitou-Charentes, Nouvelle-Aquitaine, FRA",FRI33,,,Name3438226,False,True,False,Low
FRA,Large,Utilities,Gas,"Deux-Sèvres, Poitou-Charentes, Nouvelle-Aquitaine, FRA",FRI33,,,Name3438227,False,True,False,Severe
FRA,Large,Utilities,Gas,"Deux-Sèvres, Poitou-Charentes, Nouvelle-Aquitaine, FRA",FRI33,,,Name3438228,False,True,True,High
FRA,Large,Utilities,Gas,"Deux-Sèvres, Poitou-Charentes, Nouvelle-Aquitaine, FRA",FRI33,,,Name3438230,False,True,False,High
FRA,Large,Utilities,Gas,"Deux-Sèvres, Poitou-Charentes, Nouvelle-Aquitaine, FRA",FRI33,,,Name3438231,True,False,False,Medium
FRA,Large,Utilities,Gas,"Deux-Sèvres, Poitou-Charentes, Nouvelle-Aquitaine, FRA",FRI33,,,Name3438232,True,True,False,Low
FRA,Large,Utilities,Gas,"Deux-Sèvres, Poitou-Charentes, Nouvelle-Aquitaine, FRA",FRI33,,,Name3438233,True,True,False,Medium
FRA,Large,Utilities,Gas,"Deux-Sèvres, Poitou-Charentes, Nouvelle-Aquitaine, FRA",FRI33,,,Name3438234,True,True,False,Medium
FRA,Large,Utilities,Gas,"Deux-Sèvres, Poitou-Charentes, Nouvelle-Aquitaine, FRA",FRI33,,,Name3438235,True,True,False,Severe
FRA,Large,Utilities,Gas,"Deux-Sèvres, Poitou-Charentes, Nouvelle-Aquitaine, FRA",FRI33,,,Name3438236,False,False,True,Medium
FRA,Large,Utilities,Gas,"Deux-Sèvres, Poitou-Charentes, Nouvelle-Aquitaine, FRA",FRI33,,,Name3438237,True,True,False,High
FRA,Large,Utilities,Gas,"Deux-Sèvres, Poitou-Charentes, Nouvelle-Aquitaine, FRA",FRI33,,,Name3438238,True,False,False,Severe
FRA,Large,Utilities,Gas,"Deux-Sèvres, Poitou-Charentes, Nouvelle-Aquitaine, FRA",FRI33,,,Name3438239,False,False,True,High
FRA,Large,Utilities,Gas,"Deux-Sèvres, Poitou-Charentes, Nouvelle-Aquitaine, FRA",FRI33,,,Name3438240,True,False,False,Severe
FRA,Large,Utilities,Gas,"Deux-Sèvres, Poitou-Charentes, Nouvelle-Aquitaine, FRA",FRI33,,,Name3438241,True,False,False,Severe
FRA,Large,Utilities,Gas,"Deux-Sèvres, Poitou-Charentes, Nouvelle-Aquitaine, FRA",FRI33,,,Name3438242,False,True,True,Severe
FRA,Large,Utilities,Gas,"Deux-Sèvres, Poitou-Charentes, Nouvelle-Aquitaine, FRA",FRI33,,,Name3438243,True,False,False,Medium
FRA,Large,Utilities,Gas,"Deux-Sèvres, Poitou-Charentes, Nouvelle-Aquitaine, FRA",FRI33,,,Name3438244,True,False,False,Severe
FRA,Large,Utilities,Gas,"Deux-Sèvres, Poitou-Charentes, Nouvelle-Aquitaine, FRA",FRI33,,,Name3438245,True,False,False,Medium
FRA,Large,Utilities,Gas,"Deux-Sèvres, Poitou-Charentes, Nouvelle-Aquitaine, FRA",FRI33,,,Name3438246,True,False,False,Low
FRA,Large,Utilities,Gas,"Deux-Sèvres, Poitou-Charentes, Nouvelle-Aquitaine, FRA",FRI33,,,Name3438248,True,True,False,Severe
FRA,Large,Utilities,Gas,"Deux-Sèvres, Poitou-Charentes, Nouvelle-Aquitaine, FRA",FRI33,,,Name3438249,False,False,True,Low
FRA,Large,Utilities,Gas,"Deux-Sèvres, Poitou-Charentes, Nouvelle-Aquitaine, FRA",FRI33,,,Name3438250,True,True,False,Low
FRA,Large,Utilities,Gas,"Deux-Sèvres, Poitou-Charentes, Nouvelle-Aquitaine, FRA",FRI33,,,Name3438251,True,True,False,Severe
FRA,Large,Utilities,Gas,"Deux-Sèvres, Poitou-Charentes, Nouvelle-Aquitaine, FRA",FRI33,,,Name3438252,False,True,True,Low
FRA,Large,Utilities,Gas,"Deux-Sèvres, Poitou-Charentes, Nouvelle-Aquitaine, FRA",FRI33,,,Name3438253,True,False,False,High
FRA,Large,Utilities,Gas,"Deux-Sèvres, Poitou-Charentes, Nouvelle-Aquitaine, FRA",FRI33,,,Name3438254,False,True,False,Severe
FRA,Large,Real Estate,Residential,"Deux-Sèvres, Poitou-Charentes, Nouvelle-Aquitaine, FRA",FRI33,,,Name3438255,True,True,False,Medium
FRA,Large,Real Estate,Residential,"Deux-Sèvres, Poitou-Charentes, Nouvelle-Aquitaine, FRA",FRI33,,,Name3438256,False,False,True,Low
FRA,Large,Real Estate,Residential,"Deux-Sèvres, Poitou-Charentes, Nouvelle-Aquitaine, FRA",FRI33,,,Name3438257,False,True,False,Medium
FRA,Large,Real Estate,Residential,"Deux-Sèvres, Poitou-Charentes, Nouvelle-Aquitaine, FRA",FRI33,,,Name3438258,True,True,False,Severe
FRA,Large,Real Estate,Residential,"Deux-Sèvres, Poitou-Charentes, Nouvelle-Aquitaine, FRA",FRI33,,,Name3438259,True,True,False,High
FRA,Large,Real Estate,Residential,"Deux-Sèvres, Poitou-Charentes, Nouvelle-Aquitaine, FRA",FRI33,,,Name3438260,False,False,True,Low
FRA,Large,Real Estate,Residential,"Deux-Sèvres, Poitou-Charentes, Nouvelle-Aquitaine, FRA",FRI33,,,Name3438261,True,False,False,Low
FRA,Large,Real Estate,Residential,"Deux-Sèvres, Poitou-Charentes, Nouvelle-Aquitaine, FRA",FRI33,,,Name3438262,False,False,True,Low
FRA,Large,Real Estate,Residential,"Deux-Sèvres, Poitou-Charentes, Nouvelle-Aquitaine, FRA",FRI33,,,Name3438263,False,True,True,Severe
FRA,Large,Real Estate,Residential,"Deux-Sèvres, Poitou-Charentes, Nouvelle-Aquitaine, FRA",FRI33,,,Name3438264,True,True,False,High
FRA,Large,Real Estate,Residential,"Deux-Sèvres, Poitou-Charentes, Nouvelle-Aquitaine, FRA",FRI33,,,Name3438265,False,False,True,High
FRA,Large,Real Estate,Residential,"Deux-Sèvres, Poitou-Charentes, Nouvelle-Aquitaine, FRA",FRI33,,,Name3438266,True,True,False,Severe
FRA,Large,Real Estate,Residential,"Deux-Sèvres, Poitou-Charentes, Nouvelle-Aquitaine, FRA",FRI33,,,Name3438267,True,True,False,Severe
FRA,Large,Real Estate,Residential,"Deux-Sèvres, Poitou-Charentes, Nouvelle-Aquitaine, FRA",FRI33,,,Name3438268,True,True,False,Medium
FRA,Large,Real Estate,Residential,"Deux-Sèvres, Poitou-Charentes, Nouvelle-Aquitaine, FRA",FRI33,,,Name3438269,True,False,False,Medium
FRA,Large,Real Estate,Residential,"Deux-Sèvres, Poitou-Charentes, Nouvelle-Aquitaine, FRA",FRI33,,,Name3438270,False,True,True,Severe
FRA,Large,Real Estate,Residential,"Deux-Sèvres, Poitou-Charentes, Nouvelle-Aquitaine, FRA",FRI33,,,Name3438271,False,True,False,Medium
FRA,Large,Real Estate,Residential,"Deux-Sèvres, Poitou-Charentes, Nouvelle-Aquitaine, FRA",FRI33,,,Name3438272,True,False,False,Severe
FRA,Large,Real Estate,Residential,"Deux-Sèvres, Poitou-Charentes, Nouvelle-Aquitaine, FRA",FRI33,,,Name3438274,False,True,True,Severe
FRA,Large,Real Estate,Residential,"Deux-Sèvres, Poitou-Charentes, Nouvelle-Aquitaine, FRA",FRI33,,,Name3438275,False,True,True,Medium
FRA,Large,Real Estate,Residential,"Deux-Sèvres, Poitou-Charentes, Nouvelle-Aquitaine, FRA",FRI33,,,Name3438276,False,False,True,Medium
FRA,Large,Real Estate,Residential,"Deux-Sèvres, Poitou-Charentes, Nouvelle-Aquitaine, FRA",FRI33,,,Name3438277,False,True,True,Low
FRA,Large,Real Estate,Residential,"Deux-Sèvres, Poitou-Charentes, Nouvelle-Aquitaine, FRA",FRI33,,,Name3438278,False,True,True,Medium
FRA,Large,Real Estate,Residential,"Deux-Sèvres, Poitou-Charentes, Nouvelle-Aquitaine, FRA",FRI33,,,Name3438279,True,True,False,Low
FRA,Large,Real Estate,Residential,"Deux-Sèvres, Poitou-Charentes, Nouvelle-Aquitaine, FRA",FRI33,,,Name3438281,True,False,False,Medium
FRA,Large,Real Estate,Residential,"Deux-Sèvres, Poitou-Charentes, Nouvelle-Aquitaine, FRA",FRI33,,,Name3438282,True,True,False,Severe
FRA,Large,Real Estate,Residential,"Deux-Sèvres, Poitou-Charentes, Nouvelle-Aquitaine, FRA",FRI33,,,Name3438283,True,True,False,Severe
FRA,Large,Real Estate,Residential,"Deux-Sèvres, Poitou-Charentes, Nouvelle-Aquitaine, FRA",FRI33,,,Name3438284,False,True,False,Low
FRA,Large,Real Estate,Residential,"Deux-Sèvres, Poitou-Charentes, Nouvelle-Aquitaine, FRA",FRI33,,,Name3438285,False,True,True,Low
FRA,Large,Real Estate,Residential,"Deux-Sèvres, Poitou-Charentes, Nouvelle-Aquitaine, FRA",FRI33,,,Name3438286,True,False,False,High
FRA,Large,Real Estate,Residential,"Deux-Sèvres, Poitou-Charentes, Nouvelle-Aquitaine, FRA",FRI33,,,Name3438287,True,True,False,Low
FRA,Large,Real Estate,Residential,"Deux-Sèvres, Poitou-Charentes, Nouvelle-Aquitaine, FRA",FRI33,,,Name3438288,True,True,False,High
FRA,Large,Real Estate,Commercial,"Deux-Sèvres, Poitou-Charentes, Nouvelle-Aquitaine, FRA",FRI33,,,Name3438289,True,True,False,Low
FRA,Large,Real Estate,Commercial,"Deux-Sèvres, Poitou-Charentes, Nouvelle-Aquitaine, FRA",FRI33,,,Name3438290,True,True,False,Severe
FRA,Large,Real Estate,Commercial,"Deux-Sèvres, Poitou-Charentes, Nouvelle-Aquitaine, FRA",FRI33,,,Name3438291,False,True,True,Medium
FRA,Large,Real Estate,Commercial,"Deux-Sèvres, Poitou-Charentes, Nouvelle-Aquitaine, FRA",FRI33,,,Name3438292,True,True,False,Low
FRA,Large,Real Estate,Commercial,"Deux-Sèvres, Poitou-Charentes, Nouvelle-Aquitaine, FRA",FRI33,,,Name3438293,True,False,False,Medium
FRA,Large,Real Estate,Commercial,"Deux-Sèvres, Poitou-Charentes, Nouvelle-Aquitaine, FRA",FRI33,,,Name3438294,True,True,False,Low
FRA,Large,Real Estate,Commercial,"Deux-Sèvres, Poitou-Charentes, Nouvelle-Aquitaine, FRA",FRI33,,,Name3438295,False,True,False,Medium
FRA,Large,Real Estate,Commercial,"Deux-Sèvres, Poitou-Charentes, Nouvelle-Aquitaine, FRA",FRI33,,,Name3438296,True,False,False,Low
FRA,Large,Real Estate,Commercial,"Deux-Sèvres, Poitou-Charentes, Nouvelle-Aquitaine, FRA",FRI33,,,Name3438297,True,True,False,High
FRA,Large,Real Estate,Commercial,"Deux-Sèvres, Poitou-Charentes, Nouvelle-Aquitaine, FRA",FRI33,,,Name3438298,False,True,False,Medium
FRA,Large,Real Estate,Commercial,"Deux-Sèvres, Poitou-Charentes, Nouvelle-Aquitaine, FRA",FRI33,,,Name3438299,True,True,False,Low
FRA,Large,Real Estate,Commercial,"Deux-Sèvres, Poitou-Charentes, Nouvelle-Aquitaine, FRA",FRI33,,,Name3438300,True,True,False,Low
FRA,Large,Real Estate,Commercial,"Deux-Sèvres, Poitou-Charentes, Nouvelle-Aquitaine, FRA",FRI33,,,Name3438301,True,True,False,Low
FRA,Large,Real Estate,Commercial,"Deux-Sèvres, Poitou-Charentes, Nouvelle-Aquitaine, FRA",FRI33,,,Name3438302,True,False,False,High
FRA,Large,Real Estate,Commercial,"Deux-Sèvres, Poitou-Charentes, Nouvelle-Aquitaine, FRA",FRI33,,,Name3438304,True,True,False,Medium
FRA,Large,Real Estate,Commercial,"Deux-Sèvres, Poitou-Charentes, Nouvelle-Aquitaine, FRA",FRI33,,,Name3438305,False,False,True,Medium
FRA,Large,Real Estate,Commercial,"Deux-Sèvres, Poitou-Charentes, Nouvelle-Aquitaine, FRA",FRI33,,,Name3438306,True,False,False,Medium
FRA,Large,Real Estate,Commercial,"Deux-Sèvres, Poitou-Charentes, Nouvelle-Aquitaine, FRA",FRI33,,,Name3438307,False,True,False,Low
FRA,Large,Real Estate,Commercial,"Deux-Sèvres, Poitou-Charentes, Nouvelle-Aquitaine, FRA",FRI33,,,Name3438309,True,False,False,Severe
FRA,Large,Real Estate,Commercial,"Deux-Sèvres, Poitou-Charentes, Nouvelle-Aquitaine, FRA",FRI33,,,Name3438311,False,True,True,Low
FRA,Large,Real Estate,Commercial,"Deux-Sèvres, Poitou-Charentes, Nouvelle-Aquitaine, FRA",FRI33,,,Name3438312,False,True,False,Severe
FRA,Large,Real Estate,Commercial,"Deux-Sèvres, Poitou-Charentes, Nouvelle-Aquitaine, FRA",FRI33,,,Name3438313,False,False,True,Low
FRA,Large,Real Estate,Commercial,"Deux-Sèvres, Poitou-Charentes, Nouvelle-Aquitaine, FRA",FRI33,,,Name3438314,False,False,True,Low
FRA,Large,Real Estate,Commercial,"Deux-Sèvres, Poitou-Charentes, Nouvelle-Aquitaine, FRA",FRI33,,,Name3438315,True,False,False,High
FRA,Large,Real Estate,Commercial,"Deux-Sèvres, Poitou-Charentes, Nouvelle-Aquitaine, FRA",FRI33,,,Name3438316,True,False,False,High
FRA,Large,Real Estate,Commercial,"Deux-Sèvres, Poitou-Charentes, Nouvelle-Aquitaine, FRA",FRI33,,,Name3438317,True,False,False,Medium
FRA,Large,Real Estate,Commercial,"Deux-Sèvres, Poitou-Charentes, Nouvelle-Aquitaine, FRA",FRI33,,,Name3438318,True,True,False,Severe
FRA,Large,Real Estate,Commercial,"Deux-Sèvres, Poitou-Charentes, Nouvelle-Aquitaine, FRA",FRI33,,,Name3438319,True,False,False,Severe
FRA,Large,Real Estate,Commercial,"Deux-Sèvres, Poitou-Charentes, Nouvelle-Aquitaine, FRA",FRI33,,,Name3438320,False,True,False,Severe
FRA,Large,Real Estate,Commercial,"Deux-Sèvres, Poitou-Charentes, Nouvelle-Aquitaine, FRA",FRI33,,,Name3438321,True,False,False,Low
FRA,Large,Real Estate,Commercial,"Deux-Sèvres, Poitou-Charentes, Nouvelle-Aquitaine, FRA",FRI33,,,Name3438322,False,False,True,High
FRA,Large,Real Estate,Commercial,"Deux-Sèvres, Poitou-Charentes, Nouvelle-Aquitaine, FRA",FRI33,,,Name3438323,False,False,True,High
FRA,Large,Real Estate,Commercial,"Deux-Sèvres, Poitou-Charentes, Nouvelle-Aquitaine, FRA",FRI33,,,Name3438324,True,True,False,Medium
FRA,Large,Real Estate,Commercial,"Deux-Sèvres, Poitou-Charentes, Nouvelle-Aquitaine, FRA",FRI33,,,Name3438325,True,False,False,Low
FRA,Large,Real Estate,Commercial,"Deux-Sèvres, Poitou-Charentes, Nouvelle-Aquitaine, FRA",FRI33,,,Name3438327,True,False,False,Severe
FRA,Large,Real Estate,Commercial,"Deux-Sèvres, Poitou-Charentes, Nouvelle-Aquitaine, FRA",FRI33,,,Name3438328,False,False,True,Low
FRA,Large,Real Estate,Commercial,"Deux-Sèvres, Poitou-Charentes, Nouvelle-Aquitaine, FRA",FRI33,,,Name3438330,True,True,False,Low
FRA,Large,Real Estate,Commercial,"Deux-Sèvres, Poitou-Charentes, Nouvelle-Aquitaine, FRA",FRI33,,,Name3438331,True,True,False,Medium
FRA,Large,Real Estate,Commercial,"Deux-Sèvres, Poitou-Charentes, Nouvelle-Aquitaine, FRA",FRI33,,,Name3438332,True,False,False,Medium
FRA,Large,Real Estate,Industrial,"Deux-Sèvres, Poitou-Charentes, Nouvelle-Aquitaine, FRA",FRI33,,,Name3438333,False,False,True,Medium
FRA,Large,Real Estate,Industrial,"Deux-Sèvres, Poitou-Charentes, Nouvelle-Aquitaine, FRA",FRI33,,,Name3438334,False,True,True,Medium
FRA,Large,Real Estate,Industrial,"Deux-Sèvres, Poitou-Charentes, Nouvelle-Aquitaine, FRA",FRI33,,,Name3438335,True,False,False,Severe
FRA,Large,Real Estate,Industrial,"Deux-Sèvres, Poitou-Charentes, Nouvelle-Aquitaine, FRA",FRI33,,,Name3438336,True,False,False,Severe
FRA,Large,Real Estate,Industrial,"Deux-Sèvres, Poitou-Charentes, Nouvelle-Aquitaine, FRA",FRI33,,,Name3438337,True,True,False,Low
FRA,Large,Real Estate,Industrial,"Deux-Sèvres, Poitou-Charentes, Nouvelle-Aquitaine, FRA",FRI33,,,Name3438338,True,True,False,High
FRA,Large,Real Estate,Industrial,"Deux-Sèvres, Poitou-Charentes, Nouvelle-Aquitaine, FRA",FRI33,,,Name3438339,True,True,False,Low
FRA,Large,Real Estate,Industrial,"Deux-Sèvres, Poitou-Charentes, Nouvelle-Aquitaine, FRA",FRI33,,,Name3438340,True,True,False,Severe
FRA,Large,Real Estate,Industrial,"Deux-Sèvres, Poitou-Charentes, Nouvelle-Aquitaine, FRA",FRI33,,,Name3438341,False,True,True,Severe
FRA,Large,Real Estate,Industrial,"Deux-Sèvres, Poitou-Charentes, Nouvelle-Aquitaine, FRA",FRI33,,,Name3438342,True,True,False,Medium
FRA,Large,Real Estate,Industrial,"Deux-Sèvres, Poitou-Charentes, Nouvelle-Aquitaine, FRA",FRI33,,,Name3438343,True,False,False,High
FRA,Large,Real Estate,Industrial,"Deux-Sèvres, Poitou-Charentes, Nouvelle-Aquitaine, FRA",FRI33,,,Name3438344,False,False,True,High
FRA,Large,Real Estate,Industrial,"Deux-Sèvres, Poitou-Charentes, Nouvelle-Aquitaine, FRA",FRI33,,,Name3438345,False,True,False,Severe
FRA,Large,Real Estate,Industrial,"Deux-Sèvres, Poitou-Charentes, Nouvelle-Aquitaine, FRA",FRI33,,,Name3438346,True,False,False,Low
FRA,Large,Real Estate,Industrial,"Deux-Sèvres, Poitou-Charentes, Nouvelle-Aquitaine, FRA",FRI33,,,Name3438347,True,True,False,Medium
FRA,Large,Real Estate,Industrial,"Deux-Sèvres, Poitou-Charentes, Nouvelle-Aquitaine, FRA",FRI33,,,Name3438349,True,True,False,Medium
FRA,Large,Real Estate,Industrial,"Deux-Sèvres, Poitou-Charentes, Nouvelle-Aquitaine, FRA",FRI33,,,Name3438350,True,True,False,Medium
FRA,Large,Real Estate,Industrial,"Deux-Sèvres, Poitou-Charentes, Nouvelle-Aquitaine, FRA",FRI33,,,Name3438351,False,True,True,Low
FRA,Large,Real Estate,Industrial,"Deux-Sèvres, Poitou-Charentes, Nouvelle-Aquitaine, FRA",FRI33,,,Name3438353,True,False,False,Low
FRA,Large,Real Estate,Industrial,"Deux-Sèvres, Poitou-Charentes, Nouvelle-Aquitaine, FRA",FRI33,,,Name3438354,False,False,True,Low
FRA,Large,Real Estate,Industrial,"Deux-Sèvres, Poitou-Charentes, Nouvelle-Aquitaine, FRA",FRI33,,,Name3438355,False,True,True,Low
FRA,Large,Real Estate,Industrial,"Deux-Sèvres, Poitou-Charentes, Nouvelle-Aquitaine, FRA",FRI33,,,Name3438356,False,False,True,High
FRA,Large,Real Estate,Industrial,"Deux-Sèvres, Poitou-Charentes, Nouvelle-Aquitaine, FRA",FRI33,,,Name3438357,False,True,True,Low
FRA,Large,Real Estate,Industrial,"Deux-Sèvres, Poitou-Charentes, Nouvelle-Aquitaine, FRA",FRI33,,,Name3438358,True,False,False,Low
FRA,Large,Real Estate,Industrial,"Deux-Sèvres, Poitou-Charentes, Nouvelle-Aquitaine, FRA",FRI33,,,Name3438359,False,True,False,Severe
FRA,Large,Real Estate,Industrial,"Deux-Sèvres, Poitou-Charentes, Nouvelle-Aquitaine, FRA",FRI33,,,Name3438360,False,True,False,Medium
FRA,Large,Real Estate,Industrial,"Deux-Sèvres, Poitou-Charentes, Nouvelle-Aquitaine, FRA",FRI33,,,Name3438361,False,True,False,High
FRA,Large,Real Estate,Industrial,"Deux-Sèvres, Poitou-Charentes, Nouvelle-Aquitaine, FRA",FRI33,,,Name3438362,True,False,False,Low
FRA,Large,Real Estate,Industrial,"Deux-Sèvres, Poitou-Charentes, Nouvelle-Aquitaine, FRA",FRI33,,,Name3438363,True,True,False,Low
FRA,Large,Real Estate,Industrial,"Deux-Sèvres, Poitou-Charentes, Nouvelle-Aquitaine, FRA",FRI33,,,Name3438364,True,True,False,Low
FRA,Large,Telecommunications,Mobile,"Deux-Sèvres, Poitou-Charentes, Nouvelle-Aquitaine, FRA",FRI33,,,Name3438365,True,True,False,High
FRA,Large,Telecommunications,Mobile,"Deux-Sèvres, Poitou-Charentes, Nouvelle-Aquitaine, FRA",FRI33,,,Name3438366,True,False,False,Low
FRA,Large,Telecommunications,Mobile,"Deux-Sèvres, Poitou-Charentes, Nouvelle-Aquitaine, FRA",FRI33,,,Name3438367,True,True,False,Medium
FRA,Large,Telecommunications,Mobile,"Deux-Sèvres, Poitou-Charentes, Nouvelle-Aquitaine, FRA",FRI33,,,Name3438368,False,True,True,Severe
FRA,Large,Telecommunications,Mobile,"Deux-Sèvres, Poitou-Charentes, Nouvelle-Aquitaine, FRA",FRI33,,,Name3438369,True,True,False,High
FRA,Large,Telecommunications,Mobile,"Deux-Sèvres, Poitou-Charentes, Nouvelle-Aquitaine, FRA",FRI33,,,Name3438370,False,True,False,Low
FRA,Large,Telecommunications,Mobile,"Deux-Sèvres, Poitou-Charentes, Nouvelle-Aquitaine, FRA",FRI33,,,Name3438371,True,True,False,Low
FRA,Large,Telecommunications,Mobile,"Deux-Sèvres, Poitou-Charentes, Nouvelle-Aquitaine, FRA",FRI33,,,Name3438372,True,True,False,Low
FRA,Large,Telecommunications,Mobile,"Deux-Sèvres, Poitou-Charentes, Nouvelle-Aquitaine, FRA",FRI33,,,Name3438373,True,True,False,Medium
FRA,Large,Telecommunications,Mobile,"Deux-Sèvres, Poitou-Charentes, Nouvelle-Aquitaine, FRA",FRI33,,,Name3438374,True,False,False,Medium
FRA,Large,Telecommunications,Mobile,"Deux-Sèvres, Poitou-Charentes, Nouvelle-Aquitaine, FRA",FRI33,,,Name3438376,True,True,False,Severe
FRA,Large,Telecommunications,Mobile,"Deux-Sèvres, Poitou-Charentes, Nouvelle-Aquitaine, FRA",FRI33,,,Name3438377,True,True,False,Severe
FRA,Large,Telecommunications,Mobile,"Deux-Sèvres, Poitou-Charentes, Nouvelle-Aquitaine, FRA",FRI33,,,Name3438378,True,True,False,High
FRA,Large,Telecommunications,Mobile,"Deux-Sèvres, Poitou-Charentes, Nouvelle-Aquitaine, FRA",FRI33,,,Name3438379,False,False,True,High
FRA,Large,Telecommunications,Mobile,"Deux-Sèvres, Poitou-Charentes, Nouvelle-Aquitaine, FRA",FRI33,,,Name3438380,True,True,False,High
FRA,Large,Telecommunications,Mobile,"Deux-Sèvres, Poitou-Charentes, Nouvelle-Aquitaine, FRA",FRI33,,,Name3438383,False,True,False,Medium
FRA,Large,Telecommunications,Mobile,"Deux-Sèvres, Poitou-Charentes, Nouvelle-Aquitaine, FRA",FRI33,,,Name3438384,True,False,False,Medium
FRA,Large,Telecommunications,Mobile,"Deux-Sèvres, Poitou-Charentes, Nouvelle-Aquitaine, FRA",FRI33,,,Name3438385,True,True,False,Medium
FRA,Large,Telecommunications,Mobile,"Deux-Sèvres, Poitou-Charentes, Nouvelle-Aquitaine, FRA",FRI33,,,Name3438386,True,True,False,Severe
FRA,Large,Telecommunications,Mobile,"Deux-Sèvres, Poitou-Charentes, Nouvelle-Aquitaine, FRA",FRI33,,,Name3438387,True,False,False,Severe
FRA,Large,Telecommunications,Mobile,"Deux-Sèvres, Poitou-Charentes, Nouvelle-Aquitaine, FRA",FRI33,,,Name3438388,False,False,True,High
FRA,Large,Telecommunications,Mobile,"Deux-Sèvres, Poitou-Charentes, Nouvelle-Aquitaine, FRA",FRI33,,,Name3438389,True,False,False,Severe
FRA,Large,Telecommunications,Mobile,"Deux-Sèvres, Poitou-Charentes, Nouvelle-Aquitaine, FRA",FRI33,,,Name3438391,False,False,True,Severe
FRA,Large,Telecommunications,Mobile,"Deux-Sèvres, Poitou-Charentes, Nouvelle-Aquitaine, FRA",FRI33,,,Name3438392,True,False,False,Medium
FRA,Large,Telecommunications,Mobile,"Deux-Sèvres, Poitou-Charentes, Nouvelle-Aquitaine, FRA",FRI33,,,Name3438393,True,False,False,Severe
FRA,Large,Telecommunications,Mobile,"Deux-Sèvres, Poitou-Charentes, Nouvelle-Aquitaine, FRA",FRI33,,,Name3438394,True,False,False,Low
FRA,Large,Telecommunications,Mobile,"Deux-Sèvres, Poitou-Charentes, Nouvelle-Aquitaine, FRA",FRI33,,,Name3438395,True,True,False,Low
FRA,Large,Telecommunications,Mobile,"Deux-Sèvres, Poitou-Charentes, Nouvelle-Aquitaine, FRA",FRI33,,,Name3438396,True,True,False,Severe
FRA,Large,Telecommunications,Mobile,"Deux-Sèvres, Poitou-Charentes, Nouvelle-Aquitaine, FRA",FRI33,,,Name3438397,True,True,False,Low
FRA,Large,Telecommunications,Mobile,"Deux-Sèvres, Poitou-Charentes, Nouvelle-Aquitaine, FRA",FRI33,,,Name3438399,True,True,False,Medium
FRA,Large,Telecommunications,Mobile,"Deux-Sèvres, Poitou-Charentes, Nouvelle-Aquitaine, FRA",FRI33,,,Name3438400,True,True,False,Low
FRA,Large,Telecommunications,Mobile,"Deux-Sèvres, Poitou-Charentes, Nouvelle-Aquitaine, FRA",FRI33,,,Name3438401,False,False,True,Medium
FRA,Large,Telecommunications,Mobile,"Deux-Sèvres, Poitou-Charentes, Nouvelle-Aquitaine, FRA",FRI33,,,Name3438402,True,True,False,High
FRA,Large,Telecommunications,Mobile,"Deux-Sèvres, Poitou-Charentes, Nouvelle-Aquitaine, FRA",FRI33,,,Name3438403,True,True,False,High
FRA,Large,Telecommunications,Mobile,"Deux-Sèvres, Poitou-Charentes, Nouvelle-Aquitaine, FRA",FRI33,,,Name3438404,True,False,False,High
FRA,Large,Telecommunications,Mobile,"Deux-Sèvres, Poitou-Charentes, Nouvelle-Aquitaine, FRA",FRI33,,,Name3438405,True,False,False,Low
FRA,Large,Telecommunications,Broadband,"Deux-Sèvres, Poitou-Charentes, Nouvelle-Aquitaine, FRA",FRI33,,,Name3438406,True,False,False,Medium
FRA,Large,Telecommunications,Broadband,"Deux-Sèvres, Poitou-Charentes, Nouvelle-Aquitaine, FRA",FRI33,,,Name3438407,True,True,False,Low
FRA,Large,Telecommunications,Broadband,"Deux-Sèvres, Poitou-Charentes, Nouvelle-Aquitaine, FRA",FRI33,,,Name3438408,True,True,False,Severe
FRA,Large,Telecommunications,Broadband,"Deux-Sèvres, Poitou-Charentes, Nouvelle-Aquitaine, FRA",FRI33,,,Name3438411,False,True,False,Severe
FRA,Large,Telecommunications,Broadband,"Deux-Sèvres, Poitou-Charentes, Nouvelle-Aquitaine, FRA",FRI33,,,Name3438412,True,True,False,Medium
FRA,Large,Telecommunications,Broadband,"Deux-Sèvres, Poitou-Charentes, Nouvelle-Aquitaine, FRA",FRI33,,,Name3438413,False,True,False,Low
FRA,Large,Telecommunications,Broadband,"Deux-Sèvres, Poitou-Charentes, Nouvelle-Aquitaine, FRA",FRI33,,,Name3438415,True,True,False,Medium
FRA,Large,Telecommunications,Broadband,"Deux-Sèvres, Poitou-Charentes, Nouvelle-Aquitaine, FRA",FRI33,,,Name3438416,False,True,True,Medium
FRA,Large,Telecommunications,Broadband,"Deux-Sèvres, Poitou-Charentes, Nouvelle-Aquitaine, FRA",FRI33,,,Name3438417,True,False,False,High
FRA,Large,Telecommunications,Broadband,"Deux-Sèvres, Poitou-Charentes, Nouvelle-Aquitaine, FRA",FRI33,,,Name3438418,True,True,False,Low
FRA,Large,Telecommunications,Broadband,"Deux-Sèvres, Poitou-Charentes, Nouvelle-Aquitaine, FRA",FRI33,,,Name3438419,True,False,False,Low
FRA,Large,Telecommunications,Broadband,"Deux-Sèvres, Poitou-Charentes, Nouvelle-Aquitaine, FRA",FRI33,,,Name3438421,True,True,False,High
FRA,Large,Telecommunications,Broadband,"Deux-Sèvres, Poitou-Charentes, Nouvelle-Aquitaine, FRA",FRI33,,,Name3438422,True,True,False,High
FRA,Large,Telecommunications,Broadband,"Deux-Sèvres, Poitou-Charentes, Nouvelle-Aquitaine, FRA",FRI33,,,Name3438423,True,True,False,Medium
FRA,Large,Telecommunications,Broadband,"Deux-Sèvres, Poitou-Charentes, Nouvelle-Aquitaine, FRA",FRI33,,,Name3438424,True,False,False,Medium
FRA,Large,Telecommunications,Broadband,"Deux-Sèvres, Poitou-Charentes, Nouvelle-Aquitaine, FRA",FRI33,,,Name3438425,False,False,True,Medium
FRA,Large,Telecommunications,Broadband,"Deux-Sèvres, Poitou-Charentes, Nouvelle-Aquitaine, FRA",FRI33,,,Name3438426,True,False,False,Medium
FRA,Large,Telecommunications,Broadband,"Deux-Sèvres, Poitou-Charentes, Nouvelle-Aquitaine, FRA",FRI33,,,Name3438429,True,True,False,Medium
FRA,Large,Telecommunications,Broadband,"Deux-Sèvres, Poitou-Charentes, Nouvelle-Aquitaine, FRA",FRI33,,,Name3438430,True,False,False,Medium
FRA,Large,Telecommunications,Broadband,"Deux-Sèvres, Poitou-Charentes, Nouvelle-Aquitaine, FRA",FRI33,,,Name3438431,False,True,True,Low
FRA,Large,Telecommunications,Broadband,"Deux-Sèvres, Poitou-Charentes, Nouvelle-Aquitaine, FRA",FRI33,,,Name3438432,False,True,False,Medium
FRA,Large,Telecommunications,Broadband,"Deux-Sèvres, Poitou-Charentes, Nouvelle-Aquitaine, FRA",FRI33,,,Name3438433,True,False,False,High
FRA,Large,Telecommunications,Broadband,"Deux-Sèvres, Poitou-Charentes, Nouvelle-Aquitaine, FRA",FRI33,,,Name3438434,False,True,True,Low
FRA,Large,Telecommunications,Broadband,"Deux-Sèvres, Poitou-Charentes, Nouvelle-Aquitaine, FRA",FRI33,,,Name3438436,True,False,False,Medium
FRA,Large,Telecommunications,Broadband,"Deux-Sèvres, Poitou-Charentes, Nouvelle-Aquitaine, FRA",FRI33,,,Name3438437,False,True,True,Medium
FRA,Large,Telecommunications,Broadband,"Deux-Sèvres, Poitou-Charentes, Nouvelle-Aquitaine, FRA",FRI33,,,Name3438438,True,True,False,High
FRA,Large,Telecommunications,Broadband,"Deux-Sèvres, Poitou-Charentes, Nouvelle-Aquitaine, FRA",FRI33,,,Name3438439,True,True,False,Severe
FRA,Large,Telecommunications,Broadband,"Deux-Sèvres, Poitou-Charentes, Nouvelle-Aquitaine, FRA",FRI33,,,Name3438440,True,False,False,Low
FRA,Large,Telecommunications,Broadband,"Deux-Sèvres, Poitou-Charentes, Nouvelle-Aquitaine, FRA",FRI33,,,Name3438441,True,True,False,High
FRA,Large,Telecommunications,Broadband,"Deux-Sèvres, Poitou-Charentes, Nouvelle-Aquitaine, FRA",FRI33,,,Name3438442,False,False,True,High
FRA,Large,Telecommunications,Broadband,"Deux-Sèvres, Poitou-Charentes, Nouvelle-Aquitaine, FRA",FRI33,,,Name3438443,True,True,False,Severe
FRA,Large,Telecommunications,Broadband,"Deux-Sèvres, Poitou-Charentes, Nouvelle-Aquitaine, FRA",FRI33,,,Name3438444,True,True,False,Severe
FRA,Large,Telecommunications,Broadband,"Deux-Sèvres, Poitou-Charentes, Nouvelle-Aquitaine, FRA",FRI33,,,Name3438445,True,False,False,Severe
FRA,Large,Telecommunications,Broadband,"Deux-Sèvres, Poitou-Charentes, Nouvelle-Aquitaine, FRA",FRI33,,,Name3438446,True,True,False,Medium
FRA,Large,Telecommunications,Broadband,"Deux-Sèvres, Poitou-Charentes, Nouvelle-Aquitaine, FRA",FRI33,,,Name3438447,False,True,True,High
FRA,Large,Telecommunications,Satellite,"Deux-Sèvres, Poitou-Charentes, Nouvelle-Aquitaine, FRA",FRI33,,,Name3438448,True,False,False,Medium
FRA,Large,Telecommunications,Satellite,"Deux-Sèvres, Poitou-Charentes, Nouvelle-Aquitaine, FRA",FRI33,,,Name3438449,True,False,False,Severe
FRA,Large,Telecommunications,Satellite,"Deux-Sèvres, Poitou-Charentes, Nouvelle-Aquitaine, FRA",FRI33,,,Name3438450,False,True,False,Low
FRA,Large,Telecommunications,Satellite,"Deux-Sèvres, Poitou-Charentes, Nouvelle-Aquitaine, FRA",FRI33,,,Name3438451,False,True,True,High
FRA,Large,Telecommunications,Satellite,"Deux-Sèvres, Poitou-Charentes, Nouvelle-Aquitaine, FRA",FRI33,,,Name3438452,True,True,False,Severe
FRA,Large,Telecommunications,Satellite,"Deux-Sèvres, Poitou-Charentes, Nouvelle-Aquitaine, FRA",FRI33,,,Name3438453,False,True,True,Severe
FRA,Large,Telecommunications,Satellite,"Deux-Sèvres, Poitou-Charentes, Nouvelle-Aquitaine, FRA",FRI33,,,Name3438454,True,True,False,High
FRA,Large,Telecommunications,Satellite,"Deux-Sèvres, Poitou-Charentes, Nouvelle-Aquitaine, FRA",FRI33,,,Name3438455,True,True,False,High
FRA,Large,Telecommunications,Satellite,"Deux-Sèvres, Poitou-Charentes, Nouvelle-Aquitaine, FRA",FRI33,,,Name3438456,True,True,False,High
FRA,Large,Telecommunications,Satellite,"Deux-Sèvres, Poitou-Charentes, Nouvelle-Aquitaine, FRA",FRI33,,,Name3438457,False,True,True,High
FRA,Large,Materials,Chemicals,"Deux-Sèvres, Poitou-Charentes, Nouvelle-Aquitaine, FRA",FRI33,,,Name3438458,False,True,False,High
FRA,Large,Materials,Chemicals,"Deux-Sèvres, Poitou-Charentes, Nouvelle-Aquitaine, FRA",FRI33,,,Name3438459,True,False,False,High
FRA,Large,Materials,Chemicals,"Deux-Sèvres, Poitou-Charentes, Nouvelle-Aquitaine, FRA",FRI33,,,Name3438460,True,True,False,Severe
FRA,Large,Materials,Chemicals,"Deux-Sèvres, Poitou-Charentes, Nouvelle-Aquitaine, FRA",FRI33,,,Name3438461,False,True,False,Severe
FRA,Large,Materials,Chemicals,"Deux-Sèvres, Poitou-Charentes, Nouvelle-Aquitaine, FRA",FRI33,,,Name3438462,True,False,False,Medium
FRA,Large,Materials,Chemicals,"Deux-Sèvres, Poitou-Charentes, Nouvelle-Aquitaine, FRA",FRI33,,,Name3438463,False,True,False,Low
FRA,Large,Materials,Chemicals,"Deux-Sèvres, Poitou-Charentes, Nouvelle-Aquitaine, FRA",FRI33,,,Name3438464,False,False,True,High
FRA,Large,Materials,Chemicals,"Deux-Sèvres, Poitou-Charentes, Nouvelle-Aquitaine, FRA",FRI33,,,Name3438465,False,True,False,Medium
FRA,Large,Materials,Chemicals,"Deux-Sèvres, Poitou-Charentes, Nouvelle-Aquitaine, FRA",FRI33,,,Name3438466,False,False,True,Low
FRA,Large,Materials,Chemicals,"Deux-Sèvres, Poitou-Charentes, Nouvelle-Aquitaine, FRA",FRI33,,,Name3438468,True,True,False,Severe
FRA,Large,Materials,Chemicals,"Deux-Sèvres, Poitou-Charentes, Nouvelle-Aquitaine, FRA",FRI33,,,Name3438469,True,False,False,Severe
FRA,Large,Materials,Chemicals,"Deux-Sèvres, Poitou-Charentes, Nouvelle-Aquitaine, FRA",FRI33,,,Name3438471,True,True,False,Severe
FRA,Large,Materials,Chemicals,"Deux-Sèvres, Poitou-Charentes, Nouvelle-Aquitaine, FRA",FRI33,,,Name3438472,True,False,False,Severe
FRA,Large,Materials,Chemicals,"Deux-Sèvres, Poitou-Charentes, Nouvelle-Aquitaine, FRA",FRI33,,,Name3438473,False,False,True,Medium
FRA,Large,Materials,Chemicals,"Deux-Sèvres, Poitou-Charentes, Nouvelle-Aquitaine, FRA",FRI33,,,Name3438474,True,True,False,Medium
FRA,Large,Materials,Chemicals,"Deux-Sèvres, Poitou-Charentes, Nouvelle-Aquitaine, FRA",FRI33,,,Name3438475,False,True,True,High
FRA,Large,Materials,Chemicals,"Deux-Sèvres, Poitou-Charentes, Nouvelle-Aquitaine, FRA",FRI33,,,Name3438476,True,False,False,Severe
FRA,Large,Materials,Chemicals,"Deux-Sèvres, Poitou-Charentes, Nouvelle-Aquitaine, FRA",FRI33,,,Name3438477,False,True,True,Low
FRA,Large,Materials,Chemicals,"Deux-Sèvres, Poitou-Charentes, Nouvelle-Aquitaine, FRA",FRI33,,,Name3438478,False,True,False,Medium
FRA,Large,Materials,Chemicals,"Deux-Sèvres, Poitou-Charentes, Nouvelle-Aquitaine, FRA",FRI33,,,Name3438479,False,True,False,High
FRA,Large,Materials,Chemicals,"Deux-Sèvres, Poitou-Charentes, Nouvelle-Aquitaine, FRA",FRI33,,,Name3438480,False,False,True,High
FRA,Large,Materials,Chemicals,"Deux-Sèvres, Poitou-Charentes, Nouvelle-Aquitaine, FRA",FRI33,,,Name3438481,True,True,False,Medium
FRA,Large,Materials,Chemicals,"Deux-Sèvres, Poitou-Charentes, Nouvelle-Aquitaine, FRA",FRI33,,,Name3438482,False,True,False,Medium
FRA,Large,Materials,Chemicals,"Deux-Sèvres, Poitou-Charentes, Nouvelle-Aquitaine, FRA",FRI33,,,Name3438484,True,True,False,Severe
FRA,Large,Materials,Chemicals,"Deux-Sèvres, Poitou-Charentes, Nouvelle-Aquitaine, FRA",FRI33,,,Name3438485,False,True,True,Medium
FRA,Large,Materials,Chemicals,"Deux-Sèvres, Poitou-Charentes, Nouvelle-Aquitaine, FRA",FRI33,,,Name3438486,False,True,False,High
FRA,Large,Materials,Chemicals,"Deux-Sèvres, Poitou-Charentes, Nouvelle-Aquitaine, FRA",FRI33,,,Name3438487,True,False,False,Severe
FRA,Large,Materials,Chemicals,"Deux-Sèvres, Poitou-Charentes, Nouvelle-Aquitaine, FRA",FRI33,,,Name3438488,True,False,False,Low
FRA,Large,Materials,Chemicals,"Deux-Sèvres, Poitou-Charentes, Nouvelle-Aquitaine, FRA",FRI33,,,Name3438489,True,True,False,Low
FRA,Large,Materials,Chemicals,"Deux-Sèvres, Poitou-Charentes, Nouvelle-Aquitaine, FRA",FRI33,,,Name3438491,True,False,False,Medium
FRA,Large,Materials,Chemicals,"Deux-Sèvres, Poitou-Charentes, Nouvelle-Aquitaine, FRA",FRI33,,,Name3438492,True,False,False,Severe
FRA,Large,Materials,Chemicals,"Deux-Sèvres, Poitou-Charentes, Nouvelle-Aquitaine, FRA",FRI33,,,Name3438493,True,False,False,Medium
FRA,Large,Materials,Chemicals,"Deux-Sèvres, Poitou-Charentes, Nouvelle-Aquitaine, FRA",FRI33,,,Name3438494,True,True,False,Medium
FRA,Large,Materials,Chemicals,"Deux-Sèvres, Poitou-Charentes, Nouvelle-Aquitaine, FRA",FRI33,,,Name3438495,True,True,False,Severe
FRA,Large,Materials,Chemicals,"Deux-Sèvres, Poitou-Charentes, Nouvelle-Aquitaine, FRA",FRI33,,,Name3438496,True,True,False,Low
FRA,Large,Materials,Chemicals,"Deux-Sèvres, Poitou-Charentes, Nouvelle-Aquitaine, FRA",FRI33,,,Name3438497,False,True,True,Medium
FRA,Large,Materials,Chemicals,"Deux-Sèvres, Poitou-Charentes, Nouvelle-Aquitaine, FRA",FRI33,,,Name3438498,False,True,True,Severe
FRA,Large,Materials,Chemicals,"Deux-Sèvres, Poitou-Charentes, Nouvelle-Aquitaine, FRA",FRI33,,,Name3438500,False,True,False,Medium
FRA,Large,Materials,Chemicals,"Deux-Sèvres, Poitou-Charentes, Nouvelle-Aquitaine, FRA",FRI33,,,Name3438501,True,False,False,High
FRA,Large,Materials,Metals & Mining,"Deux-Sèvres, Poitou-Charentes, Nouvelle-Aquitaine, FRA",FRI33,,,Name3438502,False,True,True,Medium
FRA,Large,Materials,Metals & Mining,"Deux-Sèvres, Poitou-Charentes, Nouvelle-Aquitaine, FRA",FRI33,,,Name3438503,True,True,False,Severe
FRA,Large,Materials,Metals & Mining,"Deux-Sèvres, Poitou-Charentes, Nouvelle-Aquitaine, FRA",FRI33,,,Name3438504,True,False,False,Medium
FRA,Large,Materials,Metals & Mining,"Deux-Sèvres, Poitou-Charentes, Nouvelle-Aquitaine, FRA",FRI33,,,Name3438505,True,False,False,Severe
FRA,Large,Materials,Metals & Mining,"Deux-Sèvres, Poitou-Charentes, Nouvelle-Aquitaine, FRA",FRI33,,,Name3438506,True,False,False,Severe
FRA,Large,Materials,Metals & Mining,"Deux-Sèvres, Poitou-Charentes, Nouvelle-Aquitaine, FRA",FRI33,,,Name3438507,False,True,False,High
FRA,Large,Materials,Metals & Mining,"Deux-Sèvres, Poitou-Charentes, Nouvelle-Aquitaine, FRA",FRI33,,,Name3438508,True,True,False,Severe
FRA,Large,Materials,Metals & Mining,"Deux-Sèvres, Poitou-Charentes, Nouvelle-Aquitaine, FRA",FRI33,,,Name3438509,True,False,False,High
FRA,Large,Materials,Metals & Mining,"Deux-Sèvres, Poitou-Charentes, Nouvelle-Aquitaine, FRA",FRI33,,,Name3438510,False,False,True,Severe
FRA,Large,Materials,Metals & Mining,"Deux-Sèvres, Poitou-Charentes, Nouvelle-Aquitaine, FRA",FRI33,,,Name3438511,False,True,True,Severe
FRA,Large,Materials,Metals & Mining,"Deux-Sèvres, Poitou-Charentes, Nouvelle-Aquitaine, FRA",FRI33,,,Name3438512,True,True,False,High
FRA,Large,Materials,Metals & Mining,"Deux-Sèvres, Poitou-Charentes, Nouvelle-Aquitaine, FRA",FRI33,,,Name3438513,True,False,False,Severe
FRA,Large,Materials,Metals & Mining,"Deux-Sèvres, Poitou-Charentes, Nouvelle-Aquitaine, FRA",FRI33,,,Name3438514,True,True,False,Severe
FRA,Large,Materials,Metals & Mining,"Deux-Sèvres, Poitou-Charentes, Nouvelle-Aquitaine, FRA",FRI33,,,Name3438515,True,False,False,Low
FRA,Large,Materials,Metals & Mining,"Deux-Sèvres, Poitou-Charentes, Nouvelle-Aquitaine, FRA",FRI33,,,Name3438516,True,True,False,Low
FRA,Large,Materials,Metals & Mining,"Deux-Sèvres, Poitou-Charentes, Nouvelle-Aquitaine, FRA",FRI33,,,Name3438517,True,True,False,Medium
FRA,Large,Materials,Metals & Mining,"Deux-Sèvres, Poitou-Charentes, Nouvelle-Aquitaine, FRA",FRI33,,,Name3438518,False,False,True,High
FRA,Large,Materials,Metals & Mining,"Deux-Sèvres, Poitou-Charentes, Nouvelle-Aquitaine, FRA",FRI33,,,Name3438519,False,True,False,Medium
FRA,Large,Materials,Metals & Mining,"Deux-Sèvres, Poitou-Charentes, Nouvelle-Aquitaine, FRA",FRI33,,,Name3438522,True,False,False,Severe
FRA,Large,Materials,Metals & Mining,"Deux-Sèvres, Poitou-Charentes, Nouvelle-Aquitaine, FRA",FRI33,,,Name3438523,False,True,False,Medium
FRA,Large,Materials,Metals & Mining,"Deux-Sèvres, Poitou-Charentes, Nouvelle-Aquitaine, FRA",FRI33,,,Name3438524,False,True,False,Medium
FRA,Large,Materials,Metals & Mining,"Deux-Sèvres, Poitou-Charentes, Nouvelle-Aquitaine, FRA",FRI33,,,Name3438525,False,False,True,High
FRA,Large,Materials,Metals & Mining,"Deux-Sèvres, Poitou-Charentes, Nouvelle-Aquitaine, FRA",FRI33,,,Name3438526,False,True,False,Medium
FRA,Large,Materials,Metals & Mining,"Deux-Sèvres, Poitou-Charentes, Nouvelle-Aquitaine, FRA",FRI33,,,Name3438527,False,False,True,Severe
FRA,Large,Materials,Metals & Mining,"Deux-Sèvres, Poitou-Charentes, Nouvelle-Aquitaine, FRA",FRI33,,,Name3438528,False,False,True,Medium
FRA,Large,Materials,Metals & Mining,"Deux-Sèvres, Poitou-Charentes, Nouvelle-Aquitaine, FRA",FRI33,,,Name3438529,False,True,True,Low
FRA,Large,Materials,Metals & Mining,"Deux-Sèvres, Poitou-Charentes, Nouvelle-Aquitaine, FRA",FRI33,,,Name3438530,True,True,False,Low
FRA,Large,Materials,Metals & Mining,"Deux-Sèvres, Poitou-Charentes, Nouvelle-Aquitaine, FRA",FRI33,,,Name3438531,False,True,False,High
FRA,Large,Materials,Construction Materials,"Deux-Sèvres, Poitou-Charentes, Nouvelle-Aquitaine, FRA",FRI33,,,Name3438532,True,False,False,Medium
FRA,Large,Materials,Construction Materials,"Deux-Sèvres, Poitou-Charentes, Nouvelle-Aquitaine, FRA",FRI33,,,Name3438533,True,False,False,Medium
FRA,Large,Materials,Construction Materials,"Deux-Sèvres, Poitou-Charentes, Nouvelle-Aquitaine, FRA",FRI33,,,Name3438534,True,False,False,High
FRA,Large,Materials,Construction Materials,"Deux-Sèvres, Poitou-Charentes, Nouvelle-Aquitaine, FRA",FRI33,,,Name3438536,True,True,False,Low
FRA,Large,Materials,Construction Materials,"Deux-Sèvres, Poitou-Charentes, Nouvelle-Aquitaine, FRA",FRI33,,,Name3438539,False,True,True,Severe
FRA,Large,Materials,Construction Materials,"Deux-Sèvres, Poitou-Charentes, Nouvelle-Aquitaine, FRA",FRI33,,,Name3438540,False,False,True,Medium
FRA,Large,Materials,Construction Materials,"Deux-Sèvres, Poitou-Charentes, Nouvelle-Aquitaine, FRA",FRI33,,,Name3438542,False,True,True,Low
FRA,Large,Materials,Construction Materials,"Deux-Sèvres, Poitou-Charentes, Nouvelle-Aquitaine, FRA",FRI33,,,Name3438543,True,False,False,Low
FRA,Large,Materials,Construction Materials,"Deux-Sèvres, Poitou-Charentes, Nouvelle-Aquitaine, FRA",FRI33,,,Name3438544,True,True,False,Medium
FRA,Large,Materials,Construction Materials,"Deux-Sèvres, Poitou-Charentes, Nouvelle-Aquitaine, FRA",FRI33,,,Name3438545,True,False,False,High
FRA,Large,Materials,Construction Materials,"Deux-Sèvres, Poitou-Charentes, Nouvelle-Aquitaine, FRA",FRI33,,,Name3438546,True,False,False,Low
FRA,Large,Materials,Construction Materials,"Deux-Sèvres, Poitou-Charentes, Nouvelle-Aquitaine, FRA",FRI33,,,Name3438547,True,False,False,Low
FRA,Large,Materials,Construction Materials,"Deux-Sèvres, Poitou-Charentes, Nouvelle-Aquitaine, FRA",FRI33,,,Name3438548,True,True,False,Low
FRA,Large,Materials,Construction Materials,"Deux-Sèvres, Poitou-Charentes, Nouvelle-Aquitaine, FRA",FRI33,,,Name3438549,True,False,False,Medium
FRA,Large,Materials,Construction Materials,"Deux-Sèvres, Poitou-Charentes, Nouvelle-Aquitaine, FRA",FRI33,,,Name3438550,True,True,False,High
FRA,Large,Materials,Construction Materials,"Deux-Sèvres, Poitou-Charentes, Nouvelle-Aquitaine, FRA",FRI33,,,Name3438551,False,False,True,Medium
FRA,Large,Materials,Construction Materials,"Deux-Sèvres, Poitou-Charentes, Nouvelle-Aquitaine, FRA",FRI33,,,Name3438552,True,False,False,High
FRA,Large,Materials,Construction Materials,"Deux-Sèvres, Poitou-Charentes, Nouvelle-Aquitaine, FRA",FRI33,,,Name3438553,False,False,True,Medium
FRA,Large,Materials,Construction Materials,"Deux-Sèvres, Poitou-Charentes, Nouvelle-Aquitaine, FRA",FRI33,,,Name3438554,True,False,False,High
FRA,Large,Materials,Construction Materials,"Deux-Sèvres, Poitou-Charentes, Nouvelle-Aquitaine, FRA",FRI33,,,Name3438555,True,True,False,High
FRA,Large,Materials,Construction Materials,"Deux-Sèvres, Poitou-Charentes, Nouvelle-Aquitaine, FRA",FRI33,,,Name3438557,True,True,False,Medium
FRA,Large,Materials,Construction Materials,"Deux-Sèvres, Poitou-Charentes, Nouvelle-Aquitaine, FRA",FRI33,,,Name3438558,True,True,False,Low
FRA,Large,Materials,Construction Materials,"Deux-Sèvres, Poitou-Charentes, Nouvelle-Aquitaine, FRA",FRI33,,,Name3438561,False,True,False,High
FRA,Large,Materials,Construction Materials,"Deux-Sèvres, Poitou-Charentes, Nouvelle-Aquitaine, FRA",FRI33,,,Name3438562,False,True,True,High
FRA,Large,Materials,Construction Materials,"Deux-Sèvres, Poitou-Charentes, Nouvelle-Aquitaine, FRA",FRI33,,,Name3438563,False,True,False,Low
FRA,Large,Industrials,Aerospace & Defense,"Deux-Sèvres, Poitou-Charentes, Nouvelle-Aquitaine, FRA",FRI33,,,Name3438564,True,True,False,High
FRA,Large,Industrials,Aerospace & Defense,"Deux-Sèvres, Poitou-Charentes, Nouvelle-Aquitaine, FRA",FRI33,,,Name3438565,False,False,True,Medium
FRA,Large,Industrials,Aerospace & Defense,"Deux-Sèvres, Poitou-Charentes, Nouvelle-Aquitaine, FRA",FRI33,,,Name3438566,False,False,True,Medium
FRA,Large,Industrials,Aerospace & Defense,"Deux-Sèvres, Poitou-Charentes, Nouvelle-Aquitaine, FRA",FRI33,,,Name3438567,False,True,False,Medium
FRA,Large,Industrials,Aerospace & Defense,"Deux-Sèvres, Poitou-Charentes, Nouvelle-Aquitaine, FRA",FRI33,,,Name3438568,True,False,False,Severe
FRA,Large,Industrials,Aerospace & Defense,"Deux-Sèvres, Poitou-Charentes, Nouvelle-Aquitaine, FRA",FRI33,,,Name3438569,True,True,False,Severe
FRA,Large,Industrials,Aerospace & Defense,"Deux-Sèvres, Poitou-Charentes, Nouvelle-Aquitaine, FRA",FRI33,,,Name3438570,True,False,False,Low
FRA,Large,Industrials,Aerospace & Defense,"Deux-Sèvres, Poitou-Charentes, Nouvelle-Aquitaine, FRA",FRI33,,,Name3438571,True,True,False,Severe
FRA,Large,Industrials,Aerospace & Defense,"Deux-Sèvres, Poitou-Charentes, Nouvelle-Aquitaine, FRA",FRI33,,,Name3438572,True,True,False,Severe
FRA,Large,Industrials,Aerospace & Defense,"Deux-Sèvres, Poitou-Charentes, Nouvelle-Aquitaine, FRA",FRI33,,,Name3438573,True,True,False,High
FRA,Large,Industrials,Aerospace & Defense,"Deux-Sèvres, Poitou-Charentes, Nouvelle-Aquitaine, FRA",FRI33,,,Name3438574,False,False,True,Severe
FRA,Large,Industrials,Aerospace & Defense,"Deux-Sèvres, Poitou-Charentes, Nouvelle-Aquitaine, FRA",FRI33,,,Name3438575,False,False,True,Medium
FRA,Large,Industrials,Aerospace & Defense,"Deux-Sèvres, Poitou-Charentes, Nouvelle-Aquitaine, FRA",FRI33,,,Name3438576,False,True,False,Severe
FRA,Large,Industrials,Aerospace & Defense,"Deux-Sèvres, Poitou-Charentes, Nouvelle-Aquitaine, FRA",FRI33,,,Name3438577,False,True,True,Severe
FRA,Large,Industrials,Aerospace & Defense,"Deux-Sèvres, Poitou-Charentes, Nouvelle-Aquitaine, FRA",FRI33,,,Name3438579,False,True,False,Low
FRA,Large,Industrials,Aerospace & Defense,"Deux-Sèvres, Poitou-Charentes, Nouvelle-Aquitaine, FRA",FRI33,,,Name3438581,False,True,True,Low
FRA,Large,Industrials,Aerospace & Defense,"Deux-Sèvres, Poitou-Charentes, Nouvelle-Aquitaine, FRA",FRI33,,,Name3438582,True,True,False,Medium
FRA,Large,Industrials,Aerospace & Defense,"Deux-Sèvres, Poitou-Charentes, Nouvelle-Aquitaine, FRA",FRI33,,,Name3438583,False,False,True,Medium
FRA,Large,Industrials,Aerospace & Defense,"Deux-Sèvres, Poitou-Charentes, Nouvelle-Aquitaine, FRA",FRI33,,,Name3438584,True,True,False,Low
FRA,Large,Industrials,Aerospace & Defense,"Deux-Sèvres, Poitou-Charentes, Nouvelle-Aquitaine, FRA",FRI33,,,Name3438585,True,True,False,High
FRA,Large,Industrials,Aerospace & Defense,"Deux-Sèvres, Poitou-Charentes, Nouvelle-Aquitaine, FRA",FRI33,,,Name3438586,False,False,True,Severe
FRA,Large,Industrials,Aerospace & Defense,"Deux-Sèvres, Poitou-Charentes, Nouvelle-Aquitaine, FRA",FRI33,,,Name3438587,False,True,True,Severe
FRA,Large,Industrials,Aerospace & Defense,"Deux-Sèvres, Poitou-Charentes, Nouvelle-Aquitaine, FRA",FRI33,,,Name3438589,False,True,False,Low
FRA,Large,Industrials,Aerospace & Defense,"Deux-Sèvres, Poitou-Charentes, Nouvelle-Aquitaine, FRA",FRI33,,,Name3438590,True,True,False,High
FRA,Large,Industrials,Aerospace & Defense,"Deux-Sèvres, Poitou-Charentes, Nouvelle-Aquitaine, FRA",FRI33,,,Name3438591,False,False,True,Severe
FRA,Large,Industrials,Aerospace & Defense,"Deux-Sèvres, Poitou-Charentes, Nouvelle-Aquitaine, FRA",FRI33,,,Name3438592,True,True,False,Low
FRA,Large,Industrials,Aerospace & Defense,"Deux-Sèvres, Poitou-Charentes, Nouvelle-Aquitaine, FRA",FRI33,,,Name3438595,False,False,True,High
FRA,Large,Industrials,Aerospace & Defense,"Deux-Sèvres, Poitou-Charentes, Nouvelle-Aquitaine, FRA",FRI33,,,Name3438596,True,False,False,Medium
FRA,Large,Industrials,Aerospace & Defense,"Deux-Sèvres, Poitou-Charentes, Nouvelle-Aquitaine, FRA",FRI33,,,Name3438597,True,False,False,High
FRA,Large,Industrials,Aerospace & Defense,"Deux-Sèvres, Poitou-Charentes, Nouvelle-Aquitaine, FRA",FRI33,,,Name3438598,True,True,False,Medium
FRA,Large,Industrials,Aerospace & Defense,"Deux-Sèvres, Poitou-Charentes, Nouvelle-Aquitaine, FRA",FRI33,,,Name3438599,False,True,False,Low
FRA,Large,Industrials,Aerospace & Defense,"Deux-Sèvres, Poitou-Charentes, Nouvelle-Aquitaine, FRA",FRI33,,,Name3438600,True,False,False,Low
FRA,Large,Industrials,Aerospace & Defense,"Deux-Sèvres, Poitou-Charentes, Nouvelle-Aquitaine, FRA",FRI33,,,Name3438601,True,True,False,Severe
FRA,Large,Industrials,Machinery,"Deux-Sèvres, Poitou-Charentes, Nouvelle-Aquitaine, FRA",FRI33,,,Name3438602,False,False,True,High
FRA,Large,Industrials,Machinery,"Deux-Sèvres, Poitou-Charentes, Nouvelle-Aquitaine, FRA",FRI33,,,Name3438603,False,True,False,High
FRA,Large,Industrials,Machinery,"Deux-Sèvres, Poitou-Charentes, Nouvelle-Aquitaine, FRA",FRI33,,,Name3438604,False,True,False,Medium
FRA,Large,Industrials,Machinery,"Deux-Sèvres, Poitou-Charentes, Nouvelle-Aquitaine, FRA",FRI33,,,Name3438605,False,True,True,High
FRA,Large,Industrials,Machinery,"Deux-Sèvres, Poitou-Charentes, Nouvelle-Aquitaine, FRA",FRI33,,,Name3438606,True,True,False,High
FRA,Large,Industrials,Machinery,"Deux-Sèvres, Poitou-Charentes, Nouvelle-Aquitaine, FRA",FRI33,,,Name3438607,True,False,False,Low
FRA,Large,Industrials,Machinery,"Deux-Sèvres, Poitou-Charentes, Nouvelle-Aquitaine, FRA",FRI33,,,Name3438608,False,True,False,Severe
FRA,Large,Industrials,Machinery,"Deux-Sèvres, Poitou-Charentes, Nouvelle-Aquitaine, FRA",FRI33,,,Name3438609,True,False,False,Medium
FRA,Large,Industrials,Machinery,"Deux-Sèvres, Poitou-Charentes, Nouvelle-Aquitaine, FRA",FRI33,,,Name3438610,True,False,False,Severe
FRA,Large,Industrials,Machinery,"Deux-Sèvres, Poitou-Charentes, Nouvelle-Aquitaine, FRA",FRI33,,,Name3438611,True,False,False,Low
FRA,Large,Industrials,Machinery,"Deux-Sèvres, Poitou-Charentes, Nouvelle-Aquitaine, FRA",FRI33,,,Name3438612,True,True,False,Medium
FRA,Large,Industrials,Machinery,"Deux-Sèvres, Poitou-Charentes, Nouvelle-Aquitaine, FRA",FRI33,,,Name3438614,True,True,False,High
FRA,Large,Industrials,Industrial Services,"Deux-Sèvres, Poitou-Charentes, Nouvelle-Aquitaine, FRA",FRI33,,,Name3438615,True,False,False,Severe
FRA,Large,Industrials,Industrial Services,"Deux-Sèvres, Poitou-Charentes, Nouvelle-Aquitaine, FRA",FRI33,,,Name3438616,True,False,False,Severe
FRA,Large,Industrials,Industrial Services,"Deux-Sèvres, Poitou-Charentes, Nouvelle-Aquitaine, FRA",FRI33,,,Name3438617,False,True,False,Medium
FRA,Large,Industrials,Industrial Services,"Deux-Sèvres, Poitou-Charentes, Nouvelle-Aquitaine, FRA",FRI33,,,Name3438618,True,True,False,Low
FRA,Large,Industrials,Industrial Services,"Deux-Sèvres, Poitou-Charentes, Nouvelle-Aquitaine, FRA",FRI33,,,Name3438619,False,False,True,Severe
FRA,Large,Industrials,Industrial Services,"Deux-Sèvres, Poitou-Charentes, Nouvelle-Aquitaine, FRA",FRI33,,,Name3438622,False,False,True,Low
FRA,Large,Consumer Services,Retail,"Deux-Sèvres, Poitou-Charentes, Nouvelle-Aquitaine, FRA",FRI33,,,Name3438623,True,True,False,Medium
FRA,Large,Consumer Services,Retail,"Deux-Sèvres, Poitou-Charentes, Nouvelle-Aquitaine, FRA",FRI33,,,Name3438624,True,False,False,High
FRA,Large,Consumer Services,Retail,"Deux-Sèvres, Poitou-Charentes, Nouvelle-Aquitaine, FRA",FRI33,,,Name3438625,True,True,False,Severe
FRA,Large,Consumer Services,Retail,"Deux-Sèvres, Poitou-Charentes, Nouvelle-Aquitaine, FRA",FRI33,,,Name3438626,False,False,True,Low
FRA,Large,Consumer Services,Retail,"Deux-Sèvres, Poitou-Charentes, Nouvelle-Aquitaine, FRA",FRI33,,,Name3438627,True,False,False,High
FRA,Large,Consumer Services,Retail,"Deux-Sèvres, Poitou-Charentes, Nouvelle-Aquitaine, FRA",FRI33,,,Name3438628,False,True,True,High
FRA,Large,Consumer Services,Retail,"Deux-Sèvres, Poitou-Charentes, Nouvelle-Aquitaine, FRA",FRI33,,,Name3438629,False,True,True,High
FRA,Large,Consumer Services,Retail,"Deux-Sèvres, Poitou-Charentes, Nouvelle-Aquitaine, FRA",FRI33,,,Name3438630,True,True,False,High
FRA,Large,Consumer Services,Retail,"Deux-Sèvres, Poitou-Charentes, Nouvelle-Aquitaine, FRA",FRI33,,,Name3438631,False,True,False,Severe
FRA,Large,Consumer Services,Retail,"Deux-Sèvres, Poitou-Charentes, Nouvelle-Aquitaine, FRA",FRI33,,,Name3438632,True,False,False,Low
FRA,Large,Consumer Services,Retail,"Deux-Sèvres, Poitou-Charentes, Nouvelle-Aquitaine, FRA",FRI33,,,Name3438633,False,True,True,Severe
FRA,Large,Consumer Services,Retail,"Deux-Sèvres, Poitou-Charentes, Nouvelle-Aquitaine, FRA",FRI33,,,Name3438634,False,True,True,Medium
FRA,Large,Consumer Services,Retail,"Deux-Sèvres, Poitou-Charentes, Nouvelle-Aquitaine, FRA",FRI33,,,Name3438636,True,False,False,High
FRA,Large,Consumer Services,Retail,"Deux-Sèvres, Poitou-Charentes, Nouvelle-Aquitaine, FRA",FRI33,,,Name3438637,True,True,False,Medium
FRA,Large,Consumer Services,Retail,"Deux-Sèvres, Poitou-Charentes, Nouvelle-Aquitaine, FRA",FRI33,,,Name3438638,True,False,False,Severe
FRA,Large,Consumer Services,Retail,"Deux-Sèvres, Poitou-Charentes, Nouvelle-Aquitaine, FRA",FRI33,,,Name3438639,True,True,False,Medium
FRA,Large,Consumer Services,Retail,"Deux-Sèvres, Poitou-Charentes, Nouvelle-Aquitaine, FRA",FRI33,,,Name3438640,True,False,False,Low
FRA,Large,Consumer Services,Retail,"Deux-Sèvres, Poitou-Charentes, Nouvelle-Aquitaine, FRA",FRI33,,,Name3438641,False,False,True,Severe
FRA,Large,Consumer Services,Retail,"Deux-Sèvres, Poitou-Charentes, Nouvelle-Aquitaine, FRA",FRI33,,,Name3438643,False,True,False,Medium
FRA,Large,Consumer Services,Retail,"Deux-Sèvres, Poitou-Charentes, Nouvelle-Aquitaine, FRA",FRI33,,,Name3438644,True,False,False,High
FRA,Large,Consumer Services,Retail,"Deux-Sèvres, Poitou-Charentes, Nouvelle-Aquitaine, FRA",FRI33,,,Name3438645,False,True,True,Severe
FRA,Large,Consumer Services,Retail,"Deux-Sèvres, Poitou-Charentes, Nouvelle-Aquitaine, FRA",FRI33,,,Name3438646,False,True,False,High
FRA,Large,Consumer Services,Retail,"Deux-Sèvres, Poitou-Charentes, Nouvelle-Aquitaine, FRA",FRI33,,,Name3438647,False,True,False,High
FRA,Large,Consumer Services,Retail,"Deux-Sèvres, Poitou-Charentes, Nouvelle-Aquitaine, FRA",FRI33,,,Name3438648,True,False,False,Severe
FRA,Large,Consumer Services,Retail,"Deux-Sèvres, Poitou-Charentes, Nouvelle-Aquitaine, FRA",FRI33,,,Name3438649,True,True,False,Low
FRA,Large,Consumer Services,Travel & Leisure,"Deux-Sèvres, Poitou-Charentes, Nouvelle-Aquitaine, FRA",FRI33,,,Name3438650,False,False,True,Low
FRA,Large,Consumer Services,Travel & Leisure,"Deux-Sèvres, Poitou-Charentes, Nouvelle-Aquitaine, FRA",FRI33,,,Name3438651,False,True,False,High
FRA,Large,Consumer Services,Travel & Leisure,"Deux-Sèvres, Poitou-Charentes, Nouvelle-Aquitaine, FRA",FRI33,,,Name3438652,True,True,False,Medium
FRA,Large,Consumer Services,Travel & Leisure,"Deux-Sèvres, Poitou-Charentes, Nouvelle-Aquitaine, FRA",FRI33,,,Name3438653,True,True,False,High
FRA,Large,Consumer Services,Travel & Leisure,"Deux-Sèvres, Poitou-Charentes, Nouvelle-Aquitaine, FRA",FRI33,,,Name3438654,False,False,True,Low
FRA,Large,Consumer Services,Travel & Leisure,"Deux-Sèvres, Poitou-Charentes, Nouvelle-Aquitaine, FRA",FRI33,,,Name3438655,True,False,False,Low
FRA,Large,Consumer Services,Travel & Leisure,"Deux-Sèvres, Poitou-Charentes, Nouvelle-Aquitaine, FRA",FRI33,,,Name3438656,True,False,False,Severe
FRA,Large,Consumer Services,Travel & Leisure,"Deux-Sèvres, Poitou-Charentes, Nouvelle-Aquitaine, FRA",FRI33,,,Name3438657,True,True,False,Medium
FRA,Large,Consumer Services,Travel & Leisure,"Deux-Sèvres, Poitou-Charentes, Nouvelle-Aquitaine, FRA",FRI33,,,Name3438658,False,False,True,High
FRA,Large,Consumer Services,Travel & Leisure,"Deux-Sèvres, Poitou-Charentes, Nouvelle-Aquitaine, FRA",FRI33,,,Name3438659,True,True,False,Medium
FRA,Large,Consumer Services,Travel & Leisure,"Deux-Sèvres, Poitou-Charentes, Nouvelle-Aquitaine, FRA",FRI33,,,Name3438660,False,True,False,High
FRA,Large,Consumer Services,Travel & Leisure,"Deux-Sèvres, Poitou-Charentes, Nouvelle-Aquitaine, FRA",FRI33,,,Name3438661,True,False,False,Severe
FRA,Large,Consumer Services,Travel & Leisure,"Deux-Sèvres, Poitou-Charentes, Nouvelle-Aquitaine, FRA",FRI33,,,Name3438662,True,False,False,Severe
FRA,Large,Consumer Services,Travel & Leisure,"Deux-Sèvres, Poitou-Charentes, Nouvelle-Aquitaine, FRA",FRI33,,,Name3438663,True,True,False,High
FRA,Large,Consumer Services,Travel & Leisure,"Deux-Sèvres, Poitou-Charentes, Nouvelle-Aquitaine, FRA",FRI33,,,Name3438664,False,True,False,Low
FRA,Large,Consumer Services,Travel & Leisure,"Deux-Sèvres, Poitou-Charentes, Nouvelle-Aquitaine, FRA",FRI33,,,Name3438665,False,True,False,Medium
FRA,Large,Consumer Services,Travel & Leisure,"Deux-Sèvres, Poitou-Charentes, Nouvelle-Aquitaine, FRA",FRI33,,,Name3438666,True,True,False,Low
FRA,Large,Consumer Services,Travel & Leisure,"Deux-Sèvres, Poitou-Charentes, Nouvelle-Aquitaine, FRA",FRI33,,,Name3438667,False,True,True,Low
FRA,Large,Consumer Services,Travel & Leisure,"Deux-Sèvres, Poitou-Charentes, Nouvelle-Aquitaine, FRA",FRI33,,,Name3438668,True,False,False,Severe
FRA,Large,Consumer Services,Travel & Leisure,"Deux-Sèvres, Poitou-Charentes, Nouvelle-Aquitaine, FRA",FRI33,,,Name3438670,False,True,False,Medium
FRA,Large,Consumer Services,Travel & Leisure,"Deux-Sèvres, Poitou-Charentes, Nouvelle-Aquitaine, FRA",FRI33,,,Name3438672,True,True,False,High
FRA,Large,Consumer Services,Travel & Leisure,"Deux-Sèvres, Poitou-Charentes, Nouvelle-Aquitaine, FRA",FRI33,,,Name3438673,True,False,False,Severe
FRA,Large,Consumer Services,Travel & Leisure,"Deux-Sèvres, Poitou-Charentes, Nouvelle-Aquitaine, FRA",FRI33,,,Name3438674,True,True,False,Medium
FRA,Large,Consumer Services,Travel & Leisure,"Deux-Sèvres, Poitou-Charentes, Nouvelle-Aquitaine, FRA",FRI33,,,Name3438675,False,False,True,High
FRA,Large,Consumer Services,Travel & Leisure,"Deux-Sèvres, Poitou-Charentes, Nouvelle-Aquitaine, FRA",FRI33,,,Name3438676,True,False,False,Medium
FRA,Large,Consumer Services,Travel & Leisure,"Deux-Sèvres, Poitou-Charentes, Nouvelle-Aquitaine, FRA",FRI33,,,Name3438677,False,False,True,Severe
FRA,Large,Consumer Services,Travel & Leisure,"Deux-Sèvres, Poitou-Charentes, Nouvelle-Aquitaine, FRA",FRI33,,,Name3438678,True,True,False,Low
FRA,Large,Consumer Services,Travel & Leisure,"Deux-Sèvres, Poitou-Charentes, Nouvelle-Aquitaine, FRA",FRI33,,,Name3438679,True,False,False,Medium
FRA,Large,Consumer Services,Travel & Leisure,"Deux-Sèvres, Poitou-Charentes, Nouvelle-Aquitaine, FRA",FRI33,,,Name3438680,True,False,False,High
FRA,Large,Consumer Services,Travel & Leisure,"Deux-Sèvres, Poitou-Charentes, Nouvelle-Aquitaine, FRA",FRI33,,,Name3438681,True,False,False,Low
FRA,Large,Consumer Services,Travel & Leisure,"Deux-Sèvres, Poitou-Charentes, Nouvelle-Aquitaine, FRA",FRI33,,,Name3438682,True,False,False,High
FRA,Large,Consumer Services,Travel & Leisure,"Deux-Sèvres, Poitou-Charentes, Nouvelle-Aquitaine, FRA",FRI33,,,Name3438683,False,False,True,Severe
FRA,Large,Consumer Services,Travel & Leisure,"Deux-Sèvres, Poitou-Charentes, Nouvelle-Aquitaine, FRA",FRI33,,,Name3438684,True,False,False,Severe
FRA,Large,Consumer Services,Travel & Leisure,"Deux-Sèvres, Poitou-Charentes, Nouvelle-Aquitaine, FRA",FRI33,,,Name3438685,False,True,False,Severe
FRA,Large,Consumer Services,Travel & Leisure,"Deux-Sèvres, Poitou-Charentes, Nouvelle-Aquitaine, FRA",FRI33,,,Name3438686,True,False,False,Severe
FRA,Large,Consumer Services,Travel & Leisure,"Deux-Sèvres, Poitou-Charentes, Nouvelle-Aquitaine, FRA",FRI33,,,Name3438689,True,True,False,Severe
FRA,Large,Consumer Services,Travel & Leisure,"Deux-Sèvres, Poitou-Charentes, Nouvelle-Aquitaine, FRA",FRI33,,,Name3438690,True,True,False,High
FRA,Large,Consumer Services,Travel & Leisure,"Deux-Sèvres, Poitou-Charentes, Nouvelle-Aquitaine, FRA",FRI33,,,Name3438691,True,False,False,Low
FRA,Large,Consumer Services,Travel & Leisure,"Deux-Sèvres, Poitou-Charentes, Nouvelle-Aquitaine, FRA",FRI33,,,Name3438692,True,False,False,Severe
FRA,Large,Consumer Services,Travel & Leisure,"Deux-Sèvres, Poitou-Charentes, Nouvelle-Aquitaine, FRA",FRI33,,,Name3438693,False,True,False,High
FRA,Large,Consumer Services,Travel & Leisure,"Deux-Sèvres, Poitou-Charentes, Nouvelle-Aquitaine, FRA",FRI33,,,Name3438694,True,True,False,Medium
FRA,Large,Consumer Services,Travel & Leisure,"Deux-Sèvres, Poitou-Charentes, Nouvelle-Aquitaine, FRA",FRI33,,,Name3438695,False,False,True,Low
FRA,Large,Consumer Services,Travel & Leisure,"Deux-Sèvres, Poitou-Charentes, Nouvelle-Aquitaine, FRA",FRI33,,,Name3438696,True,True,False,Low
FRA,Large,Consumer Services,Travel & Leisure,"Deux-Sèvres, Poitou-Charentes, Nouvelle-Aquitaine, FRA",FRI33,,,Name3438697,True,True,False,Medium
FRA,Large,Consumer Services,Media,"Deux-Sèvres, Poitou-Charentes, Nouvelle-Aquitaine, FRA",FRI33,,,Name3438698,True,False,False,Severe
FRA,Large,Consumer Services,Media,"Deux-Sèvres, Poitou-Charentes, Nouvelle-Aquitaine, FRA",FRI33,,,Name3438699,False,True,False,Severe
FRA,Large,Consumer Services,Media,"Deux-Sèvres, Poitou-Charentes, Nouvelle-Aquitaine, FRA",FRI33,,,Name3438700,False,True,False,Medium
FRA,Large,Consumer Services,Media,"Deux-Sèvres, Poitou-Charentes, Nouvelle-Aquitaine, FRA",FRI33,,,Name3438701,False,True,False,Low
FRA,Large,Consumer Services,Media,"Deux-Sèvres, Poitou-Charentes, Nouvelle-Aquitaine, FRA",FRI33,,,Name3438702,False,False,True,Severe
FRA,Large,Consumer Services,Media,"Deux-Sèvres, Poitou-Charentes, Nouvelle-Aquitaine, FRA",FRI33,,,Name3438703,False,True,True,Medium
FRA,Large,Consumer Services,Media,"Deux-Sèvres, Poitou-Charentes, Nouvelle-Aquitaine, FRA",FRI33,,,Name3438704,False,False,True,Medium
FRA,Large,Consumer Services,Media,"Deux-Sèvres, Poitou-Charentes, Nouvelle-Aquitaine, FRA",FRI33,,,Name3438705,False,False,True,Low
FRA,Large,Consumer Services,Media,"Deux-Sèvres, Poitou-Charentes, Nouvelle-Aquitaine, FRA",FRI33,,,Name3438706,True,True,False,Severe
FRA,Large,Consumer Services,Media,"Deux-Sèvres, Poitou-Charentes, Nouvelle-Aquitaine, FRA",FRI33,,,Name3438707,True,True,False,Severe
FRA,Large,Consumer Services,Media,"Deux-Sèvres, Poitou-Charentes, Nouvelle-Aquitaine, FRA",FRI33,,,Name3438708,True,True,False,High
FRA,Large,Consumer Services,Media,"Deux-Sèvres, Poitou-Charentes, Nouvelle-Aquitaine, FRA",FRI33,,,Name3438709,False,True,False,Low
FRA,Large,Consumer Services,Media,"Deux-Sèvres, Poitou-Charentes, Nouvelle-Aquitaine, FRA",FRI33,,,Name3438711,False,False,True,Medium
FRA,Large,Transportation,Airlines,"Deux-Sèvres, Poitou-Charentes, Nouvelle-Aquitaine, FRA",FRI33,,,Name3438712,False,True,True,Medium
FRA,Large,Transportation,Airlines,"Deux-Sèvres, Poitou-Charentes, Nouvelle-Aquitaine, FRA",FRI33,,,Name3438713,True,False,False,Severe
FRA,Large,Transportation,Airlines,"Deux-Sèvres, Poitou-Charentes, Nouvelle-Aquitaine, FRA",FRI33,,,Name3438714,False,False,True,Severe
FRA,Large,Transportation,Airlines,"Deux-Sèvres, Poitou-Charentes, Nouvelle-Aquitaine, FRA",FRI33,,,Name3438715,True,False,False,High
FRA,Large,Transportation,Airlines,"Deux-Sèvres, Poitou-Charentes, Nouvelle-Aquitaine, FRA",FRI33,,,Name3438716,True,True,False,High
FRA,Large,Transportation,Airlines,"Deux-Sèvres, Poitou-Charentes, Nouvelle-Aquitaine, FRA",FRI33,,,Name3438717,False,True,True,Severe
FRA,Large,Transportation,Airlines,"Deux-Sèvres, Poitou-Charentes, Nouvelle-Aquitaine, FRA",FRI33,,,Name3438718,False,True,True,High
FRA,Large,Transportation,Airlines,"Deux-Sèvres, Poitou-Charentes, Nouvelle-Aquitaine, FRA",FRI33,,,Name3438719,True,True,False,Low
FRA,Large,Transportation,Airlines,"Deux-Sèvres, Poitou-Charentes, Nouvelle-Aquitaine, FRA",FRI33,,,Name3438720,False,True,True,Low
FRA,Large,Transportation,Airlines,"Deux-Sèvres, Poitou-Charentes, Nouvelle-Aquitaine, FRA",FRI33,,,Name3438721,False,True,False,Severe
FRA,Large,Transportation,Airlines,"Deux-Sèvres, Poitou-Charentes, Nouvelle-Aquitaine, FRA",FRI33,,,Name3438722,False,False,True,Medium
FRA,Large,Transportation,Airlines,"Deux-Sèvres, Poitou-Charentes, Nouvelle-Aquitaine, FRA",FRI33,,,Name3438723,True,True,False,Severe
FRA,Large,Transportation,Airlines,"Deux-Sèvres, Poitou-Charentes, Nouvelle-Aquitaine, FRA",FRI33,,,Name3438726,False,True,False,Low
FRA,Large,Transportation,Airlines,"Deux-Sèvres, Poitou-Charentes, Nouvelle-Aquitaine, FRA",FRI33,,,Name3438727,True,True,False,Low
FRA,Large,Transportation,Airlines,"Deux-Sèvres, Poitou-Charentes, Nouvelle-Aquitaine, FRA",FRI33,,,Name3438728,False,True,True,Medium
FRA,Large,Transportation,Airlines,"Deux-Sèvres, Poitou-Charentes, Nouvelle-Aquitaine, FRA",FRI33,,,Name3438729,False,False,True,High
FRA,Large,Transportation,Airlines,"Deux-Sèvres, Poitou-Charentes, Nouvelle-Aquitaine, FRA",FRI33,,,Name3438730,False,True,False,High
FRA,Large,Transportation,Airlines,"Deux-Sèvres, Poitou-Charentes, Nouvelle-Aquitaine, FRA",FRI33,,,Name3438731,True,False,False,Severe
FRA,Large,Transportation,Airlines,"Deux-Sèvres, Poitou-Charentes, Nouvelle-Aquitaine, FRA",FRI33,,,Name3438732,True,False,False,Medium
FRA,Large,Transportation,Airlines,"Deux-Sèvres, Poitou-Charentes, Nouvelle-Aquitaine, FRA",FRI33,,,Name3438733,True,False,False,Severe
FRA,Large,Transportation,Railroads,"Deux-Sèvres, Poitou-Charentes, Nouvelle-Aquitaine, FRA",FRI33,,,Name3438736,True,True,False,Medium
FRA,Large,Transportation,Railroads,"Deux-Sèvres, Poitou-Charentes, Nouvelle-Aquitaine, FRA",FRI33,,,Name3438737,True,False,False,High
FRA,Large,Transportation,Railroads,"Deux-Sèvres, Poitou-Charentes, Nouvelle-Aquitaine, FRA",FRI33,,,Name3438738,False,True,True,Low
FRA,Large,Transportation,Railroads,"Deux-Sèvres, Poitou-Charentes, Nouvelle-Aquitaine, FRA",FRI33,,,Name3438739,True,True,False,Low
FRA,Large,Transportation,Railroads,"Deux-Sèvres, Poitou-Charentes, Nouvelle-Aquitaine, FRA",FRI33,,,Name3438740,False,True,True,Severe
FRA,Large,Transportation,Railroads,"Deux-Sèvres, Poitou-Charentes, Nouvelle-Aquitaine, FRA",FRI33,,,Name3438741,False,True,True,Medium
FRA,Large,Transportation,Railroads,"Deux-Sèvres, Poitou-Charentes, Nouvelle-Aquitaine, FRA",FRI33,,,Name3438742,True,True,False,Severe
FRA,Large,Transportation,Railroads,"Deux-Sèvres, Poitou-Charentes, Nouvelle-Aquitaine, FRA",FRI33,,,Name3438743,False,True,True,Low
FRA,Large,Transportation,Railroads,"Deux-Sèvres, Poitou-Charentes, Nouvelle-Aquitaine, FRA",FRI33,,,Name3438744,True,False,False,Low
FRA,Large,Transportation,Logistics,"Deux-Sèvres, Poitou-Charentes, Nouvelle-Aquitaine, FRA",FRI33,,,Name3438745,False,True,True,Severe
FRA,Large,Transportation,Logistics,"Deux-Sèvres, Poitou-Charentes, Nouvelle-Aquitaine, FRA",FRI33,,,Name3438746,False,False,True,Severe
FRA,Large,Transportation,Logistics,"Deux-Sèvres, Poitou-Charentes, Nouvelle-Aquitaine, FRA",FRI33,,,Name3438749,True,True,False,Medium
FRA,Large,Transportation,Logistics,"Deux-Sèvres, Poitou-Charentes, Nouvelle-Aquitaine, FRA",FRI33,,,Name3438750,False,False,True,Low
FRA,Large,Transportation,Logistics,"Deux-Sèvres, Poitou-Charentes, Nouvelle-Aquitaine, FRA",FRI33,,,Name3438751,True,True,False,Low
FRA,Large,Transportation,Logistics,"Deux-Sèvres, Poitou-Charentes, Nouvelle-Aquitaine, FRA",FRI33,,,Name3438752,False,True,True,Low
FRA,Large,Transportation,Logistics,"Deux-Sèvres, Poitou-Charentes, Nouvelle-Aquitaine, FRA",FRI33,,,Name3438755,True,False,False,High
FRA,Medium,Technology,Software,"Deux-Sèvres, Poitou-Charentes, Nouvelle-Aquitaine, FRA",FRI33,,,Name3438756,False,True,True,Severe
FRA,Medium,Technology,Software,"Deux-Sèvres, Poitou-Charentes, Nouvelle-Aquitaine, FRA",FRI33,,,Name3438757,True,False,False,High
FRA,Medium,Technology,Software,"Deux-Sèvres, Poitou-Charentes, Nouvelle-Aquitaine, FRA",FRI33,,,Name3438758,True,True,False,Low
FRA,Medium,Technology,Software,"Deux-Sèvres, Poitou-Charentes, Nouvelle-Aquitaine, FRA",FRI33,,,Name3438759,True,False,False,High
FRA,Medium,Technology,Software,"Deux-Sèvres, Poitou-Charentes, Nouvelle-Aquitaine, FRA",FRI33,,,Name3438760,False,False,True,Severe
FRA,Medium,Technology,Software,"Deux-Sèvres, Poitou-Charentes, Nouvelle-Aquitaine, FRA",FRI33,,,Name3438761,True,False,False,Medium
FRA,Medium,Technology,Software,"Deux-Sèvres, Poitou-Charentes, Nouvelle-Aquitaine, FRA",FRI33,,,Name3438762,True,True,False,Medium
FRA,Medium,Technology,Software,"Deux-Sèvres, Poitou-Charentes, Nouvelle-Aquitaine, FRA",FRI33,,,Name3438763,True,True,False,High
FRA,Medium,Technology,Software,"Deux-Sèvres, Poitou-Charentes, Nouvelle-Aquitaine, FRA",FRI33,,,Name3438764,True,True,False,Medium
FRA,Medium,Technology,Software,"Deux-Sèvres, Poitou-Charentes, Nouvelle-Aquitaine, FRA",FRI33,,,Name3438765,False,False,True,Low
FRA,Medium,Technology,Software,"Deux-Sèvres, Poitou-Charentes, Nouvelle-Aquitaine, FRA",FRI33,,,Name3438766,True,True,False,High
FRA,Medium,Technology,Software,"Deux-Sèvres, Poitou-Charentes, Nouvelle-Aquitaine, FRA",FRI33,,,Name3438767,False,True,True,High
FRA,Medium,Technology,Software,"Deux-Sèvres, Poitou-Charentes, Nouvelle-Aquitaine, FRA",FRI33,,,Name3438770,False,True,False,Severe
FRA,Medium,Technology,Software,"Deux-Sèvres, Poitou-Charentes, Nouvelle-Aquitaine, FRA",FRI33,,,Name3438771,True,True,False,High
FRA,Medium,Technology,Software,"Deux-Sèvres, Poitou-Charentes, Nouvelle-Aquitaine, FRA",FRI33,,,Name3438772,False,True,False,Low
FRA,Medium,Technology,Software,"Deux-Sèvres, Poitou-Charentes, Nouvelle-Aquitaine, FRA",FRI33,,,Name3438773,False,True,False,High
FRA,Medium,Technology,Software,"Deux-Sèvres, Poitou-Charentes, Nouvelle-Aquitaine, FRA",FRI33,,,Name3438774,True,True,False,Low
FRA,Medium,Technology,Software,"Deux-Sèvres, Poitou-Charentes, Nouvelle-Aquitaine, FRA",FRI33,,,Name3438775,True,False,False,Severe
FRA,Medium,Technology,Software,"Deux-Sèvres, Poitou-Charentes, Nouvelle-Aquitaine, FRA",FRI33,,,Name3438776,True,False,False,Severe
FRA,Medium,Technology,Software,"Deux-Sèvres, Poitou-Charentes, Nouvelle-Aquitaine, FRA",FRI33,,,Name3438778,False,True,True,Severe
FRA,Medium,Technology,Software,"Deux-Sèvres, Poitou-Charentes, Nouvelle-Aquitaine, FRA",FRI33,,,Name3438779,False,True,False,High
FRA,Medium,Technology,Software,"Deux-Sèvres, Poitou-Charentes, Nouvelle-Aquitaine, FRA",FRI33,,,Name3438780,True,True,False,Medium
FRA,Medium,Technology,Software,"Deux-Sèvres, Poitou-Charentes, Nouvelle-Aquitaine, FRA",FRI33,,,Name3438781,True,True,False,Low
FRA,Medium,Technology,Software,"Deux-Sèvres, Poitou-Charentes, Nouvelle-Aquitaine, FRA",FRI33,,,Name3438783,True,True,False,Low
FRA,Medium,Technology,Software,"Deux-Sèvres, Poitou-Charentes, Nouvelle-Aquitaine, FRA",FRI33,,,Name3438784,True,False,False,High
FRA,Medium,Technology,Software,"Deux-Sèvres, Poitou-Charentes, Nouvelle-Aquitaine, FRA",FRI33,,,Name3438785,True,True,False,Low
FRA,Medium,Technology,Software,"Deux-Sèvres, Poitou-Charentes, Nouvelle-Aquitaine, FRA",FRI33,,,Name3438786,True,False,False,Severe
FRA,Medium,Technology,Software,"Deux-Sèvres, Poitou-Charentes, Nouvelle-Aquitaine, FRA",FRI33,,,Name3438788,False,False,True,Low
FRA,Medium,Technology,Software,"Deux-Sèvres, Poitou-Charentes, Nouvelle-Aquitaine, FRA",FRI33,,,Name3438790,True,False,False,Severe
FRA,Medium,Technology,Software,"Deux-Sèvres, Poitou-Charentes, Nouvelle-Aquitaine, FRA",FRI33,,,Name3438791,True,False,False,Low
FRA,Medium,Technology,Software,"Deux-Sèvres, Poitou-Charentes, Nouvelle-Aquitaine, FRA",FRI33,,,Name3438792,True,False,False,Low
FRA,Medium,Technology,Software,"Deux-Sèvres, Poitou-Charentes, Nouvelle-Aquitaine, FRA",FRI33,,,Name3438793,True,True,False,High
FRA,Medium,Technology,Hardware,"Deux-Sèvres, Poitou-Charentes, Nouvelle-Aquitaine, FRA",FRI33,,,Name3438796,False,False,True,High
FRA,Medium,Technology,Hardware,"Deux-Sèvres, Poitou-Charentes, Nouvelle-Aquitaine, FRA",FRI33,,,Name3438797,False,True,False,High
FRA,Medium,Technology,Hardware,"Deux-Sèvres, Poitou-Charentes, Nouvelle-Aquitaine, FRA",FRI33,,,Name3438798,False,True,True,Low
FRA,Medium,Technology,Hardware,"Deux-Sèvres, Poitou-Charentes, Nouvelle-Aquitaine, FRA",FRI33,,,Name3438799,True,True,False,Medium
FRA,Medium,Technology,Hardware,"Deux-Sèvres, Poitou-Charentes, Nouvelle-Aquitaine, FRA",FRI33,,,Name3438800,True,False,False,Low
FRA,Medium,Technology,Hardware,"Deux-Sèvres, Poitou-Charentes, Nouvelle-Aquitaine, FRA",FRI33,,,Name3438801,True,False,False,Severe
FRA,Medium,Technology,Hardware,"Deux-Sèvres, Poitou-Charentes, Nouvelle-Aquitaine, FRA",FRI33,,,Name3438802,False,False,True,High
FRA,Medium,Technology,Hardware,"Deux-Sèvres, Poitou-Charentes, Nouvelle-Aquitaine, FRA",FRI33,,,Name3438803,True,False,False,Medium
FRA,Medium,Technology,Hardware,"Deux-Sèvres, Poitou-Charentes, Nouvelle-Aquitaine, FRA",FRI33,,,Name3438804,False,False,True,Medium
FRA,Medium,Technology,Hardware,"Deux-Sèvres, Poitou-Charentes, Nouvelle-Aquitaine, FRA",FRI33,,,Name3438805,False,True,True,Severe
FRA,Medium,Technology,Hardware,"Deux-Sèvres, Poitou-Charentes, Nouvelle-Aquitaine, FRA",FRI33,,,Name3438806,True,False,False,Severe
FRA,Medium,Technology,Hardware,"Deux-Sèvres, Poitou-Charentes, Nouvelle-Aquitaine, FRA",FRI33,,,Name3438807,False,True,False,Low
FRA,Medium,Technology,Hardware,"Deux-Sèvres, Poitou-Charentes, Nouvelle-Aquitaine, FRA",FRI33,,,Name3438808,True,False,False,Medium
FRA,Medium,Technology,Hardware,"Deux-Sèvres, Poitou-Charentes, Nouvelle-Aquitaine, FRA",FRI33,,,Name3438809,True,False,False,High
FRA,Medium,Technology,Hardware,"Deux-Sèvres, Poitou-Charentes, Nouvelle-Aquitaine, FRA",FRI33,,,Name3438810,False,False,True,Low
FRA,Medium,Technology,Hardware,"Deux-Sèvres, Poitou-Charentes, Nouvelle-Aquitaine, FRA",FRI33,,,Name3438811,True,False,False,Low
FRA,Medium,Technology,Hardware,"Deux-Sèvres, Poitou-Charentes, Nouvelle-Aquitaine, FRA",FRI33,,,Name3438812,False,True,True,Severe
FRA,Medium,Technology,Hardware,"Deux-Sèvres, Poitou-Charentes, Nouvelle-Aquitaine, FRA",FRI33,,,Name3438813,True,True,False,Medium
FRA,Medium,Technology,Hardware,"Deux-Sèvres, Poitou-Charentes, Nouvelle-Aquitaine, FRA",FRI33,,,Name3438814,True,True,False,Medium
FRA,Medium,Technology,Hardware,"Deux-Sèvres, Poitou-Charentes, Nouvelle-Aquitaine, FRA",FRI33,,,Name3438816,False,True,False,Medium
FRA,Medium,Technology,Hardware,"Deux-Sèvres, Poitou-Charentes, Nouvelle-Aquitaine, FRA",FRI33,,,Name3438818,True,False,False,Low
FRA,Medium,Technology,Hardware,"Deux-Sèvres, Poitou-Charentes, Nouvelle-Aquitaine, FRA",FRI33,,,Name3438819,True,True,False,Medium
FRA,Medium,Technology,Hardware,"Deux-Sèvres, Poitou-Charentes, Nouvelle-Aquitaine, FRA",FRI33,,,Name3438821,False,False,True,High
FRA,Medium,Technology,Hardware,"Deux-Sèvres, Poitou-Charentes, Nouvelle-Aquitaine, FRA",FRI33,,,Name3438823,True,True,False,Low
FRA,Medium,Technology,Hardware,"Deux-Sèvres, Poitou-Charentes, Nouvelle-Aquitaine, FRA",FRI33,,,Name3438824,True,False,False,Severe
FRA,Medium,Technology,Hardware,"Deux-Sèvres, Poitou-Charentes, Nouvelle-Aquitaine, FRA",FRI33,,,Name3438825,False,True,False,Medium
FRA,Medium,Technology,Hardware,"Deux-Sèvres, Poitou-Charentes, Nouvelle-Aquitaine, FRA",FRI33,,,Name3438826,False,False,True,Medium
FRA,Medium,Technology,Hardware,"Deux-Sèvres, Poitou-Charentes, Nouvelle-Aquitaine, FRA",FRI33,,,Name3438827,True,False,False,High
FRA,Medium,Technology,Hardware,"Deux-Sèvres, Poitou-Charentes, Nouvelle-Aquitaine, FRA",FRI33,,,Name3438829,True,False,False,Severe
FRA,Medium,Technology,Hardware,"Deux-Sèvres, Poitou-Charentes, Nouvelle-Aquitaine, FRA",FRI33,,,Name3438830,False,True,False,High
FRA,Medium,Technology,Hardware,"Deux-Sèvres, Poitou-Charentes, Nouvelle-Aquitaine, FRA",FRI33,,,Name3438831,True,False,False,Low
FRA,Medium,Technology,Hardware,"Deux-Sèvres, Poitou-Charentes, Nouvelle-Aquitaine, FRA",FRI33,,,Name3438832,False,True,False,Medium
FRA,Medium,Technology,Hardware,"Deux-Sèvres, Poitou-Charentes, Nouvelle-Aquitaine, FRA",FRI33,,,Name3438833,True,True,False,Low
FRA,Medium,Technology,Hardware,"Deux-Sèvres, Poitou-Charentes, Nouvelle-Aquitaine, FRA",FRI33,,,Name3438834,True,False,False,Severe
FRA,Medium,Technology,Hardware,"Deux-Sèvres, Poitou-Charentes, Nouvelle-Aquitaine, FRA",FRI33,,,Name3438835,True,False,False,Medium
FRA,Medium,Technology,Hardware,"Deux-Sèvres, Poitou-Charentes, Nouvelle-Aquitaine, FRA",FRI33,,,Name3438836,False,True,True,Severe
FRA,Medium,Technology,Hardware,"Deux-Sèvres, Poitou-Charentes, Nouvelle-Aquitaine, FRA",FRI33,,,Name3438837,False,True,False,High
FRA,Medium,Technology,IT Services,"Deux-Sèvres, Poitou-Charentes, Nouvelle-Aquitaine, FRA",FRI33,,,Name3438838,True,False,False,Low
FRA,Medium,Technology,IT Services,"Deux-Sèvres, Poitou-Charentes, Nouvelle-Aquitaine, FRA",FRI33,,,Name3438839,True,False,False,Medium
FRA,Medium,Technology,IT Services,"Deux-Sèvres, Poitou-Charentes, Nouvelle-Aquitaine, FRA",FRI33,,,Name3438840,True,False,False,High
FRA,Medium,Technology,IT Services,"Deux-Sèvres, Poitou-Charentes, Nouvelle-Aquitaine, FRA",FRI33,,,Name3438841,True,True,False,Medium
FRA,Medium,Technology,IT Services,"Deux-Sèvres, Poitou-Charentes, Nouvelle-Aquitaine, FRA",FRI33,,,Name3438842,True,False,False,Severe
FRA,Medium,Technology,IT Services,"Deux-Sèvres, Poitou-Charentes, Nouvelle-Aquitaine, FRA",FRI33,,,Name3438843,False,True,True,Medium
FRA,Medium,Technology,IT Services,"Deux-Sèvres, Poitou-Charentes, Nouvelle-Aquitaine, FRA",FRI33,,,Name3438844,False,True,False,High
FRA,Medium,Technology,IT Services,"Deux-Sèvres, Poitou-Charentes, Nouvelle-Aquitaine, FRA",FRI33,,,Name3438845,True,False,False,Low
FRA,Medium,Technology,IT Services,"Deux-Sèvres, Poitou-Charentes, Nouvelle-Aquitaine, FRA",FRI33,,,Name3438846,False,True,False,Severe
FRA,Medium,Technology,IT Services,"Deux-Sèvres, Poitou-Charentes, Nouvelle-Aquitaine, FRA",FRI33,,,Name3438847,True,False,False,High
FRA,Medium,Technology,IT Services,"Deux-Sèvres, Poitou-Charentes, Nouvelle-Aquitaine, FRA",FRI33,,,Name3438848,True,False,False,Severe
FRA,Medium,Technology,IT Services,"Deux-Sèvres, Poitou-Charentes, Nouvelle-Aquitaine, FRA",FRI33,,,Name3438849,False,False,True,High
FRA,Medium,Technology,IT Services,"Deux-Sèvres, Poitou-Charentes, Nouvelle-Aquitaine, FRA",FRI33,,,Name3438850,False,True,True,High
FRA,Medium,Technology,IT Services,"Deux-Sèvres, Poitou-Charentes, Nouvelle-Aquitaine, FRA",FRI33,,,Name3438851,False,True,False,Medium
FRA,Medium,Technology,IT Services,"Deux-Sèvres, Poitou-Charentes, Nouvelle-Aquitaine, FRA",FRI33,,,Name3438852,True,False,False,Medium
FRA,Medium,Technology,IT Services,"Deux-Sèvres, Poitou-Charentes, Nouvelle-Aquitaine, FRA",FRI33,,,Name3438853,True,True,False,Low
FRA,Medium,Technology,IT Services,"Deux-Sèvres, Poitou-Charentes, Nouvelle-Aquitaine, FRA",FRI33,,,Name3438854,False,True,False,Medium
FRA,Medium,Technology,IT Services,"Deux-Sèvres, Poitou-Charentes, Nouvelle-Aquitaine, FRA",FRI33,,,Name3438855,False,False,True,Low
FRA,Medium,Technology,IT Services,"Deux-Sèvres, Poitou-Charentes, Nouvelle-Aquitaine, FRA",FRI33,,,Name3438856,True,False,False,Medium
FRA,Medium,Technology,IT Services,"Deux-Sèvres, Poitou-Charentes, Nouvelle-Aquitaine, FRA",FRI33,,,Name3438857,True,True,False,High
FRA,Medium,Technology,IT Services,"Deux-Sèvres, Poitou-Charentes, Nouvelle-Aquitaine, FRA",FRI33,,,Name3438858,True,True,False,High
FRA,Medium,Technology,IT Services,"Deux-Sèvres, Poitou-Charentes, Nouvelle-Aquitaine, FRA",FRI33,,,Name3438860,True,False,False,Medium
FRA,Medium,Technology,IT Services,"Deux-Sèvres, Poitou-Charentes, Nouvelle-Aquitaine, FRA",FRI33,,,Name3438861,True,False,False,Medium
FRA,Medium,Technology,IT Services,"Deux-Sèvres, Poitou-Charentes, Nouvelle-Aquitaine, FRA",FRI33,,,Name3438863,True,False,False,Low
FRA,Medium,Technology,IT Services,"Deux-Sèvres, Poitou-Charentes, Nouvelle-Aquitaine, FRA",FRI33,,,Name3438864,False,False,True,Medium
FRA,Medium,Technology,IT Services,"Deux-Sèvres, Poitou-Charentes, Nouvelle-Aquitaine, FRA",FRI33,,,Name3438865,True,True,False,Severe
FRA,Medium,Technology,IT Services,"Deux-Sèvres, Poitou-Charentes, Nouvelle-Aquitaine, FRA",FRI33,,,Name3438866,True,True,False,Medium
FRA,Medium,Technology,IT Services,"Deux-Sèvres, Poitou-Charentes, Nouvelle-Aquitaine, FRA",FRI33,,,Name3438867,False,False,True,High
FRA,Medium,Technology,IT Services,"Deux-Sèvres, Poitou-Charentes, Nouvelle-Aquitaine, FRA",FRI33,,,Name3438868,True,False,False,Severe
FRA,Medium,Technology,IT Services,"Deux-Sèvres, Poitou-Charentes, Nouvelle-Aquitaine, FRA",FRI33,,,Name3438869,True,True,False,Low
FRA,Medium,Technology,IT Services,"Deux-Sèvres, Poitou-Charentes, Nouvelle-Aquitaine, FRA",FRI33,,,Name3438870,False,False,True,Severe
FRA,Medium,Technology,IT Services,"Deux-Sèvres, Poitou-Charentes, Nouvelle-Aquitaine, FRA",FRI33,,,Name3438871,False,True,False,Severe
FRA,Medium,Technology,IT Services,"Deux-Sèvres, Poitou-Charentes, Nouvelle-Aquitaine, FRA",FRI33,,,Name3438872,True,False,False,Low
FRA,Medium,Technology,IT Services,"Deux-Sèvres, Poitou-Charentes, Nouvelle-Aquitaine, FRA",FRI33,,,Name3438873,True,True,False,Severe
FRA,Medium,Technology,IT Services,"Deux-Sèvres, Poitou-Charentes, Nouvelle-Aquitaine, FRA",FRI33,,,Name3438874,False,True,False,Low
FRA,Medium,Technology,IT Services,"Deux-Sèvres, Poitou-Charentes, Nouvelle-Aquitaine, FRA",FRI33,,,Name3438875,True,False,False,Medium
FRA,Medium,Technology,IT Services,"Deux-Sèvres, Poitou-Charentes, Nouvelle-Aquitaine, FRA",FRI33,,,Name3438876,True,False,False,Low
FRA,Medium,Technology,IT Services,"Deux-Sèvres, Poitou-Charentes, Nouvelle-Aquitaine, FRA",FRI33,,,Name3438877,True,False,False,Low
FRA,Medium,Technology,IT Services,"Deux-Sèvres, Poitou-Charentes, Nouvelle-Aquitaine, FRA",FRI33,,,Name3438878,True,False,False,Severe
FRA,Medium,Technology,IT Services,"Deux-Sèvres, Poitou-Charentes, Nouvelle-Aquitaine, FRA",FRI33,,,Name3438879,True,False,False,Severe
FRA,Medium,Technology,IT Services,"Deux-Sèvres, Poitou-Charentes, Nouvelle-Aquitaine, FRA",FRI33,,,Name3438881,False,True,False,Low
FRA,Medium,Healthcare,Pharmaceuticals,"Deux-Sèvres, Poitou-Charentes, Nouvelle-Aquitaine, FRA",FRI33,,,Name3438883,False,True,True,Low
FRA,Medium,Healthcare,Pharmaceuticals,"Deux-Sèvres, Poitou-Charentes, Nouvelle-Aquitaine, FRA",FRI33,,,Name3438884,False,True,True,High
FRA,Medium,Healthcare,Pharmaceuticals,"Deux-Sèvres, Poitou-Charentes, Nouvelle-Aquitaine, FRA",FRI33,,,Name3438885,True,False,False,High
FRA,Medium,Healthcare,Pharmaceuticals,"Deux-Sèvres, Poitou-Charentes, Nouvelle-Aquitaine, FRA",FRI33,,,Name3438886,False,False,True,Medium
FRA,Medium,Healthcare,Pharmaceuticals,"Deux-Sèvres, Poitou-Charentes, Nouvelle-Aquitaine, FRA",FRI33,,,Name3438887,True,True,False,Medium
FRA,Medium,Healthcare,Pharmaceuticals,"Deux-Sèvres, Poitou-Charentes, Nouvelle-Aquitaine, FRA",FRI33,,,Name3438888,True,True,False,Low
FRA,Medium,Healthcare,Pharmaceuticals,"Deux-Sèvres, Poitou-Charentes, Nouvelle-Aquitaine, FRA",FRI33,,,Name3438889,False,True,True,High
FRA,Medium,Healthcare,Pharmaceuticals,"Deux-Sèvres, Poitou-Charentes, Nouvelle-Aquitaine, FRA",FRI33,,,Name3438890,True,True,False,Medium
FRA,Medium,Healthcare,Pharmaceuticals,"Deux-Sèvres, Poitou-Charentes, Nouvelle-Aquitaine, FRA",FRI33,,,Name3438891,False,False,True,Severe
FRA,Medium,Healthcare,Pharmaceuticals,"Deux-Sèvres, Poitou-Charentes, Nouvelle-Aquitaine, FRA",FRI33,,,Name3438892,True,False,False,Severe
FRA,Medium,Healthcare,Pharmaceuticals,"Deux-Sèvres, Poitou-Charentes, Nouvelle-Aquitaine, FRA",FRI33,,,Name3438893,True,True,False,Severe
FRA,Medium,Healthcare,Pharmaceuticals,"Deux-Sèvres, Poitou-Charentes, Nouvelle-Aquitaine, FRA",FRI33,,,Name3438894,False,True,False,High
FRA,Medium,Healthcare,Pharmaceuticals,"Deux-Sèvres, Poitou-Charentes, Nouvelle-Aquitaine, FRA",FRI33,,,Name3438895,False,False,True,Low
FRA,Medium,Healthcare,Pharmaceuticals,"Deux-Sèvres, Poitou-Charentes, Nouvelle-Aquitaine, FRA",FRI33,,,Name3438896,False,True,False,Severe
FRA,Medium,Healthcare,Pharmaceuticals,"Deux-Sèvres, Poitou-Charentes, Nouvelle-Aquitaine, FRA",FRI33,,,Name3438897,True,False,False,Low
FRA,Medium,Healthcare,Pharmaceuticals,"Deux-Sèvres, Poitou-Charentes, Nouvelle-Aquitaine, FRA",FRI33,,,Name3438898,False,True,True,Low
FRA,Medium,Healthcare,Pharmaceuticals,"Deux-Sèvres, Poitou-Charentes, Nouvelle-Aquitaine, FRA",FRI33,,,Name3438899,True,False,False,Low
FRA,Medium,Healthcare,Pharmaceuticals,"Deux-Sèvres, Poitou-Charentes, Nouvelle-Aquitaine, FRA",FRI33,,,Name3438900,False,True,False,Low
FRA,Medium,Healthcare,Pharmaceuticals,"Deux-Sèvres, Poitou-Charentes, Nouvelle-Aquitaine, FRA",FRI33,,,Name3438901,True,False,False,High
FRA,Medium,Healthcare,Pharmaceuticals,"Deux-Sèvres, Poitou-Charentes, Nouvelle-Aquitaine, FRA",FRI33,,,Name3438902,True,False,False,Medium
FRA,Medium,Healthcare,Pharmaceuticals,"Deux-Sèvres, Poitou-Charentes, Nouvelle-Aquitaine, FRA",FRI33,,,Name3438904,True,False,False,Medium
FRA,Medium,Healthcare,Pharmaceuticals,"Deux-Sèvres, Poitou-Charentes, Nouvelle-Aquitaine, FRA",FRI33,,,Name3438905,True,True,False,Low
FRA,Medium,Healthcare,Pharmaceuticals,"Deux-Sèvres, Poitou-Charentes, Nouvelle-Aquitaine, FRA",FRI33,,,Name3438906,False,False,True,Medium
FRA,Medium,Healthcare,Pharmaceuticals,"Deux-Sèvres, Poitou-Charentes, Nouvelle-Aquitaine, FRA",FRI33,,,Name3438907,True,True,False,Low
FRA,Medium,Healthcare,Pharmaceuticals,"Deux-Sèvres, Poitou-Charentes, Nouvelle-Aquitaine, FRA",FRI33,,,Name3438908,True,True,False,Low
FRA,Medium,Healthcare,Pharmaceuticals,"Deux-Sèvres, Poitou-Charentes, Nouvelle-Aquitaine, FRA",FRI33,,,Name3438909,True,True,False,Medium
FRA,Medium,Healthcare,Pharmaceuticals,"Deux-Sèvres, Poitou-Charentes, Nouvelle-Aquitaine, FRA",FRI33,,,Name3438911,True,True,False,Severe
FRA,Medium,Healthcare,Pharmaceuticals,"Deux-Sèvres, Poitou-Charentes, Nouvelle-Aquitaine, FRA",FRI33,,,Name3438912,True,False,False,Medium
FRA,Medium,Healthcare,Pharmaceuticals,"Deux-Sèvres, Poitou-Charentes, Nouvelle-Aquitaine, FRA",FRI33,,,Name3438913,False,False,True,Medium
FRA,Medium,Healthcare,Pharmaceuticals,"Deux-Sèvres, Poitou-Charentes, Nouvelle-Aquitaine, FRA",FRI33,,,Name3438914,False,True,True,High
FRA,Medium,Healthcare,Pharmaceuticals,"Deux-Sèvres, Poitou-Charentes, Nouvelle-Aquitaine, FRA",FRI33,,,Name3438915,False,True,True,Medium
FRA,Medium,Healthcare,Pharmaceuticals,"Deux-Sèvres, Poitou-Charentes, Nouvelle-Aquitaine, FRA",FRI33,,,Name3438916,True,True,False,Medium
FRA,Medium,Healthcare,Pharmaceuticals,"Deux-Sèvres, Poitou-Charentes, Nouvelle-Aquitaine, FRA",FRI33,,,Name3438917,True,False,False,High
FRA,Medium,Healthcare,Pharmaceuticals,"Deux-Sèvres, Poitou-Charentes, Nouvelle-Aquitaine, FRA",FRI33,,,Name3438918,False,False,True,Low
FRA,Medium,Healthcare,Medical Devices,"Deux-Sèvres, Poitou-Charentes, Nouvelle-Aquitaine, FRA",FRI33,,,Name3438919,False,False,True,Severe
FRA,Medium,Healthcare,Medical Devices,"Deux-Sèvres, Poitou-Charentes, Nouvelle-Aquitaine, FRA",FRI33,,,Name3438920,True,False,False,Severe
FRA,Medium,Healthcare,Medical Devices,"Deux-Sèvres, Poitou-Charentes, Nouvelle-Aquitaine, FRA",FRI33,,,Name3438921,False,False,True,Severe
FRA,Medium,Healthcare,Medical Devices,"Deux-Sèvres, Poitou-Charentes, Nouvelle-Aquitaine, FRA",FRI33,,,Name3438922,True,True,False,Low
FRA,Medium,Healthcare,Medical Devices,"Deux-Sèvres, Poitou-Charentes, Nouvelle-Aquitaine, FRA",FRI33,,,Name3438923,False,True,False,Low
FRA,Medium,Healthcare,Medical Devices,"Deux-Sèvres, Poitou-Charentes, Nouvelle-Aquitaine, FRA",FRI33,,,Name3438924,False,True,False,Severe
FRA,Medium,Healthcare,Medical Devices,"Deux-Sèvres, Poitou-Charentes, Nouvelle-Aquitaine, FRA",FRI33,,,Name3438925,False,True,False,Low
FRA,Medium,Healthcare,Medical Devices,"Deux-Sèvres, Poitou-Charentes, Nouvelle-Aquitaine, FRA",FRI33,,,Name3438926,True,False,False,Low
FRA,Medium,Healthcare,Medical Devices,"Deux-Sèvres, Poitou-Charentes, Nouvelle-Aquitaine, FRA",FRI33,,,Name3438927,True,True,False,Low
FRA,Medium,Healthcare,Medical Devices,"Deux-Sèvres, Poitou-Charentes, Nouvelle-Aquitaine, FRA",FRI33,,,Name3438928,False,True,False,Low
FRA,Medium,Healthcare,Healthcare Services,"Deux-Sèvres, Poitou-Charentes, Nouvelle-Aquitaine, FRA",FRI33,,,Name3438929,True,True,False,Low
FRA,Medium,Healthcare,Healthcare Services,"Deux-Sèvres, Poitou-Charentes, Nouvelle-Aquitaine, FRA",FRI33,,,Name3438930,True,True,False,Medium
FRA,Medium,Healthcare,Healthcare Services,"Deux-Sèvres, Poitou-Charentes, Nouvelle-Aquitaine, FRA",FRI33,,,Name3438932,True,True,False,Low
FRA,Medium,Healthcare,Healthcare Services,"Deux-Sèvres, Poitou-Charentes, Nouvelle-Aquitaine, FRA",FRI33,,,Name3438933,False,True,False,Severe
FRA,Medium,Healthcare,Healthcare Services,"Deux-Sèvres, Poitou-Charentes, Nouvelle-Aquitaine, FRA",FRI33,,,Name3438934,False,True,False,Medium
FRA,Medium,Healthcare,Healthcare Services,"Deux-Sèvres, Poitou-Charentes, Nouvelle-Aquitaine, FRA",FRI33,,,Name3438935,True,True,False,Severe
FRA,Medium,Healthcare,Healthcare Services,"Deux-Sèvres, Poitou-Charentes, Nouvelle-Aquitaine, FRA",FRI33,,,Name3438936,True,True,False,High
FRA,Medium,Healthcare,Healthcare Services,"Deux-Sèvres, Poitou-Charentes, Nouvelle-Aquitaine, FRA",FRI33,,,Name3438937,True,True,False,Severe
FRA,Medium,Finance,Banking,"Deux-Sèvres, Poitou-Charentes, Nouvelle-Aquitaine, FRA",FRI33,,,Name3438938,True,True,False,Low
FRA,Medium,Finance,Banking,"Deux-Sèvres, Poitou-Charentes, Nouvelle-Aquitaine, FRA",FRI33,,,Name3438939,False,False,True,Medium
FRA,Medium,Finance,Banking,"Deux-Sèvres, Poitou-Charentes, Nouvelle-Aquitaine, FRA",FRI33,,,Name3438940,False,True,False,Severe
FRA,Medium,Finance,Banking,"Deux-Sèvres, Poitou-Charentes, Nouvelle-Aquitaine, FRA",FRI33,,,Name3438942,False,True,True,Severe
FRA,Medium,Finance,Banking,"Deux-Sèvres, Poitou-Charentes, Nouvelle-Aquitaine, FRA",FRI33,,,Name3438944,False,True,True,Low
FRA,Medium,Finance,Banking,"Deux-Sèvres, Poitou-Charentes, Nouvelle-Aquitaine, FRA",FRI33,,,Name3438945,False,False,True,High
FRA,Medium,Finance,Banking,"Deux-Sèvres, Poitou-Charentes, Nouvelle-Aquitaine, FRA",FRI33,,,Name3438948,False,True,True,High
FRA,Medium,Finance,Banking,"Deux-Sèvres, Poitou-Charentes, Nouvelle-Aquitaine, FRA",FRI33,,,Name3438949,True,True,False,Low
FRA,Medium,Finance,Banking,"Deux-Sèvres, Poitou-Charentes, Nouvelle-Aquitaine, FRA",FRI33,,,Name3438950,True,False,False,Low
FRA,Medium,Finance,Banking,"Deux-Sèvres, Poitou-Charentes, Nouvelle-Aquitaine, FRA",FRI33,,,Name3438951,False,False,True,Medium
FRA,Medium,Finance,Banking,"Deux-Sèvres, Poitou-Charentes, Nouvelle-Aquitaine, FRA",FRI33,,,Name3438952,False,True,False,Medium
FRA,Medium,Finance,Banking,"Deux-Sèvres, Poitou-Charentes, Nouvelle-Aquitaine, FRA",FRI33,,,Name3438953,True,True,False,Medium
FRA,Medium,Finance,Banking,"Deux-Sèvres, Poitou-Charentes, Nouvelle-Aquitaine, FRA",FRI33,,,Name3438954,True,False,False,Medium
FRA,Medium,Finance,Banking,"Deux-Sèvres, Poitou-Charentes, Nouvelle-Aquitaine, FRA",FRI33,,,Name3438955,True,False,False,Low
FRA,Medium,Finance,Banking,"Deux-Sèvres, Poitou-Charentes, Nouvelle-Aquitaine, FRA",FRI33,,,Name3438956,True,False,False,Severe
FRA,Medium,Finance,Banking,"Deux-Sèvres, Poitou-Charentes, Nouvelle-Aquitaine, FRA",FRI33,,,Name3438957,True,False,False,High
FRA,Medium,Finance,Banking,"Deux-Sèvres, Poitou-Charentes, Nouvelle-Aquitaine, FRA",FRI33,,,Name3438958,False,False,True,Medium
FRA,Medium,Finance,Banking,"Deux-Sèvres, Poitou-Charentes, Nouvelle-Aquitaine, FRA",FRI33,,,Name3438959,False,False,True,Medium
FRA,Medium,Finance,Banking,"Deux-Sèvres, Poitou-Charentes, Nouvelle-Aquitaine, FRA",FRI33,,,Name3438961,True,True,False,Low
FRA,Medium,Finance,Banking,"Deux-Sèvres, Poitou-Charentes, Nouvelle-Aquitaine, FRA",FRI33,,,Name3438962,True,False,False,Medium
FRA,Medium,Finance,Banking,"Deux-Sèvres, Poitou-Charentes, Nouvelle-Aquitaine, FRA",FRI33,,,Name3438963,False,True,True,Medium
FRA,Medium,Finance,Banking,"Deux-Sèvres, Poitou-Charentes, Nouvelle-Aquitaine, FRA",FRI33,,,Name3438964,True,True,False,Severe
FRA,Medium,Finance,Banking,"Deux-Sèvres, Poitou-Charentes, Nouvelle-Aquitaine, FRA",FRI33,,,Name3438965,True,True,False,Severe
FRA,Medium,Finance,Banking,"Deux-Sèvres, Poitou-Charentes, Nouvelle-Aquitaine, FRA",FRI33,,,Name3438966,True,False,False,Medium
FRA,Medium,Finance,Banking,"Deux-Sèvres, Poitou-Charentes, Nouvelle-Aquitaine, FRA",FRI33,,,Name3438967,True,False,False,Low
FRA,Medium,Finance,Banking,"Deux-Sèvres, Poitou-Charentes, Nouvelle-Aquitaine, FRA",FRI33,,,Name3438968,False,True,True,Low
FRA,Medium,Finance,Banking,"Deux-Sèvres, Poitou-Charentes, Nouvelle-Aquitaine, FRA",FRI33,,,Name3438969,True,True,False,Severe
FRA,Medium,Finance,Banking,"Deux-Sèvres, Poitou-Charentes, Nouvelle-Aquitaine, FRA",FRI33,,,Name3438970,False,True,False,High
FRA,Medium,Finance,Banking,"Deux-Sèvres, Poitou-Charentes, Nouvelle-Aquitaine, FRA",FRI33,,,Name3438971,False,True,False,High
FRA,Medium,Finance,Banking,"Deux-Sèvres, Poitou-Charentes, Nouvelle-Aquitaine, FRA",FRI33,,,Name3438972,True,True,False,High
FRA,Medium,Finance,Banking,"Deux-Sèvres, Poitou-Charentes, Nouvelle-Aquitaine, FRA",FRI33,,,Name3438973,True,True,False,High
FRA,Medium,Finance,Banking,"Deux-Sèvres, Poitou-Charentes, Nouvelle-Aquitaine, FRA",FRI33,,,Name3438974,True,False,False,Severe
FRA,Medium,Finance,Banking,"Deux-Sèvres, Poitou-Charentes, Nouvelle-Aquitaine, FRA",FRI33,,,Name3438975,True,False,False,Medium
FRA,Medium,Finance,Banking,"Deux-Sèvres, Poitou-Charentes, Nouvelle-Aquitaine, FRA",FRI33,,,Name3438976,False,False,True,Low
FRA,Medium,Finance,Banking,"Deux-Sèvres, Poitou-Charentes, Nouvelle-Aquitaine, FRA",FRI33,,,Name3438977,True,True,False,High
FRA,Medium,Finance,Banking,"Deux-Sèvres, Poitou-Charentes, Nouvelle-Aquitaine, FRA",FRI33,,,Name3438978,False,True,True,Low
FRA,Medium,Finance,Banking,"Deux-Sèvres, Poitou-Charentes, Nouvelle-Aquitaine, FRA",FRI33,,,Name3438979,False,True,False,High
FRA,Medium,Finance,Insurance,"Deux-Sèvres, Poitou-Charentes, Nouvelle-Aquitaine, FRA",FRI33,,,Name3438983,True,True,False,Medium
FRA,Medium,Finance,Insurance,"Deux-Sèvres, Poitou-Charentes, Nouvelle-Aquitaine, FRA",FRI33,,,Name3438984,False,False,True,Medium
FRA,Medium,Finance,Insurance,"Deux-Sèvres, Poitou-Charentes, Nouvelle-Aquitaine, FRA",FRI33,,,Name3438985,True,True,False,Severe
FRA,Medium,Finance,Insurance,"Deux-Sèvres, Poitou-Charentes, Nouvelle-Aquitaine, FRA",FRI33,,,Name3438986,False,False,True,Severe
FRA,Medium,Finance,Investment Services,"Deux-Sèvres, Poitou-Charentes, Nouvelle-Aquitaine, FRA",FRI33,,,Name3438987,True,False,False,High
FRA,Medium,Finance,Investment Services,"Deux-Sèvres, Poitou-Charentes, Nouvelle-Aquitaine, FRA",FRI33,,,Name3438988,True,False,False,Low
FRA,Medium,Finance,Investment Services,"Deux-Sèvres, Poitou-Charentes, Nouvelle-Aquitaine, FRA",FRI33,,,Name3438989,False,True,True,Severe
FRA,Medium,Finance,Investment Services,"Deux-Sèvres, Poitou-Charentes, Nouvelle-Aquitaine, FRA",FRI33,,,Name3438990,True,True,False,Low
FRA,Medium,Finance,Investment Services,"Deux-Sèvres, Poitou-Charentes, Nouvelle-Aquitaine, FRA",FRI33,,,Name3438991,False,False,True,High
FRA,Medium,Finance,Investment Services,"Deux-Sèvres, Poitou-Charentes, Nouvelle-Aquitaine, FRA",FRI33,,,Name3438992,False,False,True,Low
FRA,Medium,Finance,Investment Services,"Deux-Sèvres, Poitou-Charentes, Nouvelle-Aquitaine, FRA",FRI33,,,Name3438994,True,True,False,High
FRA,Medium,Finance,Investment Services,"Deux-Sèvres, Poitou-Charentes, Nouvelle-Aquitaine, FRA",FRI33,,,Name3438995,False,True,True,Severe
FRA,Medium,Finance,Investment Services,"Deux-Sèvres, Poitou-Charentes, Nouvelle-Aquitaine, FRA",FRI33,,,Name3438996,True,False,False,Low
FRA,Medium,Finance,Investment Services,"Deux-Sèvres, Poitou-Charentes, Nouvelle-Aquitaine, FRA",FRI33,,,Name3438997,False,True,True,Low
FRA,Medium,Energy,Oil & Gas,"Deux-Sèvres, Poitou-Charentes, Nouvelle-Aquitaine, FRA",FRI33,,,Name3438998,True,True,False,High
FRA,Medium,Energy,Oil & Gas,"Deux-Sèvres, Poitou-Charentes, Nouvelle-Aquitaine, FRA",FRI33,,,Name3438999,True,True,False,Medium
FRA,Medium,Energy,Oil & Gas,"Deux-Sèvres, Poitou-Charentes, Nouvelle-Aquitaine, FRA",FRI33,,,Name3439000,True,True,False,Severe
FRA,Medium,Energy,Oil & Gas,"Deux-Sèvres, Poitou-Charentes, Nouvelle-Aquitaine, FRA",FRI33,,,Name3439001,True,True,False,Low
FRA,Medium,Energy,Oil & Gas,"Deux-Sèvres, Poitou-Charentes, Nouvelle-Aquitaine, FRA",FRI33,,,Name3439003,True,True,False,Low
FRA,Medium,Energy,Oil & Gas,"Deux-Sèvres, Poitou-Charentes, Nouvelle-Aquitaine, FRA",FRI33,,,Name3439004,True,False,False,High
FRA,Medium,Energy,Oil & Gas,"Deux-Sèvres, Poitou-Charentes, Nouvelle-Aquitaine, FRA",FRI33,,,Name3439005,True,False,False,Low
FRA,Medium,Energy,Oil & Gas,"Deux-Sèvres, Poitou-Charentes, Nouvelle-Aquitaine, FRA",FRI33,,,Name3439006,False,True,True,High
FRA,Medium,Energy,Oil & Gas,"Deux-Sèvres, Poitou-Charentes, Nouvelle-Aquitaine, FRA",FRI33,,,Name3439007,True,False,False,Severe
FRA,Medium,Energy,Oil & Gas,"Deux-Sèvres, Poitou-Charentes, Nouvelle-Aquitaine, FRA",FRI33,,,Name3439008,False,True,True,Medium
FRA,Medium,Energy,Oil & Gas,"Deux-Sèvres, Poitou-Charentes, Nouvelle-Aquitaine, FRA",FRI33,,,Name3439009,False,True,True,High
FRA,Medium,Energy,Oil & Gas,"Deux-Sèvres, Poitou-Charentes, Nouvelle-Aquitaine, FRA",FRI33,,,Name3439010,False,True,True,Severe
FRA,Medium,Energy,Oil & Gas,"Deux-Sèvres, Poitou-Charentes, Nouvelle-Aquitaine, FRA",FRI33,,,Name3439011,True,True,False,High
FRA,Medium,Energy,Oil & Gas,"Deux-Sèvres, Poitou-Charentes, Nouvelle-Aquitaine, FRA",FRI33,,,Name3439013,False,True,False,Medium
FRA,Medium,Energy,Oil & Gas,"Deux-Sèvres, Poitou-Charentes, Nouvelle-Aquitaine, FRA",FRI33,,,Name3439014,False,False,True,Severe
FRA,Medium,Energy,Oil & Gas,"Deux-Sèvres, Poitou-Charentes, Nouvelle-Aquitaine, FRA",FRI33,,,Name3439015,True,True,False,High
FRA,Medium,Energy,Oil & Gas,"Deux-Sèvres, Poitou-Charentes, Nouvelle-Aquitaine, FRA",FRI33,,,Name3439016,True,False,False,Medium
FRA,Medium,Energy,Oil & Gas,"Deux-Sèvres, Poitou-Charentes, Nouvelle-Aquitaine, FRA",FRI33,,,Name3439017,False,True,True,High
FRA,Medium,Energy,Oil & Gas,"Deux-Sèvres, Poitou-Charentes, Nouvelle-Aquitaine, FRA",FRI33,,,Name3439019,False,False,True,Medium
FRA,Medium,Energy,Oil & Gas,"Deux-Sèvres, Poitou-Charentes, Nouvelle-Aquitaine, FRA",FRI33,,,Name3439020,False,True,True,High
FRA,Medium,Energy,Oil & Gas,"Deux-Sèvres, Poitou-Charentes, Nouvelle-Aquitaine, FRA",FRI33,,,Name3439021,True,True,False,Severe
FRA,Medium,Energy,Oil & Gas,"Deux-Sèvres, Poitou-Charentes, Nouvelle-Aquitaine, FRA",FRI33,,,Name3439022,True,False,False,Medium
FRA,Medium,Energy,Oil & Gas,"Deux-Sèvres, Poitou-Charentes, Nouvelle-Aquitaine, FRA",FRI33,,,Name3439024,True,False,False,High
FRA,Medium,Energy,Oil & Gas,"Deux-Sèvres, Poitou-Charentes, Nouvelle-Aquitaine, FRA",FRI33,,,Name3439025,True,False,False,Severe
FRA,Medium,Energy,Oil & Gas,"Deux-Sèvres, Poitou-Charentes, Nouvelle-Aquitaine, FRA",FRI33,,,Name3439026,False,True,True,Severe
FRA,Medium,Energy,Oil & Gas,"Deux-Sèvres, Poitou-Charentes, Nouvelle-Aquitaine, FRA",FRI33,,,Name3439027,False,True,True,Severe
FRA,Medium,Energy,Oil & Gas,"Deux-Sèvres, Poitou-Charentes, Nouvelle-Aquitaine, FRA",FRI33,,,Name3439029,True,False,False,Severe
FRA,Medium,Energy,Oil & Gas,"Deux-Sèvres, Poitou-Charentes, Nouvelle-Aquitaine, FRA",FRI33,,,Name3439030,False,False,True,Low
FRA,Medium,Energy,Oil & Gas,"Deux-Sèvres, Poitou-Charentes, Nouvelle-Aquitaine, FRA",FRI33,,,Name3439031,False,True,True,Severe
FRA,Medium,Energy,Oil & Gas,"Deux-Sèvres, Poitou-Charentes, Nouvelle-Aquitaine, FRA",FRI33,,,Name3439033,False,False,True,Low
FRA,Medium,Energy,Oil & Gas,"Deux-Sèvres, Poitou-Charentes, Nouvelle-Aquitaine, FRA",FRI33,,,Name3439034,True,True,False,Low
FRA,Medium,Energy,Oil & Gas,"Deux-Sèvres, Poitou-Charentes, Nouvelle-Aquitaine, FRA",FRI33,,,Name3439035,False,True,True,High
FRA,Medium,Energy,Oil & Gas,"Deux-Sèvres, Poitou-Charentes, Nouvelle-Aquitaine, FRA",FRI33,,,Name3439036,True,False,False,Medium
FRA,Medium,Energy,Oil & Gas,"Deux-Sèvres, Poitou-Charentes, Nouvelle-Aquitaine, FRA",FRI33,,,Name3439037,False,True,False,High
FRA,Medium,Energy,Oil & Gas,"Deux-Sèvres, Poitou-Charentes, Nouvelle-Aquitaine, FRA",FRI33,,,Name3439038,False,True,False,Severe
FRA,Medium,Energy,Oil & Gas,"Deux-Sèvres, Poitou-Charentes, Nouvelle-Aquitaine, FRA",FRI33,,,Name3439039,False,False,True,Medium
FRA,Medium,Energy,Oil & Gas,"Deux-Sèvres, Poitou-Charentes, Nouvelle-Aquitaine, FRA",FRI33,,,Name3439040,False,True,True,High
FRA,Medium,Energy,Oil & Gas,"Deux-Sèvres, Poitou-Charentes, Nouvelle-Aquitaine, FRA",FRI33,,,Name3439041,True,False,False,Medium
FRA,Medium,Energy,Oil & Gas,"Deux-Sèvres, Poitou-Charentes, Nouvelle-Aquitaine, FRA",FRI33,,,Name3439042,True,False,False,Severe
FRA,Medium,Energy,Oil & Gas,"Deux-Sèvres, Poitou-Charentes, Nouvelle-Aquitaine, FRA",FRI33,,,Name3439043,True,False,False,Severe
FRA,Medium,Energy,Oil & Gas,"Deux-Sèvres, Poitou-Charentes, Nouvelle-Aquitaine, FRA",FRI33,,,Name3439044,False,False,True,Low
FRA,Medium,Energy,Renewable Energy,"Deux-Sèvres, Poitou-Charentes, Nouvelle-Aquitaine, FRA",FRI33,,,Name3439045,True,True,False,Severe
FRA,Medium,Energy,Renewable Energy,"Deux-Sèvres, Poitou-Charentes, Nouvelle-Aquitaine, FRA",FRI33,,,Name3439047,False,True,True,Low
FRA,Medium,Energy,Renewable Energy,"Deux-Sèvres, Poitou-Charentes, Nouvelle-Aquitaine, FRA",FRI33,,,Name3439048,True,True,False,Severe
FRA,Medium,Energy,Renewable Energy,"Deux-Sèvres, Poitou-Charentes, Nouvelle-Aquitaine, FRA",FRI33,,,Name3439049,True,False,False,Low
FRA,Medium,Energy,Renewable Energy,"Deux-Sèvres, Poitou-Charentes, Nouvelle-Aquitaine, FRA",FRI33,,,Name3439050,True,True,False,High
FRA,Medium,Energy,Renewable Energy,"Deux-Sèvres, Poitou-Charentes, Nouvelle-Aquitaine, FRA",FRI33,,,Name3439051,True,True,False,Low
FRA,Medium,Energy,Renewable Energy,"Deux-Sèvres, Poitou-Charentes, Nouvelle-Aquitaine, FRA",FRI33,,,Name3439052,True,True,False,Low
FRA,Medium,Energy,Renewable Energy,"Deux-Sèvres, Poitou-Charentes, Nouvelle-Aquitaine, FRA",FRI33,,,Name3439053,False,True,True,Low
FRA,Medium,Energy,Renewable Energy,"Deux-Sèvres, Poitou-Charentes, Nouvelle-Aquitaine, FRA",FRI33,,,Name3439054,False,True,False,Severe
FRA,Medium,Energy,Renewable Energy,"Deux-Sèvres, Poitou-Charentes, Nouvelle-Aquitaine, FRA",FRI33,,,Name3439055,False,True,True,Severe
FRA,Medium,Energy,Renewable Energy,"Deux-Sèvres, Poitou-Charentes, Nouvelle-Aquitaine, FRA",FRI33,,,Name3439056,True,True,False,Severe
FRA,Medium,Energy,Renewable Energy,"Deux-Sèvres, Poitou-Charentes, Nouvelle-Aquitaine, FRA",FRI33,,,Name3439057,True,False,False,Low
FRA,Medium,Energy,Renewable Energy,"Deux-Sèvres, Poitou-Charentes, Nouvelle-Aquitaine, FRA",FRI33,,,Name3439058,True,False,False,High
FRA,Medium,Energy,Renewable Energy,"Deux-Sèvres, Poitou-Charentes, Nouvelle-Aquitaine, FRA",FRI33,,,Name3439059,True,False,False,Severe
FRA,Medium,Energy,Renewable Energy,"Deux-Sèvres, Poitou-Charentes, Nouvelle-Aquitaine, FRA",FRI33,,,Name3439060,True,True,False,High
FRA,Medium,Energy,Renewable Energy,"Deux-Sèvres, Poitou-Charentes, Nouvelle-Aquitaine, FRA",FRI33,,,Name3439061,False,True,False,High
FRA,Medium,Energy,Renewable Energy,"Deux-Sèvres, Poitou-Charentes, Nouvelle-Aquitaine, FRA",FRI33,,,Name3439062,False,True,True,Low
FRA,Medium,Energy,Renewable Energy,"Deux-Sèvres, Poitou-Charentes, Nouvelle-Aquitaine, FRA",FRI33,,,Name3439063,False,True,True,Medium
FRA,Medium,Energy,Renewable Energy,"Deux-Sèvres, Poitou-Charentes, Nouvelle-Aquitaine, FRA",FRI33,,,Name3439065,False,True,False,Severe
FRA,Medium,Energy,Renewable Energy,"Deux-Sèvres, Poitou-Charentes, Nouvelle-Aquitaine, FRA",FRI33,,,Name3439066,False,True,True,Severe
FRA,Medium,Energy,Renewable Energy,"Deux-Sèvres, Poitou-Charentes, Nouvelle-Aquitaine, FRA",FRI33,,,Name3439067,True,True,False,Low
FRA,Medium,Energy,Renewable Energy,"Deux-Sèvres, Poitou-Charentes, Nouvelle-Aquitaine, FRA",FRI33,,,Name3439068,True,True,False,Severe
FRA,Medium,Energy,Renewable Energy,"Deux-Sèvres, Poitou-Charentes, Nouvelle-Aquitaine, FRA",FRI33,,,Name3439069,True,False,False,Low
FRA,Medium,Energy,Renewable Energy,"Deux-Sèvres, Poitou-Charentes, Nouvelle-Aquitaine, FRA",FRI33,,,Name3439070,True,True,False,Medium
FRA,Medium,Energy,Renewable Energy,"Deux-Sèvres, Poitou-Charentes, Nouvelle-Aquitaine, FRA",FRI33,,,Name3439071,False,True,False,Severe
FRA,Medium,Energy,Renewable Energy,"Deux-Sèvres, Poitou-Charentes, Nouvelle-Aquitaine, FRA",FRI33,,,Name3439072,False,True,False,Medium
FRA,Medium,Energy,Renewable Energy,"Deux-Sèvres, Poitou-Charentes, Nouvelle-Aquitaine, FRA",FRI33,,,Name3439073,False,False,True,Medium
FRA,Medium,Energy,Renewable Energy,"Deux-Sèvres, Poitou-Charentes, Nouvelle-Aquitaine, FRA",FRI33,,,Name3439074,True,False,False,High
FRA,Medium,Energy,Renewable Energy,"Deux-Sèvres, Poitou-Charentes, Nouvelle-Aquitaine, FRA",FRI33,,,Name3439075,True,False,False,Medium
FRA,Medium,Energy,Renewable Energy,"Deux-Sèvres, Poitou-Charentes, Nouvelle-Aquitaine, FRA",FRI33,,,Name3439076,True,True,False,Severe
FRA,Medium,Energy,Renewable Energy,"Deux-Sèvres, Poitou-Charentes, Nouvelle-Aquitaine, FRA",FRI33,,,Name3439077,True,False,False,Medium
FRA,Medium,Energy,Renewable Energy,"Deux-Sèvres, Poitou-Charentes, Nouvelle-Aquitaine, FRA",FRI33,,,Name3439078,False,True,False,Low
FRA,Medium,Energy,Renewable Energy,"Deux-Sèvres, Poitou-Charentes, Nouvelle-Aquitaine, FRA",FRI33,,,Name3439079,False,True,True,Severe
FRA,Medium,Energy,Renewable Energy,"Deux-Sèvres, Poitou-Charentes, Nouvelle-Aquitaine, FRA",FRI33,,,Name3439080,False,True,False,High
FRA,Medium,Energy,Renewable Energy,"Deux-Sèvres, Poitou-Charentes, Nouvelle-Aquitaine, FRA",FRI33,,,Name3439081,False,False,True,Medium
FRA,Medium,Energy,Renewable Energy,"Deux-Sèvres, Poitou-Charentes, Nouvelle-Aquitaine, FRA",FRI33,,,Name3439082,True,True,False,Severe
FRA,Medium,Energy,Renewable Energy,"Deux-Sèvres, Poitou-Charentes, Nouvelle-Aquitaine, FRA",FRI33,,,Name3439083,True,False,False,High
FRA,Medium,Energy,Renewable Energy,"Deux-Sèvres, Poitou-Charentes, Nouvelle-Aquitaine, FRA",FRI33,,,Name3439084,True,False,False,Medium
FRA,Medium,Energy,Renewable Energy,"Deux-Sèvres, Poitou-Charentes, Nouvelle-Aquitaine, FRA",FRI33,,,Name3439085,True,True,False,Medium
FRA,Medium,Energy,Renewable Energy,"Deux-Sèvres, Poitou-Charentes, Nouvelle-Aquitaine, FRA",FRI33,,,Name3439086,False,True,True,High
FRA,Medium,Energy,Energy Exploration,"Deux-Sèvres, Poitou-Charentes, Nouvelle-Aquitaine, FRA",FRI33,,,Name3439087,False,True,True,Low
FRA,Medium,Energy,Energy Exploration,"Deux-Sèvres, Poitou-Charentes, Nouvelle-Aquitaine, FRA",FRI33,,,Name3439089,False,False,True,Severe
FRA,Medium,Energy,Energy Exploration,"Deux-Sèvres, Poitou-Charentes, Nouvelle-Aquitaine, FRA",FRI33,,,Name3439090,False,True,False,High
FRA,Medium,Energy,Energy Exploration,"Deux-Sèvres, Poitou-Charentes, Nouvelle-Aquitaine, FRA",FRI33,,,Name3439091,True,True,False,High
FRA,Medium,Energy,Energy Exploration,"Deux-Sèvres, Poitou-Charentes, Nouvelle-Aquitaine, FRA",FRI33,,,Name3439092,True,False,False,Medium
FRA,Medium,Energy,Energy Exploration,"Deux-Sèvres, Poitou-Charentes, Nouvelle-Aquitaine, FRA",FRI33,,,Name3439094,True,False,False,Severe
FRA,Medium,Energy,Energy Exploration,"Deux-Sèvres, Poitou-Charentes, Nouvelle-Aquitaine, FRA",FRI33,,,Name3439095,True,False,False,High
FRA,Medium,Energy,Energy Exploration,"Deux-Sèvres, Poitou-Charentes, Nouvelle-Aquitaine, FRA",FRI33,,,Name3439097,False,True,False,High
FRA,Medium,Energy,Energy Exploration,"Deux-Sèvres, Poitou-Charentes, Nouvelle-Aquitaine, FRA",FRI33,,,Name3439098,True,False,False,Severe
FRA,Medium,Energy,Energy Exploration,"Deux-Sèvres, Poitou-Charentes, Nouvelle-Aquitaine, FRA",FRI33,,,Name3439099,False,True,True,High
FRA,Medium,Energy,Energy Exploration,"Deux-Sèvres, Poitou-Charentes, Nouvelle-Aquitaine, FRA",FRI33,,,Name3439100,True,False,False,Low
FRA,Medium,Energy,Energy Exploration,"Deux-Sèvres, Poitou-Charentes, Nouvelle-Aquitaine, FRA",FRI33,,,Name3439101,False,True,False,Medium
FRA,Medium,Energy,Energy Exploration,"Deux-Sèvres, Poitou-Charentes, Nouvelle-Aquitaine, FRA",FRI33,,,Name3439103,True,True,False,Severe
FRA,Medium,Energy,Energy Exploration,"Deux-Sèvres, Poitou-Charentes, Nouvelle-Aquitaine, FRA",FRI33,,,Name3439104,False,True,True,High
FRA,Medium,Energy,Energy Exploration,"Deux-Sèvres, Poitou-Charentes, Nouvelle-Aquitaine, FRA",FRI33,,,Name3439105,True,False,False,High
FRA,Medium,Energy,Energy Exploration,"Deux-Sèvres, Poitou-Charentes, Nouvelle-Aquitaine, FRA",FRI33,,,Name3439106,False,True,True,Severe
FRA,Medium,Energy,Energy Exploration,"Deux-Sèvres, Poitou-Charentes, Nouvelle-Aquitaine, FRA",FRI33,,,Name3439107,True,False,False,Medium
FRA,Medium,Energy,Energy Exploration,"Deux-Sèvres, Poitou-Charentes, Nouvelle-Aquitaine, FRA",FRI33,,,Name3439108,False,True,True,High
FRA,Medium,Energy,Energy Exploration,"Deux-Sèvres, Poitou-Charentes, Nouvelle-Aquitaine, FRA",FRI33,,,Name3439109,True,False,False,Low
FRA,Medium,Energy,Energy Exploration,"Deux-Sèvres, Poitou-Charentes, Nouvelle-Aquitaine, FRA",FRI33,,,Name3439110,True,False,False,Severe
FRA,Medium,Energy,Energy Exploration,"Deux-Sèvres, Poitou-Charentes, Nouvelle-Aquitaine, FRA",FRI33,,,Name3439111,False,False,True,Low
FRA,Medium,Energy,Energy Exploration,"Deux-Sèvres, Poitou-Charentes, Nouvelle-Aquitaine, FRA",FRI33,,,Name3439112,True,False,False,Low
FRA,Medium,Energy,Energy Exploration,"Deux-Sèvres, Poitou-Charentes, Nouvelle-Aquitaine, FRA",FRI33,,,Name3439113,False,True,True,High
FRA,Medium,Energy,Energy Exploration,"Deux-Sèvres, Poitou-Charentes, Nouvelle-Aquitaine, FRA",FRI33,,,Name3439114,False,True,False,Medium
FRA,Medium,Energy,Energy Exploration,"Deux-Sèvres, Poitou-Charentes, Nouvelle-Aquitaine, FRA",FRI33,,,Name3439116,False,False,True,High
FRA,Medium,Energy,Energy Exploration,"Deux-Sèvres, Poitou-Charentes, Nouvelle-Aquitaine, FRA",FRI33,,,Name3439117,False,True,True,Severe
FRA,Medium,Energy,Energy Exploration,"Deux-Sèvres, Poitou-Charentes, Nouvelle-Aquitaine, FRA",FRI33,,,Name3439118,True,True,False,Severe
FRA,Medium,Energy,Energy Exploration,"Deux-Sèvres, Poitou-Charentes, Nouvelle-Aquitaine, FRA",FRI33,,,Name3439119,False,True,False,Low
FRA,Medium,Energy,Energy Exploration,"Deux-Sèvres, Poitou-Charentes, Nouvelle-Aquitaine, FRA",FRI33,,,Name3439120,False,True,True,Medium
FRA,Medium,Energy,Energy Exploration,"Deux-Sèvres, Poitou-Charentes, Nouvelle-Aquitaine, FRA",FRI33,,,Name3439121,False,False,True,Severe
FRA,Medium,Energy,Energy Exploration,"Deux-Sèvres, Poitou-Charentes, Nouvelle-Aquitaine, FRA",FRI33,,,Name3439122,True,True,False,Severe
FRA,Medium,Energy,Energy Exploration,"Deux-Sèvres, Poitou-Charentes, Nouvelle-Aquitaine, FRA",FRI33,,,Name3439123,True,False,False,High
FRA,Medium,Energy,Energy Exploration,"Deux-Sèvres, Poitou-Charentes, Nouvelle-Aquitaine, FRA",FRI33,,,Name3439124,False,False,True,High
FRA,Medium,Energy,Energy Exploration,"Deux-Sèvres, Poitou-Charentes, Nouvelle-Aquitaine, FRA",FRI33,,,Name3439125,True,False,False,Low
FRA,Medium,Energy,Energy Exploration,"Deux-Sèvres, Poitou-Charentes, Nouvelle-Aquitaine, FRA",FRI33,,,Name3439126,False,True,False,Medium
FRA,Medium,Energy,Energy Exploration,"Deux-Sèvres, Poitou-Charentes, Nouvelle-Aquitaine, FRA",FRI33,,,Name3439127,True,False,False,Low
FRA,Medium,Energy,Energy Exploration,"Deux-Sèvres, Poitou-Charentes, Nouvelle-Aquitaine, FRA",FRI33,,,Name3439128,True,False,False,Low
FRA,Medium,Energy,Energy Exploration,"Deux-Sèvres, Poitou-Charentes, Nouvelle-Aquitaine, FRA",FRI33,,,Name3439129,False,True,True,Severe
FRA,Medium,Energy,Energy Exploration,"Deux-Sèvres, Poitou-Charentes, Nouvelle-Aquitaine, FRA",FRI33,,,Name3439130,True,True,False,Low
FRA,Medium,Energy,Energy Exploration,"Deux-Sèvres, Poitou-Charentes, Nouvelle-Aquitaine, FRA",FRI33,,,Name3439131,False,True,True,High
FRA,Medium,Energy,Energy Exploration,"Deux-Sèvres, Poitou-Charentes, Nouvelle-Aquitaine, FRA",FRI33,,,Name3439132,True,True,False,Low
FRA,Medium,Energy,Energy Exploration,"Deux-Sèvres, Poitou-Charentes, Nouvelle-Aquitaine, FRA",FRI33,,,Name3439133,True,True,False,Low
FRA,Medium,Consumer Goods,Food & Beverage,"Deux-Sèvres, Poitou-Charentes, Nouvelle-Aquitaine, FRA",FRI33,,,Name3439134,True,False,False,Low
FRA,Medium,Consumer Goods,Food & Beverage,"Deux-Sèvres, Poitou-Charentes, Nouvelle-Aquitaine, FRA",FRI33,,,Name3439135,False,True,False,Low
FRA,Medium,Consumer Goods,Food & Beverage,"Deux-Sèvres, Poitou-Charentes, Nouvelle-Aquitaine, FRA",FRI33,,,Name3439136,False,True,False,Severe
FRA,Medium,Consumer Goods,Food & Beverage,"Deux-Sèvres, Poitou-Charentes, Nouvelle-Aquitaine, FRA",FRI33,,,Name3439137,True,True,False,Low
FRA,Medium,Consumer Goods,Food & Beverage,"Deux-Sèvres, Poitou-Charentes, Nouvelle-Aquitaine, FRA",FRI33,,,Name3439140,False,False,True,High
FRA,Medium,Consumer Goods,Food & Beverage,"Deux-Sèvres, Poitou-Charentes, Nouvelle-Aquitaine, FRA",FRI33,,,Name3439141,True,False,False,Medium
FRA,Medium,Consumer Goods,Food & Beverage,"Deux-Sèvres, Poitou-Charentes, Nouvelle-Aquitaine, FRA",FRI33,,,Name3439142,True,True,False,High
FRA,Medium,Consumer Goods,Food & Beverage,"Deux-Sèvres, Poitou-Charentes, Nouvelle-Aquitaine, FRA",FRI33,,,Name3439143,True,False,False,Medium
FRA,Medium,Consumer Goods,Food & Beverage,"Deux-Sèvres, Poitou-Charentes, Nouvelle-Aquitaine, FRA",FRI33,,,Name3439144,False,True,True,Medium
FRA,Medium,Consumer Goods,Food & Beverage,"Deux-Sèvres, Poitou-Charentes, Nouvelle-Aquitaine, FRA",FRI33,,,Name3439145,True,False,False,Severe
FRA,Medium,Consumer Goods,Food & Beverage,"Deux-Sèvres, Poitou-Charentes, Nouvelle-Aquitaine, FRA",FRI33,,,Name3439146,True,True,False,Severe
FRA,Medium,Consumer Goods,Food & Beverage,"Deux-Sèvres, Poitou-Charentes, Nouvelle-Aquitaine, FRA",FRI33,,,Name3439148,False,False,True,Severe
FRA,Medium,Consumer Goods,Food & Beverage,"Deux-Sèvres, Poitou-Charentes, Nouvelle-Aquitaine, FRA",FRI33,,,Name3439150,False,True,False,Medium
FRA,Medium,Consumer Goods,Food & Beverage,"Deux-Sèvres, Poitou-Charentes, Nouvelle-Aquitaine, FRA",FRI33,,,Name3439152,False,True,False,Medium
FRA,Medium,Consumer Goods,Household Products,"Deux-Sèvres, Poitou-Charentes, Nouvelle-Aquitaine, FRA",FRI33,,,Name3439153,False,True,True,Medium
FRA,Medium,Consumer Goods,Household Products,"Deux-Sèvres, Poitou-Charentes, Nouvelle-Aquitaine, FRA",FRI33,,,Name3439154,False,False,True,Low
FRA,Medium,Consumer Goods,Household Products,"Deux-Sèvres, Poitou-Charentes, Nouvelle-Aquitaine, FRA",FRI33,,,Name3439156,True,True,False,Low
FRA,Medium,Consumer Goods,Household Products,"Deux-Sèvres, Poitou-Charentes, Nouvelle-Aquitaine, FRA",FRI33,,,Name3439157,True,False,False,Severe
FRA,Medium,Consumer Goods,Household Products,"Deux-Sèvres, Poitou-Charentes, Nouvelle-Aquitaine, FRA",FRI33,,,Name3439158,False,True,True,High
FRA,Medium,Consumer Goods,Household Products,"Deux-Sèvres, Poitou-Charentes, Nouvelle-Aquitaine, FRA",FRI33,,,Name3439159,True,True,False,Medium
FRA,Medium,Consumer Goods,Household Products,"Deux-Sèvres, Poitou-Charentes, Nouvelle-Aquitaine, FRA",FRI33,,,Name3439160,True,False,False,High
FRA,Medium,Consumer Goods,Household Products,"Deux-Sèvres, Poitou-Charentes, Nouvelle-Aquitaine, FRA",FRI33,,,Name3439161,False,True,False,Medium
FRA,Medium,Consumer Goods,Household Products,"Deux-Sèvres, Poitou-Charentes, Nouvelle-Aquitaine, FRA",FRI33,,,Name3439162,False,True,False,Medium
FRA,Medium,Consumer Goods,Household Products,"Deux-Sèvres, Poitou-Charentes, Nouvelle-Aquitaine, FRA",FRI33,,,Name3439163,False,True,False,Low
FRA,Medium,Consumer Goods,Household Products,"Deux-Sèvres, Poitou-Charentes, Nouvelle-Aquitaine, FRA",FRI33,,,Name3439164,True,False,False,High
FRA,Medium,Consumer Goods,Household Products,"Deux-Sèvres, Poitou-Charentes, Nouvelle-Aquitaine, FRA",FRI33,,,Name3439166,False,True,False,High
FRA,Medium,Consumer Goods,Household Products,"Deux-Sèvres, Poitou-Charentes, Nouvelle-Aquitaine, FRA",FRI33,,,Name3439167,False,False,True,High
FRA,Medium,Consumer Goods,Household Products,"Deux-Sèvres, Poitou-Charentes, Nouvelle-Aquitaine, FRA",FRI33,,,Name3439168,True,True,False,Low
FRA,Medium,Consumer Goods,Household Products,"Deux-Sèvres, Poitou-Charentes, Nouvelle-Aquitaine, FRA",FRI33,,,Name3439169,False,True,True,High
FRA,Medium,Consumer Goods,Household Products,"Deux-Sèvres, Poitou-Charentes, Nouvelle-Aquitaine, FRA",FRI33,,,Name3439170,True,False,False,Medium
FRA,Medium,Consumer Goods,Household Products,"Deux-Sèvres, Poitou-Charentes, Nouvelle-Aquitaine, FRA",FRI33,,,Name3439171,True,True,False,High
FRA,Medium,Consumer Goods,Household Products,"Deux-Sèvres, Poitou-Charentes, Nouvelle-Aquitaine, FRA",FRI33,,,Name3439172,True,True,False,Severe
FRA,Medium,Consumer Goods,Household Products,"Deux-Sèvres, Poitou-Charentes, Nouvelle-Aquitaine, FRA",FRI33,,,Name3439174,False,True,False,High
FRA,Medium,Consumer Goods,Household Products,"Deux-Sèvres, Poitou-Charentes, Nouvelle-Aquitaine, FRA",FRI33,,,Name3439175,True,False,False,Severe
FRA,Medium,Consumer Goods,Household Products,"Deux-Sèvres, Poitou-Charentes, Nouvelle-Aquitaine, FRA",FRI33,,,Name3439176,False,True,True,Low
FRA,Medium,Consumer Goods,Household Products,"Deux-Sèvres, Poitou-Charentes, Nouvelle-Aquitaine, FRA",FRI33,,,Name3439177,True,True,False,Medium
FRA,Medium,Consumer Goods,Household Products,"Deux-Sèvres, Poitou-Charentes, Nouvelle-Aquitaine, FRA",FRI33,,,Name3439178,True,True,False,Low
FRA,Medium,Consumer Goods,Household Products,"Deux-Sèvres, Poitou-Charentes, Nouvelle-Aquitaine, FRA",FRI33,,,Name3439179,True,True,False,High
FRA,Medium,Consumer Goods,Household Products,"Deux-Sèvres, Poitou-Charentes, Nouvelle-Aquitaine, FRA",FRI33,,,Name3439180,False,True,False,High
FRA,Medium,Consumer Goods,Household Products,"Deux-Sèvres, Poitou-Charentes, Nouvelle-Aquitaine, FRA",FRI33,,,Name3439181,False,True,True,High
FRA,Medium,Consumer Goods,Household Products,"Deux-Sèvres, Poitou-Charentes, Nouvelle-Aquitaine, FRA",FRI33,,,Name3439182,False,True,True,High
FRA,Medium,Consumer Goods,Apparel,"Deux-Sèvres, Poitou-Charentes, Nouvelle-Aquitaine, FRA",FRI33,,,Name3439184,True,False,False,Medium
FRA,Medium,Consumer Goods,Apparel,"Deux-Sèvres, Poitou-Charentes, Nouvelle-Aquitaine, FRA",FRI33,,,Name3439185,False,True,True,Severe
FRA,Medium,Consumer Goods,Apparel,"Deux-Sèvres, Poitou-Charentes, Nouvelle-Aquitaine, FRA",FRI33,,,Name3439186,True,True,False,High
FRA,Medium,Consumer Goods,Apparel,"Deux-Sèvres, Poitou-Charentes, Nouvelle-Aquitaine, FRA",FRI33,,,Name3439187,False,False,True,Severe
FRA,Medium,Consumer Goods,Apparel,"Deux-Sèvres, Poitou-Charentes, Nouvelle-Aquitaine, FRA",FRI33,,,Name3439188,True,True,False,High
FRA,Medium,Consumer Goods,Apparel,"Deux-Sèvres, Poitou-Charentes, Nouvelle-Aquitaine, FRA",FRI33,,,Name3439190,True,True,False,High
FRA,Medium,Consumer Goods,Apparel,"Deux-Sèvres, Poitou-Charentes, Nouvelle-Aquitaine, FRA",FRI33,,,Name3439191,True,True,False,Severe
FRA,Medium,Consumer Goods,Apparel,"Deux-Sèvres, Poitou-Charentes, Nouvelle-Aquitaine, FRA",FRI33,,,Name3439192,True,True,False,High
FRA,Medium,Consumer Goods,Apparel,"Deux-Sèvres, Poitou-Charentes, Nouvelle-Aquitaine, FRA",FRI33,,,Name3439193,False,True,True,Low
FRA,Medium,Consumer Goods,Apparel,"Deux-Sèvres, Poitou-Charentes, Nouvelle-Aquitaine, FRA",FRI33,,,Name3439194,False,True,True,Severe
FRA,Medium,Consumer Goods,Apparel,"Deux-Sèvres, Poitou-Charentes, Nouvelle-Aquitaine, FRA",FRI33,,,Name3439195,False,True,False,Low
FRA,Medium,Consumer Goods,Apparel,"Deux-Sèvres, Poitou-Charentes, Nouvelle-Aquitaine, FRA",FRI33,,,Name3439196,False,True,False,Medium
FRA,Medium,Consumer Goods,Apparel,"Deux-Sèvres, Poitou-Charentes, Nouvelle-Aquitaine, FRA",FRI33,,,Name3439197,True,True,False,High
FRA,Medium,Consumer Goods,Apparel,"Deux-Sèvres, Poitou-Charentes, Nouvelle-Aquitaine, FRA",FRI33,,,Name3439198,True,False,False,Severe
FRA,Medium,Consumer Goods,Apparel,"Deux-Sèvres, Poitou-Charentes, Nouvelle-Aquitaine, FRA",FRI33,,,Name3439199,True,True,False,Low
FRA,Medium,Consumer Goods,Apparel,"Deux-Sèvres, Poitou-Charentes, Nouvelle-Aquitaine, FRA",FRI33,,,Name3439200,False,True,False,Medium
FRA,Medium,Consumer Goods,Apparel,"Deux-Sèvres, Poitou-Charentes, Nouvelle-Aquitaine, FRA",FRI33,,,Name3439201,True,True,False,Medium
FRA,Medium,Consumer Goods,Apparel,"Deux-Sèvres, Poitou-Charentes, Nouvelle-Aquitaine, FRA",FRI33,,,Name3439202,False,False,True,Medium
FRA,Medium,Consumer Goods,Apparel,"Deux-Sèvres, Poitou-Charentes, Nouvelle-Aquitaine, FRA",FRI33,,,Name3439203,True,False,False,Low
FRA,Medium,Consumer Goods,Apparel,"Deux-Sèvres, Poitou-Charentes, Nouvelle-Aquitaine, FRA",FRI33,,,Name3439204,False,True,False,Medium
FRA,Medium,Consumer Goods,Apparel,"Deux-Sèvres, Poitou-Charentes, Nouvelle-Aquitaine, FRA",FRI33,,,Name3439205,True,True,False,Medium
FRA,Medium,Consumer Goods,Apparel,"Deux-Sèvres, Poitou-Charentes, Nouvelle-Aquitaine, FRA",FRI33,,,Name3439206,False,False,True,Severe
FRA,Medium,Consumer Goods,Apparel,"Deux-Sèvres, Poitou-Charentes, Nouvelle-Aquitaine, FRA",FRI33,,,Name3439207,False,True,False,Medium
FRA,Medium,Consumer Goods,Apparel,"Deux-Sèvres, Poitou-Charentes, Nouvelle-Aquitaine, FRA",FRI33,,,Name3439208,False,False,True,Severe
FRA,Medium,Consumer Goods,Apparel,"Deux-Sèvres, Poitou-Charentes, Nouvelle-Aquitaine, FRA",FRI33,,,Name3439210,False,True,True,Low
FRA,Medium,Consumer Goods,Apparel,"Deux-Sèvres, Poitou-Charentes, Nouvelle-Aquitaine, FRA",FRI33,,,Name3439211,True,False,False,Severe
FRA,Medium,Consumer Goods,Apparel,"Deux-Sèvres, Poitou-Charentes, Nouvelle-Aquitaine, FRA",FRI33,,,Name3439213,False,True,True,Severe
FRA,Medium,Consumer Goods,Apparel,"Deux-Sèvres, Poitou-Charentes, Nouvelle-Aquitaine, FRA",FRI33,,,Name3439214,False,False,True,Medium
FRA,Medium,Consumer Goods,Apparel,"Deux-Sèvres, Poitou-Charentes, Nouvelle-Aquitaine, FRA",FRI33,,,Name3439215,False,True,True,Low
FRA,Medium,Consumer Goods,Apparel,"Deux-Sèvres, Poitou-Charentes, Nouvelle-Aquitaine, FRA",FRI33,,,Name3439216,False,False,True,High
FRA,Medium,Consumer Goods,Apparel,"Deux-Sèvres, Poitou-Charentes, Nouvelle-Aquitaine, FRA",FRI33,,,Name3439217,True,False,False,Low
FRA,Medium,Consumer Goods,Apparel,"Deux-Sèvres, Poitou-Charentes, Nouvelle-Aquitaine, FRA",FRI33,,,Name3439218,True,False,False,High
FRA,Medium,Consumer Goods,Apparel,"Deux-Sèvres, Poitou-Charentes, Nouvelle-Aquitaine, FRA",FRI33,,,Name3439219,True,False,False,Severe
FRA,Medium,Consumer Goods,Apparel,"Deux-Sèvres, Poitou-Charentes, Nouvelle-Aquitaine, FRA",FRI33,,,Name3439220,True,True,False,Severe
FRA,Medium,Utilities,Electric,"Deux-Sèvres, Poitou-Charentes, Nouvelle-Aquitaine, FRA",FRI33,,,Name3439221,True,True,False,Medium
FRA,Medium,Utilities,Electric,"Deux-Sèvres, Poitou-Charentes, Nouvelle-Aquitaine, FRA",FRI33,,,Name3439222,True,True,False,Medium
FRA,Medium,Utilities,Electric,"Deux-Sèvres, Poitou-Charentes, Nouvelle-Aquitaine, FRA",FRI33,,,Name3439224,True,True,False,Medium
FRA,Medium,Utilities,Electric,"Deux-Sèvres, Poitou-Charentes, Nouvelle-Aquitaine, FRA",FRI33,,,Name3439225,True,True,False,Low
FRA,Medium,Utilities,Electric,"Deux-Sèvres, Poitou-Charentes, Nouvelle-Aquitaine, FRA",FRI33,,,Name3439226,False,True,False,Severe
FRA,Medium,Utilities,Electric,"Deux-Sèvres, Poitou-Charentes, Nouvelle-Aquitaine, FRA",FRI33,,,Name3439227,False,True,True,Low
FRA,Medium,Utilities,Electric,"Deux-Sèvres, Poitou-Charentes, Nouvelle-Aquitaine, FRA",FRI33,,,Name3439228,True,False,False,Low
FRA,Medium,Utilities,Electric,"Deux-Sèvres, Poitou-Charentes, Nouvelle-Aquitaine, FRA",FRI33,,,Name3439229,False,True,True,High
FRA,Medium,Utilities,Electric,"Deux-Sèvres, Poitou-Charentes, Nouvelle-Aquitaine, FRA",FRI33,,,Name3439230,False,True,False,Severe
FRA,Medium,Utilities,Electric,"Deux-Sèvres, Poitou-Charentes, Nouvelle-Aquitaine, FRA",FRI33,,,Name3439231,True,False,False,Medium
FRA,Medium,Utilities,Electric,"Deux-Sèvres, Poitou-Charentes, Nouvelle-Aquitaine, FRA",FRI33,,,Name3439232,False,False,True,High
FRA,Medium,Utilities,Electric,"Deux-Sèvres, Poitou-Charentes, Nouvelle-Aquitaine, FRA",FRI33,,,Name3439233,True,False,False,Severe
FRA,Medium,Utilities,Electric,"Deux-Sèvres, Poitou-Charentes, Nouvelle-Aquitaine, FRA",FRI33,,,Name3439234,False,True,False,Medium
FRA,Medium,Utilities,Electric,"Deux-Sèvres, Poitou-Charentes, Nouvelle-Aquitaine, FRA",FRI33,,,Name3439235,False,False,True,High
FRA,Medium,Utilities,Electric,"Deux-Sèvres, Poitou-Charentes, Nouvelle-Aquitaine, FRA",FRI33,,,Name3439236,False,True,True,Medium
FRA,Medium,Utilities,Electric,"Deux-Sèvres, Poitou-Charentes, Nouvelle-Aquitaine, FRA",FRI33,,,Name3439237,True,False,False,Medium
FRA,Medium,Utilities,Electric,"Deux-Sèvres, Poitou-Charentes, Nouvelle-Aquitaine, FRA",FRI33,,,Name3439238,True,True,False,High
FRA,Medium,Utilities,Electric,"Deux-Sèvres, Poitou-Charentes, Nouvelle-Aquitaine, FRA",FRI33,,,Name3439244,False,True,True,Low
FRA,Medium,Utilities,Electric,"Deux-Sèvres, Poitou-Charentes, Nouvelle-Aquitaine, FRA",FRI33,,,Name3439246,False,True,False,Severe
FRA,Medium,Utilities,Electric,"Deux-Sèvres, Poitou-Charentes, Nouvelle-Aquitaine, FRA",FRI33,,,Name3439247,True,False,False,Low
FRA,Medium,Utilities,Electric,"Deux-Sèvres, Poitou-Charentes, Nouvelle-Aquitaine, FRA",FRI33,,,Name3439248,True,False,False,High
FRA,Medium,Utilities,Water,"Deux-Sèvres, Poitou-Charentes, Nouvelle-Aquitaine, FRA",FRI33,,,Name3439249,False,False,True,Medium
FRA,Medium,Utilities,Water,"Deux-Sèvres, Poitou-Charentes, Nouvelle-Aquitaine, FRA",FRI33,,,Name3439250,True,False,False,Severe
FRA,Medium,Utilities,Water,"Deux-Sèvres, Poitou-Charentes, Nouvelle-Aquitaine, FRA",FRI33,,,Name3439251,False,False,True,Medium
FRA,Medium,Utilities,Water,"Deux-Sèvres, Poitou-Charentes, Nouvelle-Aquitaine, FRA",FRI33,,,Name3439252,False,True,False,Low
FRA,Medium,Utilities,Water,"Deux-Sèvres, Poitou-Charentes, Nouvelle-Aquitaine, FRA",FRI33,,,Name3439253,False,False,True,Medium
FRA,Medium,Utilities,Water,"Deux-Sèvres, Poitou-Charentes, Nouvelle-Aquitaine, FRA",FRI33,,,Name3439254,True,True,False,High
FRA,Medium,Utilities,Water,"Deux-Sèvres, Poitou-Charentes, Nouvelle-Aquitaine, FRA",FRI33,,,Name3439255,True,True,False,Low
FRA,Medium,Utilities,Water,"Deux-Sèvres, Poitou-Charentes, Nouvelle-Aquitaine, FRA",FRI33,,,Name3439256,True,False,False,Medium
FRA,Medium,Utilities,Water,"Deux-Sèvres, Poitou-Charentes, Nouvelle-Aquitaine, FRA",FRI33,,,Name3439258,False,True,False,High
FRA,Medium,Utilities,Water,"Deux-Sèvres, Poitou-Charentes, Nouvelle-Aquitaine, FRA",FRI33,,,Name3439259,False,True,True,Low
FRA,Medium,Utilities,Water,"Deux-Sèvres, Poitou-Charentes, Nouvelle-Aquitaine, FRA",FRI33,,,Name3439260,True,True,False,Severe
FRA,Medium,Utilities,Water,"Deux-Sèvres, Poitou-Charentes, Nouvelle-Aquitaine, FRA",FRI33,,,Name3439261,False,True,True,Low
FRA,Medium,Utilities,Water,"Deux-Sèvres, Poitou-Charentes, Nouvelle-Aquitaine, FRA",FRI33,,,Name3439262,False,True,True,Severe
FRA,Medium,Utilities,Gas,"Deux-Sèvres, Poitou-Charentes, Nouvelle-Aquitaine, FRA",FRI33,,,Name3439263,False,True,False,Low
FRA,Medium,Utilities,Gas,"Deux-Sèvres, Poitou-Charentes, Nouvelle-Aquitaine, FRA",FRI33,,,Name3439264,True,False,False,Low
FRA,Medium,Utilities,Gas,"Deux-Sèvres, Poitou-Charentes, Nouvelle-Aquitaine, FRA",FRI33,,,Name3439265,True,False,False,Medium
FRA,Medium,Utilities,Gas,"Deux-Sèvres, Poitou-Charentes, Nouvelle-Aquitaine, FRA",FRI33,,,Name3439266,True,True,False,Low
FRA,Medium,Utilities,Gas,"Deux-Sèvres, Poitou-Charentes, Nouvelle-Aquitaine, FRA",FRI33,,,Name3439267,False,False,True,Severe
FRA,Medium,Utilities,Gas,"Deux-Sèvres, Poitou-Charentes, Nouvelle-Aquitaine, FRA",FRI33,,,Name3439268,True,False,False,Severe
FRA,Medium,Utilities,Gas,"Deux-Sèvres, Poitou-Charentes, Nouvelle-Aquitaine, FRA",FRI33,,,Name3439270,True,True,False,Severe
FRA,Medium,Utilities,Gas,"Deux-Sèvres, Poitou-Charentes, Nouvelle-Aquitaine, FRA",FRI33,,,Name3439271,True,True,False,Low
FRA,Medium,Utilities,Gas,"Deux-Sèvres, Poitou-Charentes, Nouvelle-Aquitaine, FRA",FRI33,,,Name3439272,False,True,False,Low
FRA,Medium,Utilities,Gas,"Deux-Sèvres, Poitou-Charentes, Nouvelle-Aquitaine, FRA",FRI33,,,Name3439273,False,True,True,Medium
FRA,Medium,Utilities,Gas,"Deux-Sèvres, Poitou-Charentes, Nouvelle-Aquitaine, FRA",FRI33,,,Name3439274,False,False,True,Severe
FRA,Medium,Utilities,Gas,"Deux-Sèvres, Poitou-Charentes, Nouvelle-Aquitaine, FRA",FRI33,,,Name3439275,False,False,True,Medium
FRA,Medium,Utilities,Gas,"Deux-Sèvres, Poitou-Charentes, Nouvelle-Aquitaine, FRA",FRI33,,,Name3439276,False,True,True,Severe
FRA,Medium,Utilities,Gas,"Deux-Sèvres, Poitou-Charentes, Nouvelle-Aquitaine, FRA",FRI33,,,Name3439277,True,False,False,Medium
FRA,Medium,Utilities,Gas,"Deux-Sèvres, Poitou-Charentes, Nouvelle-Aquitaine, FRA",FRI33,,,Name3439278,True,False,False,Medium
FRA,Medium,Utilities,Gas,"Deux-Sèvres, Poitou-Charentes, Nouvelle-Aquitaine, FRA",FRI33,,,Name3439279,True,True,False,Low
FRA,Medium,Utilities,Gas,"Deux-Sèvres, Poitou-Charentes, Nouvelle-Aquitaine, FRA",FRI33,,,Name3439280,True,False,False,High
FRA,Medium,Utilities,Gas,"Deux-Sèvres, Poitou-Charentes, Nouvelle-Aquitaine, FRA",FRI33,,,Name3439281,True,True,False,Low
FRA,Medium,Utilities,Gas,"Deux-Sèvres, Poitou-Charentes, Nouvelle-Aquitaine, FRA",FRI33,,,Name3439282,True,False,False,Severe
FRA,Medium,Utilities,Gas,"Deux-Sèvres, Poitou-Charentes, Nouvelle-Aquitaine, FRA",FRI33,,,Name3439283,True,False,False,Medium
FRA,Medium,Utilities,Gas,"Deux-Sèvres, Poitou-Charentes, Nouvelle-Aquitaine, FRA",FRI33,,,Name3439284,True,True,False,Severe
FRA,Medium,Utilities,Gas,"Deux-Sèvres, Poitou-Charentes, Nouvelle-Aquitaine, FRA",FRI33,,,Name3439285,True,True,False,High
FRA,Medium,Utilities,Gas,"Deux-Sèvres, Poitou-Charentes, Nouvelle-Aquitaine, FRA",FRI33,,,Name3439286,True,True,False,Severe
FRA,Medium,Utilities,Gas,"Deux-Sèvres, Poitou-Charentes, Nouvelle-Aquitaine, FRA",FRI33,,,Name3439287,False,True,False,Low
FRA,Medium,Utilities,Gas,"Deux-Sèvres, Poitou-Charentes, Nouvelle-Aquitaine, FRA",FRI33,,,Name3439288,False,False,True,Severe
FRA,Medium,Utilities,Gas,"Deux-Sèvres, Poitou-Charentes, Nouvelle-Aquitaine, FRA",FRI33,,,Name3439289,True,True,False,High
FRA,Medium,Utilities,Gas,"Deux-Sèvres, Poitou-Charentes, Nouvelle-Aquitaine, FRA",FRI33,,,Name3439290,False,True,True,Severe
FRA,Medium,Utilities,Gas,"Deux-Sèvres, Poitou-Charentes, Nouvelle-Aquitaine, FRA",FRI33,,,Name3439291,False,True,True,Low
FRA,Medium,Utilities,Gas,"Deux-Sèvres, Poitou-Charentes, Nouvelle-Aquitaine, FRA",FRI33,,,Name3439292,False,True,True,Severe
FRA,Medium,Utilities,Gas,"Deux-Sèvres, Poitou-Charentes, Nouvelle-Aquitaine, FRA",FRI33,,,Name3439293,True,True,False,High
FRA,Medium,Utilities,Gas,"Deux-Sèvres, Poitou-Charentes, Nouvelle-Aquitaine, FRA",FRI33,,,Name3439294,True,True,False,Severe
FRA,Medium,Utilities,Gas,"Deux-Sèvres, Poitou-Charentes, Nouvelle-Aquitaine, FRA",FRI33,,,Name3439295,True,True,False,High
FRA,Medium,Utilities,Gas,"Deux-Sèvres, Poitou-Charentes, Nouvelle-Aquitaine, FRA",FRI33,,,Name3439296,False,False,True,Medium
FRA,Medium,Utilities,Gas,"Deux-Sèvres, Poitou-Charentes, Nouvelle-Aquitaine, FRA",FRI33,,,Name3439297,False,True,False,High
FRA,Medium,Utilities,Gas,"Deux-Sèvres, Poitou-Charentes, Nouvelle-Aquitaine, FRA",FRI33,,,Name3439298,True,False,False,Medium
FRA,Medium,Utilities,Gas,"Deux-Sèvres, Poitou-Charentes, Nouvelle-Aquitaine, FRA",FRI33,,,Name3439299,False,True,False,Low
FRA,Medium,Utilities,Gas,"Deux-Sèvres, Poitou-Charentes, Nouvelle-Aquitaine, FRA",FRI33,,,Name3439300,False,True,False,High
FRA,Medium,Utilities,Gas,"Deux-Sèvres, Poitou-Charentes, Nouvelle-Aquitaine, FRA",FRI33,,,Name3439301,False,False,True,Low
FRA,Medium,Utilities,Gas,"Deux-Sèvres, Poitou-Charentes, Nouvelle-Aquitaine, FRA",FRI33,,,Name3439302,True,False,False,Medium
FRA,Medium,Utilities,Gas,"Deux-Sèvres, Poitou-Charentes, Nouvelle-Aquitaine, FRA",FRI33,,,Name3439303,True,False,False,Medium
FRA,Medium,Utilities,Gas,"Deux-Sèvres, Poitou-Charentes, Nouvelle-Aquitaine, FRA",FRI33,,,Name3439304,True,False,False,Low
FRA,Medium,Utilities,Gas,"Deux-Sèvres, Poitou-Charentes, Nouvelle-Aquitaine, FRA",FRI33,,,Name3439305,True,True,False,Medium
FRA,Medium,Utilities,Gas,"Deux-Sèvres, Poitou-Charentes, Nouvelle-Aquitaine, FRA",FRI33,,,Name3439306,False,True,True,High
FRA,Medium,Utilities,Gas,"Deux-Sèvres, Poitou-Charentes, Nouvelle-Aquitaine, FRA",FRI33,,,Name3439307,False,True,True,Severe
FRA,Medium,Utilities,Gas,"Deux-Sèvres, Poitou-Charentes, Nouvelle-Aquitaine, FRA",FRI33,,,Name3439308,True,False,False,Low
FRA,Medium,Real Estate,Residential,"Deux-Sèvres, Poitou-Charentes, Nouvelle-Aquitaine, FRA",FRI33,,,Name3439309,False,False,True,High
FRA,Medium,Real Estate,Residential,"Deux-Sèvres, Poitou-Charentes, Nouvelle-Aquitaine, FRA",FRI33,,,Name3439310,True,True,False,High
FRA,Medium,Real Estate,Residential,"Deux-Sèvres, Poitou-Charentes, Nouvelle-Aquitaine, FRA",FRI33,,,Name3439311,False,True,False,Medium
FRA,Medium,Real Estate,Residential,"Deux-Sèvres, Poitou-Charentes, Nouvelle-Aquitaine, FRA",FRI33,,,Name3439312,True,False,False,Severe
FRA,Medium,Real Estate,Residential,"Deux-Sèvres, Poitou-Charentes, Nouvelle-Aquitaine, FRA",FRI33,,,Name3439313,True,True,False,High
FRA,Medium,Real Estate,Residential,"Deux-Sèvres, Poitou-Charentes, Nouvelle-Aquitaine, FRA",FRI33,,,Name3439314,True,False,False,Medium
FRA,Medium,Real Estate,Residential,"Deux-Sèvres, Poitou-Charentes, Nouvelle-Aquitaine, FRA",FRI33,,,Name3439315,True,False,False,Low
FRA,Medium,Real Estate,Residential,"Deux-Sèvres, Poitou-Charentes, Nouvelle-Aquitaine, FRA",FRI33,,,Name3439316,False,True,False,High
FRA,Medium,Real Estate,Residential,"Deux-Sèvres, Poitou-Charentes, Nouvelle-Aquitaine, FRA",FRI33,,,Name3439317,True,False,False,Medium
FRA,Medium,Real Estate,Residential,"Deux-Sèvres, Poitou-Charentes, Nouvelle-Aquitaine, FRA",FRI33,,,Name3439319,True,False,False,High
FRA,Medium,Real Estate,Residential,"Deux-Sèvres, Poitou-Charentes, Nouvelle-Aquitaine, FRA",FRI33,,,Name3439321,True,True,False,Low
FRA,Medium,Real Estate,Commercial,"Deux-Sèvres, Poitou-Charentes, Nouvelle-Aquitaine, FRA",FRI33,,,Name3439322,True,True,False,High
FRA,Medium,Real Estate,Commercial,"Deux-Sèvres, Poitou-Charentes, Nouvelle-Aquitaine, FRA",FRI33,,,Name3439323,True,False,False,Medium
FRA,Medium,Real Estate,Commercial,"Deux-Sèvres, Poitou-Charentes, Nouvelle-Aquitaine, FRA",FRI33,,,Name3439324,True,False,False,High
FRA,Medium,Real Estate,Commercial,"Deux-Sèvres, Poitou-Charentes, Nouvelle-Aquitaine, FRA",FRI33,,,Name3439325,False,True,True,Severe
FRA,Medium,Real Estate,Commercial,"Deux-Sèvres, Poitou-Charentes, Nouvelle-Aquitaine, FRA",FRI33,,,Name3439326,False,True,True,Severe
FRA,Medium,Real Estate,Commercial,"Deux-Sèvres, Poitou-Charentes, Nouvelle-Aquitaine, FRA",FRI33,,,Name3439327,True,True,False,Low
FRA,Medium,Real Estate,Commercial,"Deux-Sèvres, Poitou-Charentes, Nouvelle-Aquitaine, FRA",FRI33,,,Name3439328,True,True,False,Low
FRA,Medium,Real Estate,Commercial,"Deux-Sèvres, Poitou-Charentes, Nouvelle-Aquitaine, FRA",FRI33,,,Name3439329,True,True,False,Low
FRA,Medium,Real Estate,Commercial,"Deux-Sèvres, Poitou-Charentes, Nouvelle-Aquitaine, FRA",FRI33,,,Name3439330,True,False,False,Low
FRA,Medium,Real Estate,Commercial,"Deux-Sèvres, Poitou-Charentes, Nouvelle-Aquitaine, FRA",FRI33,,,Name3439331,False,True,False,Low
FRA,Medium,Real Estate,Commercial,"Deux-Sèvres, Poitou-Charentes, Nouvelle-Aquitaine, FRA",FRI33,,,Name3439332,True,False,False,Low
FRA,Medium,Real Estate,Commercial,"Deux-Sèvres, Poitou-Charentes, Nouvelle-Aquitaine, FRA",FRI33,,,Name3439333,True,True,False,High
FRA,Medium,Real Estate,Commercial,"Deux-Sèvres, Poitou-Charentes, Nouvelle-Aquitaine, FRA",FRI33,,,Name3439334,True,False,False,Low
FRA,Medium,Real Estate,Commercial,"Deux-Sèvres, Poitou-Charentes, Nouvelle-Aquitaine, FRA",FRI33,,,Name3439335,True,True,False,Severe
FRA,Medium,Real Estate,Commercial,"Deux-Sèvres, Poitou-Charentes, Nouvelle-Aquitaine, FRA",FRI33,,,Name3439337,False,False,True,Severe
FRA,Medium,Real Estate,Commercial,"Deux-Sèvres, Poitou-Charentes, Nouvelle-Aquitaine, FRA",FRI33,,,Name3439338,False,True,False,Medium
FRA,Medium,Real Estate,Industrial,"Deux-Sèvres, Poitou-Charentes, Nouvelle-Aquitaine, FRA",FRI33,,,Name3439340,True,False,False,High
FRA,Medium,Real Estate,Industrial,"Deux-Sèvres, Poitou-Charentes, Nouvelle-Aquitaine, FRA",FRI33,,,Name3439341,False,True,False,High
FRA,Medium,Real Estate,Industrial,"Deux-Sèvres, Poitou-Charentes, Nouvelle-Aquitaine, FRA",FRI33,,,Name3439342,True,True,False,Medium
FRA,Medium,Real Estate,Industrial,"Deux-Sèvres, Poitou-Charentes, Nouvelle-Aquitaine, FRA",FRI33,,,Name3439343,True,True,False,High
FRA,Medium,Real Estate,Industrial,"Deux-Sèvres, Poitou-Charentes, Nouvelle-Aquitaine, FRA",FRI33,,,Name3439344,True,False,False,Medium
FRA,Medium,Real Estate,Industrial,"Deux-Sèvres, Poitou-Charentes, Nouvelle-Aquitaine, FRA",FRI33,,,Name3439345,True,True,False,Low
FRA,Medium,Real Estate,Industrial,"Deux-Sèvres, Poitou-Charentes, Nouvelle-Aquitaine, FRA",FRI33,,,Name3439346,False,True,True,Severe
FRA,Medium,Real Estate,Industrial,"Deux-Sèvres, Poitou-Charentes, Nouvelle-Aquitaine, FRA",FRI33,,,Name3439347,True,True,False,High
FRA,Medium,Real Estate,Industrial,"Deux-Sèvres, Poitou-Charentes, Nouvelle-Aquitaine, FRA",FRI33,,,Name3439348,True,True,False,Low
FRA,Medium,Real Estate,Industrial,"Deux-Sèvres, Poitou-Charentes, Nouvelle-Aquitaine, FRA",FRI33,,,Name3439349,False,True,True,Severe
FRA,Medium,Real Estate,Industrial,"Deux-Sèvres, Poitou-Charentes, Nouvelle-Aquitaine, FRA",FRI33,,,Name3439350,True,True,False,Severe
FRA,Medium,Real Estate,Industrial,"Deux-Sèvres, Poitou-Charentes, Nouvelle-Aquitaine, FRA",FRI33,,,Name3439351,True,True,False,Severe
FRA,Medium,Real Estate,Industrial,"Deux-Sèvres, Poitou-Charentes, Nouvelle-Aquitaine, FRA",FRI33,,,Name3439353,False,True,False,High
FRA,Medium,Telecommunications,Mobile,"Deux-Sèvres, Poitou-Charentes, Nouvelle-Aquitaine, FRA",FRI33,,,Name3439354,True,True,False,High
FRA,Medium,Telecommunications,Mobile,"Deux-Sèvres, Poitou-Charentes, Nouvelle-Aquitaine, FRA",FRI33,,,Name3439355,False,False,True,Severe
FRA,Medium,Telecommunications,Mobile,"Deux-Sèvres, Poitou-Charentes, Nouvelle-Aquitaine, FRA",FRI33,,,Name3439356,False,False,True,Low
FRA,Medium,Telecommunications,Mobile,"Deux-Sèvres, Poitou-Charentes, Nouvelle-Aquitaine, FRA",FRI33,,,Name3439357,False,True,True,Severe
FRA,Medium,Telecommunications,Mobile,"Deux-Sèvres, Poitou-Charentes, Nouvelle-Aquitaine, FRA",FRI33,,,Name3439358,True,False,False,Medium
FRA,Medium,Telecommunications,Mobile,"Deux-Sèvres, Poitou-Charentes, Nouvelle-Aquitaine, FRA",FRI33,,,Name3439359,True,True,False,Medium
FRA,Medium,Telecommunications,Mobile,"Deux-Sèvres, Poitou-Charentes, Nouvelle-Aquitaine, FRA",FRI33,,,Name3439360,True,False,False,Severe
FRA,Medium,Telecommunications,Mobile,"Deux-Sèvres, Poitou-Charentes, Nouvelle-Aquitaine, FRA",FRI33,,,Name3439361,True,True,False,Medium
FRA,Medium,Telecommunications,Mobile,"Deux-Sèvres, Poitou-Charentes, Nouvelle-Aquitaine, FRA",FRI33,,,Name3439362,True,False,False,Severe
FRA,Medium,Telecommunications,Mobile,"Deux-Sèvres, Poitou-Charentes, Nouvelle-Aquitaine, FRA",FRI33,,,Name3439363,False,True,False,Severe
FRA,Medium,Telecommunications,Mobile,"Deux-Sèvres, Poitou-Charentes, Nouvelle-Aquitaine, FRA",FRI33,,,Name3439364,True,False,False,Medium
FRA,Medium,Telecommunications,Mobile,"Deux-Sèvres, Poitou-Charentes, Nouvelle-Aquitaine, FRA",FRI33,,,Name3439365,False,True,True,Severe
FRA,Medium,Telecommunications,Mobile,"Deux-Sèvres, Poitou-Charentes, Nouvelle-Aquitaine, FRA",FRI33,,,Name3439366,True,False,False,Low
FRA,Medium,Telecommunications,Mobile,"Deux-Sèvres, Poitou-Charentes, Nouvelle-Aquitaine, FRA",FRI33,,,Name3439367,False,True,True,Low
FRA,Medium,Telecommunications,Mobile,"Deux-Sèvres, Poitou-Charentes, Nouvelle-Aquitaine, FRA",FRI33,,,Name3439368,False,True,False,Medium
FRA,Medium,Telecommunications,Mobile,"Deux-Sèvres, Poitou-Charentes, Nouvelle-Aquitaine, FRA",FRI33,,,Name3439369,False,True,True,Severe
FRA,Medium,Telecommunications,Mobile,"Deux-Sèvres, Poitou-Charentes, Nouvelle-Aquitaine, FRA",FRI33,,,Name3439370,True,True,False,High
FRA,Medium,Telecommunications,Mobile,"Deux-Sèvres, Poitou-Charentes, Nouvelle-Aquitaine, FRA",FRI33,,,Name3439371,False,True,False,Severe
FRA,Medium,Telecommunications,Mobile,"Deux-Sèvres, Poitou-Charentes, Nouvelle-Aquitaine, FRA",FRI33,,,Name3439372,True,False,False,Medium
FRA,Medium,Telecommunications,Mobile,"Deux-Sèvres, Poitou-Charentes, Nouvelle-Aquitaine, FRA",FRI33,,,Name3439373,False,True,True,Severe
FRA,Medium,Telecommunications,Broadband,"Deux-Sèvres, Poitou-Charentes, Nouvelle-Aquitaine, FRA",FRI33,,,Name3439374,True,True,False,Medium
FRA,Medium,Telecommunications,Broadband,"Deux-Sèvres, Poitou-Charentes, Nouvelle-Aquitaine, FRA",FRI33,,,Name3439375,False,True,True,High
FRA,Medium,Telecommunications,Broadband,"Deux-Sèvres, Poitou-Charentes, Nouvelle-Aquitaine, FRA",FRI33,,,Name3439376,False,True,False,Low
FRA,Medium,Telecommunications,Broadband,"Deux-Sèvres, Poitou-Charentes, Nouvelle-Aquitaine, FRA",FRI33,,,Name3439377,True,False,False,High
FRA,Medium,Telecommunications,Broadband,"Deux-Sèvres, Poitou-Charentes, Nouvelle-Aquitaine, FRA",FRI33,,,Name3439378,True,False,False,Medium
FRA,Medium,Telecommunications,Broadband,"Deux-Sèvres, Poitou-Charentes, Nouvelle-Aquitaine, FRA",FRI33,,,Name3439379,True,True,False,Low
FRA,Medium,Telecommunications,Broadband,"Deux-Sèvres, Poitou-Charentes, Nouvelle-Aquitaine, FRA",FRI33,,,Name3439380,True,True,False,High
FRA,Medium,Telecommunications,Satellite,"Deux-Sèvres, Poitou-Charentes, Nouvelle-Aquitaine, FRA",FRI33,,,Name3439382,True,True,False,Severe
FRA,Medium,Telecommunications,Satellite,"Deux-Sèvres, Poitou-Charentes, Nouvelle-Aquitaine, FRA",FRI33,,,Name3439383,False,True,False,Low
FRA,Medium,Telecommunications,Satellite,"Deux-Sèvres, Poitou-Charentes, Nouvelle-Aquitaine, FRA",FRI33,,,Name3439384,False,False,True,Severe
FRA,Medium,Telecommunications,Satellite,"Deux-Sèvres, Poitou-Charentes, Nouvelle-Aquitaine, FRA",FRI33,,,Name3439385,False,False,True,Low
FRA,Medium,Telecommunications,Satellite,"Deux-Sèvres, Poitou-Charentes, Nouvelle-Aquitaine, FRA",FRI33,,,Name3439386,True,True,False,High
FRA,Medium,Telecommunications,Satellite,"Deux-Sèvres, Poitou-Charentes, Nouvelle-Aquitaine, FRA",FRI33,,,Name3439387,False,True,True,Medium
FRA,Medium,Telecommunications,Satellite,"Deux-Sèvres, Poitou-Charentes, Nouvelle-Aquitaine, FRA",FRI33,,,Name3439388,False,False,True,Severe
FRA,Medium,Telecommunications,Satellite,"Deux-Sèvres, Poitou-Charentes, Nouvelle-Aquitaine, FRA",FRI33,,,Name3439389,True,False,False,Severe
FRA,Medium,Telecommunications,Satellite,"Deux-Sèvres, Poitou-Charentes, Nouvelle-Aquitaine, FRA",FRI33,,,Name3439391,True,True,False,Low
FRA,Medium,Telecommunications,Satellite,"Deux-Sèvres, Poitou-Charentes, Nouvelle-Aquitaine, FRA",FRI33,,,Name3439393,True,False,False,Severe
FRA,Medium,Telecommunications,Satellite,"Deux-Sèvres, Poitou-Charentes, Nouvelle-Aquitaine, FRA",FRI33,,,Name3439394,False,False,True,High
FRA,Medium,Telecommunications,Satellite,"Deux-Sèvres, Poitou-Charentes, Nouvelle-Aquitaine, FRA",FRI33,,,Name3439395,False,True,True,High
FRA,Medium,Telecommunications,Satellite,"Deux-Sèvres, Poitou-Charentes, Nouvelle-Aquitaine, FRA",FRI33,,,Name3439396,True,False,False,Medium
FRA,Medium,Telecommunications,Satellite,"Deux-Sèvres, Poitou-Charentes, Nouvelle-Aquitaine, FRA",FRI33,,,Name3439397,True,True,False,Low
FRA,Medium,Telecommunications,Satellite,"Deux-Sèvres, Poitou-Charentes, Nouvelle-Aquitaine, FRA",FRI33,,,Name3439398,True,True,False,Medium
FRA,Medium,Telecommunications,Satellite,"Deux-Sèvres, Poitou-Charentes, Nouvelle-Aquitaine, FRA",FRI33,,,Name3439399,True,False,False,Severe
FRA,Medium,Telecommunications,Satellite,"Deux-Sèvres, Poitou-Charentes, Nouvelle-Aquitaine, FRA",FRI33,,,Name3439401,True,True,False,Low
FRA,Medium,Telecommunications,Satellite,"Deux-Sèvres, Poitou-Charentes, Nouvelle-Aquitaine, FRA",FRI33,,,Name3439402,False,True,False,Low
FRA,Medium,Telecommunications,Satellite,"Deux-Sèvres, Poitou-Charentes, Nouvelle-Aquitaine, FRA",FRI33,,,Name3439403,True,False,False,Medium
FRA,Medium,Telecommunications,Satellite,"Deux-Sèvres, Poitou-Charentes, Nouvelle-Aquitaine, FRA",FRI33,,,Name3439404,False,True,True,High
FRA,Medium,Telecommunications,Satellite,"Deux-Sèvres, Poitou-Charentes, Nouvelle-Aquitaine, FRA",FRI33,,,Name3439405,True,True,False,Low
FRA,Medium,Telecommunications,Satellite,"Deux-Sèvres, Poitou-Charentes, Nouvelle-Aquitaine, FRA",FRI33,,,Name3439406,False,False,True,Low
FRA,Medium,Telecommunications,Satellite,"Deux-Sèvres, Poitou-Charentes, Nouvelle-Aquitaine, FRA",FRI33,,,Name3439407,False,False,True,Low
FRA,Medium,Telecommunications,Satellite,"Deux-Sèvres, Poitou-Charentes, Nouvelle-Aquitaine, FRA",FRI33,,,Name3439409,True,False,False,High
FRA,Medium,Telecommunications,Satellite,"Deux-Sèvres, Poitou-Charentes, Nouvelle-Aquitaine, FRA",FRI33,,,Name3439410,True,True,False,High
FRA,Medium,Telecommunications,Satellite,"Deux-Sèvres, Poitou-Charentes, Nouvelle-Aquitaine, FRA",FRI33,,,Name3439411,True,False,False,Low
FRA,Medium,Telecommunications,Satellite,"Deux-Sèvres, Poitou-Charentes, Nouvelle-Aquitaine, FRA",FRI33,,,Name3439412,True,True,False,High
FRA,Medium,Telecommunications,Satellite,"Deux-Sèvres, Poitou-Charentes, Nouvelle-Aquitaine, FRA",FRI33,,,Name3439413,True,True,False,Low
FRA,Medium,Telecommunications,Satellite,"Deux-Sèvres, Poitou-Charentes, Nouvelle-Aquitaine, FRA",FRI33,,,Name3439414,True,True,False,Low
FRA,Medium,Telecommunications,Satellite,"Deux-Sèvres, Poitou-Charentes, Nouvelle-Aquitaine, FRA",FRI33,,,Name3439415,True,False,False,Medium
FRA,Medium,Telecommunications,Satellite,"Deux-Sèvres, Poitou-Charentes, Nouvelle-Aquitaine, FRA",FRI33,,,Name3439416,True,False,False,High
FRA,Medium,Telecommunications,Satellite,"Deux-Sèvres, Poitou-Charentes, Nouvelle-Aquitaine, FRA",FRI33,,,Name3439417,False,True,False,Low
FRA,Medium,Telecommunications,Satellite,"Deux-Sèvres, Poitou-Charentes, Nouvelle-Aquitaine, FRA",FRI33,,,Name3439419,False,True,True,Medium
FRA,Medium,Telecommunications,Satellite,"Deux-Sèvres, Poitou-Charentes, Nouvelle-Aquitaine, FRA",FRI33,,,Name3439420,True,True,False,High
FRA,Medium,Telecommunications,Satellite,"Deux-Sèvres, Poitou-Charentes, Nouvelle-Aquitaine, FRA",FRI33,,,Name3439421,True,True,False,High
FRA,Medium,Telecommunications,Satellite,"Deux-Sèvres, Poitou-Charentes, Nouvelle-Aquitaine, FRA",FRI33,,,Name3439422,False,False,True,Medium
FRA,Medium,Materials,Chemicals,"Deux-Sèvres, Poitou-Charentes, Nouvelle-Aquitaine, FRA",FRI33,,,Name3439423,False,True,False,Severe
FRA,Medium,Materials,Chemicals,"Deux-Sèvres, Poitou-Charentes, Nouvelle-Aquitaine, FRA",FRI33,,,Name3439424,True,False,False,Severe
FRA,Medium,Materials,Chemicals,"Deux-Sèvres, Poitou-Charentes, Nouvelle-Aquitaine, FRA",FRI33,,,Name3439425,True,False,False,Severe
FRA,Medium,Materials,Chemicals,"Deux-Sèvres, Poitou-Charentes, Nouvelle-Aquitaine, FRA",FRI33,,,Name3439426,True,True,False,Severe
FRA,Medium,Materials,Chemicals,"Deux-Sèvres, Poitou-Charentes, Nouvelle-Aquitaine, FRA",FRI33,,,Name3439427,True,True,False,Severe
FRA,Medium,Materials,Chemicals,"Deux-Sèvres, Poitou-Charentes, Nouvelle-Aquitaine, FRA",FRI33,,,Name3439428,False,False,True,Low
FRA,Medium,Materials,Chemicals,"Deux-Sèvres, Poitou-Charentes, Nouvelle-Aquitaine, FRA",FRI33,,,Name3439429,True,True,False,Medium
FRA,Medium,Materials,Chemicals,"Deux-Sèvres, Poitou-Charentes, Nouvelle-Aquitaine, FRA",FRI33,,,Name3439431,True,False,False,High
FRA,Medium,Materials,Chemicals,"Deux-Sèvres, Poitou-Charentes, Nouvelle-Aquitaine, FRA",FRI33,,,Name3439433,True,False,False,Low
FRA,Medium,Materials,Chemicals,"Deux-Sèvres, Poitou-Charentes, Nouvelle-Aquitaine, FRA",FRI33,,,Name3439434,False,False,True,Medium
FRA,Medium,Materials,Chemicals,"Deux-Sèvres, Poitou-Charentes, Nouvelle-Aquitaine, FRA",FRI33,,,Name3439435,False,True,False,Low
FRA,Medium,Materials,Chemicals,"Deux-Sèvres, Poitou-Charentes, Nouvelle-Aquitaine, FRA",FRI33,,,Name3439436,True,False,False,Low
FRA,Medium,Materials,Chemicals,"Deux-Sèvres, Poitou-Charentes, Nouvelle-Aquitaine, FRA",FRI33,,,Name3439437,True,True,False,High
FRA,Medium,Materials,Chemicals,"Deux-Sèvres, Poitou-Charentes, Nouvelle-Aquitaine, FRA",FRI33,,,Name3439438,True,False,False,Severe
FRA,Medium,Materials,Chemicals,"Deux-Sèvres, Poitou-Charentes, Nouvelle-Aquitaine, FRA",FRI33,,,Name3439440,False,False,True,Low
FRA,Medium,Materials,Chemicals,"Deux-Sèvres, Poitou-Charentes, Nouvelle-Aquitaine, FRA",FRI33,,,Name3439441,True,False,False,High
FRA,Medium,Materials,Chemicals,"Deux-Sèvres, Poitou-Charentes, Nouvelle-Aquitaine, FRA",FRI33,,,Name3439442,False,True,True,Low
FRA,Medium,Materials,Chemicals,"Deux-Sèvres, Poitou-Charentes, Nouvelle-Aquitaine, FRA",FRI33,,,Name3439443,True,False,False,Severe
FRA,Medium,Materials,Chemicals,"Deux-Sèvres, Poitou-Charentes, Nouvelle-Aquitaine, FRA",FRI33,,,Name3439444,False,True,True,Low
FRA,Medium,Materials,Chemicals,"Deux-Sèvres, Poitou-Charentes, Nouvelle-Aquitaine, FRA",FRI33,,,Name3439445,True,True,False,High
FRA,Medium,Materials,Chemicals,"Deux-Sèvres, Poitou-Charentes, Nouvelle-Aquitaine, FRA",FRI33,,,Name3439446,False,True,False,Severe
FRA,Medium,Materials,Chemicals,"Deux-Sèvres, Poitou-Charentes, Nouvelle-Aquitaine, FRA",FRI33,,,Name3439447,False,True,True,Severe
FRA,Medium,Materials,Chemicals,"Deux-Sèvres, Poitou-Charentes, Nouvelle-Aquitaine, FRA",FRI33,,,Name3439448,False,True,False,Severe
FRA,Medium,Materials,Metals & Mining,"Deux-Sèvres, Poitou-Charentes, Nouvelle-Aquitaine, FRA",FRI33,,,Name3439449,False,True,False,High
FRA,Medium,Materials,Metals & Mining,"Deux-Sèvres, Poitou-Charentes, Nouvelle-Aquitaine, FRA",FRI33,,,Name3439452,True,False,False,Low
FRA,Medium,Materials,Metals & Mining,"Deux-Sèvres, Poitou-Charentes, Nouvelle-Aquitaine, FRA",FRI33,,,Name3439454,True,False,False,Severe
FRA,Medium,Materials,Construction Materials,"Deux-Sèvres, Poitou-Charentes, Nouvelle-Aquitaine, FRA",FRI33,,,Name3439455,True,False,False,High
FRA,Medium,Materials,Construction Materials,"Deux-Sèvres, Poitou-Charentes, Nouvelle-Aquitaine, FRA",FRI33,,,Name3439456,False,False,True,Low
FRA,Medium,Materials,Construction Materials,"Deux-Sèvres, Poitou-Charentes, Nouvelle-Aquitaine, FRA",FRI33,,,Name3439457,True,False,False,Medium
FRA,Medium,Materials,Construction Materials,"Deux-Sèvres, Poitou-Charentes, Nouvelle-Aquitaine, FRA",FRI33,,,Name3439458,True,False,False,High
FRA,Medium,Materials,Construction Materials,"Deux-Sèvres, Poitou-Charentes, Nouvelle-Aquitaine, FRA",FRI33,,,Name3439463,False,False,True,Low
FRA,Medium,Materials,Construction Materials,"Deux-Sèvres, Poitou-Charentes, Nouvelle-Aquitaine, FRA",FRI33,,,Name3439464,True,False,False,Severe
FRA,Medium,Materials,Construction Materials,"Deux-Sèvres, Poitou-Charentes, Nouvelle-Aquitaine, FRA",FRI33,,,Name3439465,True,True,False,Severe
FRA,Medium,Materials,Construction Materials,"Deux-Sèvres, Poitou-Charentes, Nouvelle-Aquitaine, FRA",FRI33,,,Name3439467,True,True,False,High
FRA,Medium,Materials,Construction Materials,"Deux-Sèvres, Poitou-Charentes, Nouvelle-Aquitaine, FRA",FRI33,,,Name3439468,True,False,False,Medium
FRA,Medium,Materials,Construction Materials,"Deux-Sèvres, Poitou-Charentes, Nouvelle-Aquitaine, FRA",FRI33,,,Name3439469,True,False,False,Medium
FRA,Medium,Materials,Construction Materials,"Deux-Sèvres, Poitou-Charentes, Nouvelle-Aquitaine, FRA",FRI33,,,Name3439470,True,False,False,Medium
FRA,Medium,Materials,Construction Materials,"Deux-Sèvres, Poitou-Charentes, Nouvelle-Aquitaine, FRA",FRI33,,,Name3439471,True,False,False,High
FRA,Medium,Materials,Construction Materials,"Deux-Sèvres, Poitou-Charentes, Nouvelle-Aquitaine, FRA",FRI33,,,Name3439472,False,False,True,High
FRA,Medium,Materials,Construction Materials,"Deux-Sèvres, Poitou-Charentes, Nouvelle-Aquitaine, FRA",FRI33,,,Name3439474,False,False,True,Low
FRA,Medium,Materials,Construction Materials,"Deux-Sèvres, Poitou-Charentes, Nouvelle-Aquitaine, FRA",FRI33,,,Name3439475,True,False,False,High
FRA,Medium,Materials,Construction Materials,"Deux-Sèvres, Poitou-Charentes, Nouvelle-Aquitaine, FRA",FRI33,,,Name3439476,True,True,False,Low
FRA,Medium,Materials,Construction Materials,"Deux-Sèvres, Poitou-Charentes, Nouvelle-Aquitaine, FRA",FRI33,,,Name3439477,True,True,False,Severe
FRA,Medium,Materials,Construction Materials,"Deux-Sèvres, Poitou-Charentes, Nouvelle-Aquitaine, FRA",FRI33,,,Name3439478,True,True,False,High
FRA,Medium,Materials,Construction Materials,"Deux-Sèvres, Poitou-Charentes, Nouvelle-Aquitaine, FRA",FRI33,,,Name3439479,False,True,True,Medium
FRA,Medium,Industrials,Aerospace & Defense,"Deux-Sèvres, Poitou-Charentes, Nouvelle-Aquitaine, FRA",FRI33,,,Name3439480,True,False,False,Low
FRA,Medium,Industrials,Aerospace & Defense,"Deux-Sèvres, Poitou-Charentes, Nouvelle-Aquitaine, FRA",FRI33,,,Name3439481,False,True,True,Low
FRA,Medium,Industrials,Aerospace & Defense,"Deux-Sèvres, Poitou-Charentes, Nouvelle-Aquitaine, FRA",FRI33,,,Name3439482,True,True,False,Medium
FRA,Medium,Industrials,Aerospace & Defense,"Deux-Sèvres, Poitou-Charentes, Nouvelle-Aquitaine, FRA",FRI33,,,Name3439483,True,True,False,Low
FRA,Medium,Industrials,Aerospace & Defense,"Deux-Sèvres, Poitou-Charentes, Nouvelle-Aquitaine, FRA",FRI33,,,Name3439484,True,False,False,Low
FRA,Medium,Industrials,Aerospace & Defense,"Deux-Sèvres, Poitou-Charentes, Nouvelle-Aquitaine, FRA",FRI33,,,Name3439485,False,True,True,High
FRA,Medium,Industrials,Aerospace & Defense,"Deux-Sèvres, Poitou-Charentes, Nouvelle-Aquitaine, FRA",FRI33,,,Name3439486,True,False,False,Low
FRA,Medium,Industrials,Aerospace & Defense,"Deux-Sèvres, Poitou-Charentes, Nouvelle-Aquitaine, FRA",FRI33,,,Name3439489,True,True,False,High
FRA,Medium,Industrials,Aerospace & Defense,"Deux-Sèvres, Poitou-Charentes, Nouvelle-Aquitaine, FRA",FRI33,,,Name3439490,True,False,False,Medium
FRA,Medium,Industrials,Aerospace & Defense,"Deux-Sèvres, Poitou-Charentes, Nouvelle-Aquitaine, FRA",FRI33,,,Name3439491,True,True,False,Severe
FRA,Medium,Industrials,Aerospace & Defense,"Deux-Sèvres, Poitou-Charentes, Nouvelle-Aquitaine, FRA",FRI33,,,Name3439492,True,True,False,Medium
FRA,Medium,Industrials,Aerospace & Defense,"Deux-Sèvres, Poitou-Charentes, Nouvelle-Aquitaine, FRA",FRI33,,,Name3439493,False,True,True,Low
FRA,Medium,Industrials,Aerospace & Defense,"Deux-Sèvres, Poitou-Charentes, Nouvelle-Aquitaine, FRA",FRI33,,,Name3439494,False,True,False,Low
FRA,Medium,Industrials,Aerospace & Defense,"Deux-Sèvres, Poitou-Charentes, Nouvelle-Aquitaine, FRA",FRI33,,,Name3439495,False,True,False,High
FRA,Medium,Industrials,Aerospace & Defense,"Deux-Sèvres, Poitou-Charentes, Nouvelle-Aquitaine, FRA",FRI33,,,Name3439496,False,False,True,Medium
FRA,Medium,Industrials,Aerospace & Defense,"Deux-Sèvres, Poitou-Charentes, Nouvelle-Aquitaine, FRA",FRI33,,,Name3439499,False,True,True,Medium
FRA,Medium,Industrials,Aerospace & Defense,"Deux-Sèvres, Poitou-Charentes, Nouvelle-Aquitaine, FRA",FRI33,,,Name3439500,True,True,False,High
FRA,Medium,Industrials,Aerospace & Defense,"Deux-Sèvres, Poitou-Charentes, Nouvelle-Aquitaine, FRA",FRI33,,,Name3439501,True,False,False,Medium
FRA,Medium,Industrials,Aerospace & Defense,"Deux-Sèvres, Poitou-Charentes, Nouvelle-Aquitaine, FRA",FRI33,,,Name3439502,False,True,False,Severe
FRA,Medium,Industrials,Aerospace & Defense,"Deux-Sèvres, Poitou-Charentes, Nouvelle-Aquitaine, FRA",FRI33,,,Name3439504,True,False,False,High
FRA,Medium,Industrials,Aerospace & Defense,"Deux-Sèvres, Poitou-Charentes, Nouvelle-Aquitaine, FRA",FRI33,,,Name3439505,True,True,False,Medium
FRA,Medium,Industrials,Aerospace & Defense,"Deux-Sèvres, Poitou-Charentes, Nouvelle-Aquitaine, FRA",FRI33,,,Name3439506,False,True,False,Medium
FRA,Medium,Industrials,Aerospace & Defense,"Deux-Sèvres, Poitou-Charentes, Nouvelle-Aquitaine, FRA",FRI33,,,Name3439508,True,False,False,Medium
FRA,Medium,Industrials,Aerospace & Defense,"Deux-Sèvres, Poitou-Charentes, Nouvelle-Aquitaine, FRA",FRI33,,,Name3439509,True,False,False,Medium
FRA,Medium,Industrials,Aerospace & Defense,"Deux-Sèvres, Poitou-Charentes, Nouvelle-Aquitaine, FRA",FRI33,,,Name3439510,False,True,False,Low
FRA,Medium,Industrials,Aerospace & Defense,"Deux-Sèvres, Poitou-Charentes, Nouvelle-Aquitaine, FRA",FRI33,,,Name3439511,False,True,True,Severe
FRA,Medium,Industrials,Aerospace & Defense,"Deux-Sèvres, Poitou-Charentes, Nouvelle-Aquitaine, FRA",FRI33,,,Name3439512,False,False,True,High
FRA,Medium,Industrials,Aerospace & Defense,"Deux-Sèvres, Poitou-Charentes, Nouvelle-Aquitaine, FRA",FRI33,,,Name3439513,True,True,False,Severe
FRA,Medium,Industrials,Aerospace & Defense,"Deux-Sèvres, Poitou-Charentes, Nouvelle-Aquitaine, FRA",FRI33,,,Name3439514,False,True,False,Low
FRA,Medium,Industrials,Aerospace & Defense,"Deux-Sèvres, Poitou-Charentes, Nouvelle-Aquitaine, FRA",FRI33,,,Name3439515,True,False,False,Severe
FRA,Medium,Industrials,Aerospace & Defense,"Deux-Sèvres, Poitou-Charentes, Nouvelle-Aquitaine, FRA",FRI33,,,Name3439516,False,True,True,Medium
FRA,Medium,Industrials,Aerospace & Defense,"Deux-Sèvres, Poitou-Charentes, Nouvelle-Aquitaine, FRA",FRI33,,,Name3439517,False,True,True,High
FRA,Medium,Industrials,Aerospace & Defense,"Deux-Sèvres, Poitou-Charentes, Nouvelle-Aquitaine, FRA",FRI33,,,Name3439518,True,True,False,High
FRA,Medium,Industrials,Aerospace & Defense,"Deux-Sèvres, Poitou-Charentes, Nouvelle-Aquitaine, FRA",FRI33,,,Name3439519,False,True,True,Medium
FRA,Medium,Industrials,Aerospace & Defense,"Deux-Sèvres, Poitou-Charentes, Nouvelle-Aquitaine, FRA",FRI33,,,Name3439520,False,False,True,Medium
FRA,Medium,Industrials,Machinery,"Deux-Sèvres, Poitou-Charentes, Nouvelle-Aquitaine, FRA",FRI33,,,Name3439521,True,False,False,Severe
FRA,Medium,Industrials,Machinery,"Deux-Sèvres, Poitou-Charentes, Nouvelle-Aquitaine, FRA",FRI33,,,Name3439522,True,True,False,Medium
FRA,Medium,Industrials,Machinery,"Deux-Sèvres, Poitou-Charentes, Nouvelle-Aquitaine, FRA",FRI33,,,Name3439523,False,True,True,High
FRA,Medium,Industrials,Machinery,"Deux-Sèvres, Poitou-Charentes, Nouvelle-Aquitaine, FRA",FRI33,,,Name3439524,False,True,True,High
FRA,Medium,Industrials,Machinery,"Deux-Sèvres, Poitou-Charentes, Nouvelle-Aquitaine, FRA",FRI33,,,Name3439526,True,True,False,Severe
FRA,Medium,Industrials,Machinery,"Deux-Sèvres, Poitou-Charentes, Nouvelle-Aquitaine, FRA",FRI33,,,Name3439527,False,True,False,Severe
FRA,Medium,Industrials,Machinery,"Deux-Sèvres, Poitou-Charentes, Nouvelle-Aquitaine, FRA",FRI33,,,Name3439528,True,True,False,Severe
FRA,Medium,Industrials,Machinery,"Deux-Sèvres, Poitou-Charentes, Nouvelle-Aquitaine, FRA",FRI33,,,Name3439529,False,True,True,Severe
FRA,Medium,Industrials,Machinery,"Deux-Sèvres, Poitou-Charentes, Nouvelle-Aquitaine, FRA",FRI33,,,Name3439530,False,False,True,Severe
FRA,Medium,Industrials,Machinery,"Deux-Sèvres, Poitou-Charentes, Nouvelle-Aquitaine, FRA",FRI33,,,Name3439531,True,False,False,Severe
FRA,Medium,Industrials,Machinery,"Deux-Sèvres, Poitou-Charentes, Nouvelle-Aquitaine, FRA",FRI33,,,Name3439533,False,False,True,Severe
FRA,Medium,Industrials,Machinery,"Deux-Sèvres, Poitou-Charentes, Nouvelle-Aquitaine, FRA",FRI33,,,Name3439534,False,True,False,Severe
FRA,Medium,Industrials,Industrial Services,"Deux-Sèvres, Poitou-Charentes, Nouvelle-Aquitaine, FRA",FRI33,,,Name3439536,True,False,False,Low
FRA,Medium,Industrials,Industrial Services,"Deux-Sèvres, Poitou-Charentes, Nouvelle-Aquitaine, FRA",FRI33,,,Name3439537,True,False,False,Severe
FRA,Medium,Industrials,Industrial Services,"Deux-Sèvres, Poitou-Charentes, Nouvelle-Aquitaine, FRA",FRI33,,,Name3439538,True,True,False,High
FRA,Medium,Industrials,Industrial Services,"Deux-Sèvres, Poitou-Charentes, Nouvelle-Aquitaine, FRA",FRI33,,,Name3439539,False,False,True,High
FRA,Medium,Industrials,Industrial Services,"Deux-Sèvres, Poitou-Charentes, Nouvelle-Aquitaine, FRA",FRI33,,,Name3439540,False,False,True,Medium
FRA,Medium,Industrials,Industrial Services,"Deux-Sèvres, Poitou-Charentes, Nouvelle-Aquitaine, FRA",FRI33,,,Name3439541,True,False,False,Medium
FRA,Medium,Industrials,Industrial Services,"Deux-Sèvres, Poitou-Charentes, Nouvelle-Aquitaine, FRA",FRI33,,,Name3439543,False,True,True,Severe
FRA,Medium,Industrials,Industrial Services,"Deux-Sèvres, Poitou-Charentes, Nouvelle-Aquitaine, FRA",FRI33,,,Name3439544,False,True,False,Low
FRA,Medium,Industrials,Industrial Services,"Deux-Sèvres, Poitou-Charentes, Nouvelle-Aquitaine, FRA",FRI33,,,Name3439545,True,True,False,Low
FRA,Medium,Industrials,Industrial Services,"Deux-Sèvres, Poitou-Charentes, Nouvelle-Aquitaine, FRA",FRI33,,,Name3439546,True,True,False,Medium
FRA,Medium,Industrials,Industrial Services,"Deux-Sèvres, Poitou-Charentes, Nouvelle-Aquitaine, FRA",FRI33,,,Name3439547,True,False,False,Medium
FRA,Medium,Industrials,Industrial Services,"Deux-Sèvres, Poitou-Charentes, Nouvelle-Aquitaine, FRA",FRI33,,,Name3439548,True,False,False,Medium
FRA,Medium,Industrials,Industrial Services,"Deux-Sèvres, Poitou-Charentes, Nouvelle-Aquitaine, FRA",FRI33,,,Name3439549,True,False,False,Severe
FRA,Medium,Industrials,Industrial Services,"Deux-Sèvres, Poitou-Charentes, Nouvelle-Aquitaine, FRA",FRI33,,,Name3439551,False,False,True,Low
FRA,Medium,Industrials,Industrial Services,"Deux-Sèvres, Poitou-Charentes, Nouvelle-Aquitaine, FRA",FRI33,,,Name3439552,False,True,True,Low
FRA,Medium,Industrials,Industrial Services,"Deux-Sèvres, Poitou-Charentes, Nouvelle-Aquitaine, FRA",FRI33,,,Name3439553,False,True,False,High
FRA,Medium,Industrials,Industrial Services,"Deux-Sèvres, Poitou-Charentes, Nouvelle-Aquitaine, FRA",FRI33,,,Name3439554,True,True,False,High
FRA,Medium,Industrials,Industrial Services,"Deux-Sèvres, Poitou-Charentes, Nouvelle-Aquitaine, FRA",FRI33,,,Name3439555,False,False,True,High
FRA,Medium,Industrials,Industrial Services,"Deux-Sèvres, Poitou-Charentes, Nouvelle-Aquitaine, FRA",FRI33,,,Name3439556,False,True,True,Severe
FRA,Medium,Industrials,Industrial Services,"Deux-Sèvres, Poitou-Charentes, Nouvelle-Aquitaine, FRA",FRI33,,,Name3439557,False,False,True,High
FRA,Medium,Industrials,Industrial Services,"Deux-Sèvres, Poitou-Charentes, Nouvelle-Aquitaine, FRA",FRI33,,,Name3439558,False,True,True,Severe
FRA,Medium,Industrials,Industrial Services,"Deux-Sèvres, Poitou-Charentes, Nouvelle-Aquitaine, FRA",FRI33,,,Name3439560,True,False,False,Low
FRA,Medium,Industrials,Industrial Services,"Deux-Sèvres, Poitou-Charentes, Nouvelle-Aquitaine, FRA",FRI33,,,Name3439561,False,True,False,Severe
FRA,Medium,Industrials,Industrial Services,"Deux-Sèvres, Poitou-Charentes, Nouvelle-Aquitaine, FRA",FRI33,,,Name3439563,False,True,False,High
FRA,Medium,Industrials,Industrial Services,"Deux-Sèvres, Poitou-Charentes, Nouvelle-Aquitaine, FRA",FRI33,,,Name3439565,False,True,False,High
FRA,Medium,Industrials,Industrial Services,"Deux-Sèvres, Poitou-Charentes, Nouvelle-Aquitaine, FRA",FRI33,,,Name3439566,True,False,False,High
FRA,Medium,Industrials,Industrial Services,"Deux-Sèvres, Poitou-Charentes, Nouvelle-Aquitaine, FRA",FRI33,,,Name3439567,True,True,False,Severe
FRA,Medium,Industrials,Industrial Services,"Deux-Sèvres, Poitou-Charentes, Nouvelle-Aquitaine, FRA",FRI33,,,Name3439568,True,False,False,Severe
FRA,Medium,Industrials,Industrial Services,"Deux-Sèvres, Poitou-Charentes, Nouvelle-Aquitaine, FRA",FRI33,,,Name3439569,False,True,False,Severe
FRA,Medium,Industrials,Industrial Services,"Deux-Sèvres, Poitou-Charentes, Nouvelle-Aquitaine, FRA",FRI33,,,Name3439570,True,False,False,Medium
FRA,Medium,Industrials,Industrial Services,"Deux-Sèvres, Poitou-Charentes, Nouvelle-Aquitaine, FRA",FRI33,,,Name3439572,False,True,True,Medium
FRA,Medium,Industrials,Industrial Services,"Deux-Sèvres, Poitou-Charentes, Nouvelle-Aquitaine, FRA",FRI33,,,Name3439573,False,True,False,High
FRA,Medium,Industrials,Industrial Services,"Deux-Sèvres, Poitou-Charentes, Nouvelle-Aquitaine, FRA",FRI33,,,Name3439574,True,False,False,Low
FRA,Medium,Industrials,Industrial Services,"Deux-Sèvres, Poitou-Charentes, Nouvelle-Aquitaine, FRA",FRI33,,,Name3439575,False,True,True,Medium
FRA,Medium,Industrials,Industrial Services,"Deux-Sèvres, Poitou-Charentes, Nouvelle-Aquitaine, FRA",FRI33,,,Name3439576,False,True,False,High
FRA,Medium,Industrials,Industrial Services,"Deux-Sèvres, Poitou-Charentes, Nouvelle-Aquitaine, FRA",FRI33,,,Name3439577,False,False,True,High
FRA,Medium,Industrials,Industrial Services,"Deux-Sèvres, Poitou-Charentes, Nouvelle-Aquitaine, FRA",FRI33,,,Name3439578,False,True,False,Medium
FRA,Medium,Industrials,Industrial Services,"Deux-Sèvres, Poitou-Charentes, Nouvelle-Aquitaine, FRA",FRI33,,,Name3439579,True,True,False,Severe
FRA,Medium,Industrials,Industrial Services,"Deux-Sèvres, Poitou-Charentes, Nouvelle-Aquitaine, FRA",FRI33,,,Name3439580,True,False,False,Severe
FRA,Medium,Consumer Services,Retail,"Deux-Sèvres, Poitou-Charentes, Nouvelle-Aquitaine, FRA",FRI33,,,Name3439581,False,True,True,Medium
FRA,Medium,Consumer Services,Retail,"Deux-Sèvres, Poitou-Charentes, Nouvelle-Aquitaine, FRA",FRI33,,,Name3439582,True,True,False,Medium
FRA,Medium,Consumer Services,Retail,"Deux-Sèvres, Poitou-Charentes, Nouvelle-Aquitaine, FRA",FRI33,,,Name3439583,True,True,False,Severe
FRA,Medium,Consumer Services,Retail,"Deux-Sèvres, Poitou-Charentes, Nouvelle-Aquitaine, FRA",FRI33,,,Name3439584,False,True,True,Medium
FRA,Medium,Consumer Services,Retail,"Deux-Sèvres, Poitou-Charentes, Nouvelle-Aquitaine, FRA",FRI33,,,Name3439585,True,True,False,Severe
FRA,Medium,Consumer Services,Retail,"Deux-Sèvres, Poitou-Charentes, Nouvelle-Aquitaine, FRA",FRI33,,,Name3439586,True,True,False,High
FRA,Medium,Consumer Services,Retail,"Deux-Sèvres, Poitou-Charentes, Nouvelle-Aquitaine, FRA",FRI33,,,Name3439588,True,True,False,Medium
FRA,Medium,Consumer Services,Retail,"Deux-Sèvres, Poitou-Charentes, Nouvelle-Aquitaine, FRA",FRI33,,,Name3439589,True,False,False,High
FRA,Medium,Consumer Services,Retail,"Deux-Sèvres, Poitou-Charentes, Nouvelle-Aquitaine, FRA",FRI33,,,Name3439590,True,True,False,Medium
FRA,Medium,Consumer Services,Travel & Leisure,"Deux-Sèvres, Poitou-Charentes, Nouvelle-Aquitaine, FRA",FRI33,,,Name3439591,False,False,True,Medium
FRA,Medium,Consumer Services,Travel & Leisure,"Deux-Sèvres, Poitou-Charentes, Nouvelle-Aquitaine, FRA",FRI33,,,Name3439592,True,False,False,High
FRA,Medium,Consumer Services,Travel & Leisure,"Deux-Sèvres, Poitou-Charentes, Nouvelle-Aquitaine, FRA",FRI33,,,Name3439593,True,True,False,Low
FRA,Medium,Consumer Services,Travel & Leisure,"Deux-Sèvres, Poitou-Charentes, Nouvelle-Aquitaine, FRA",FRI33,,,Name3439594,False,True,True,Medium
FRA,Medium,Consumer Services,Travel & Leisure,"Deux-Sèvres, Poitou-Charentes, Nouvelle-Aquitaine, FRA",FRI33,,,Name3439595,True,True,False,Medium
FRA,Medium,Consumer Services,Travel & Leisure,"Deux-Sèvres, Poitou-Charentes, Nouvelle-Aquitaine, FRA",FRI33,,,Name3439597,True,False,False,Medium
FRA,Medium,Consumer Services,Travel & Leisure,"Deux-Sèvres, Poitou-Charentes, Nouvelle-Aquitaine, FRA",FRI33,,,Name3439599,True,False,False,Low
FRA,Medium,Consumer Services,Travel & Leisure,"Deux-Sèvres, Poitou-Charentes, Nouvelle-Aquitaine, FRA",FRI33,,,Name3439600,True,False,False,High
FRA,Medium,Consumer Services,Travel & Leisure,"Deux-Sèvres, Poitou-Charentes, Nouvelle-Aquitaine, FRA",FRI33,,,Name3439601,False,True,True,Medium
FRA,Medium,Consumer Services,Travel & Leisure,"Deux-Sèvres, Poitou-Charentes, Nouvelle-Aquitaine, FRA",FRI33,,,Name3439602,False,True,False,High
FRA,Medium,Consumer Services,Travel & Leisure,"Deux-Sèvres, Poitou-Charentes, Nouvelle-Aquitaine, FRA",FRI33,,,Name3439603,True,False,False,Medium
FRA,Medium,Consumer Services,Travel & Leisure,"Deux-Sèvres, Poitou-Charentes, Nouvelle-Aquitaine, FRA",FRI33,,,Name3439605,False,True,True,Medium
FRA,Medium,Consumer Services,Travel & Leisure,"Deux-Sèvres, Poitou-Charentes, Nouvelle-Aquitaine, FRA",FRI33,,,Name3439606,False,True,False,Severe
FRA,Medium,Consumer Services,Travel & Leisure,"Deux-Sèvres, Poitou-Charentes, Nouvelle-Aquitaine, FRA",FRI33,,,Name3439607,False,True,True,High
FRA,Medium,Consumer Services,Travel & Leisure,"Deux-Sèvres, Poitou-Charentes, Nouvelle-Aquitaine, FRA",FRI33,,,Name3439608,True,False,False,Low
FRA,Medium,Consumer Services,Travel & Leisure,"Deux-Sèvres, Poitou-Charentes, Nouvelle-Aquitaine, FRA",FRI33,,,Name3439609,True,True,False,Severe
FRA,Medium,Consumer Services,Travel & Leisure,"Deux-Sèvres, Poitou-Charentes, Nouvelle-Aquitaine, FRA",FRI33,,,Name3439610,True,False,False,High
FRA,Medium,Consumer Services,Travel & Leisure,"Deux-Sèvres, Poitou-Charentes, Nouvelle-Aquitaine, FRA",FRI33,,,Name3439611,True,False,False,Medium
FRA,Medium,Consumer Services,Travel & Leisure,"Deux-Sèvres, Poitou-Charentes, Nouvelle-Aquitaine, FRA",FRI33,,,Name3439613,True,False,False,High
FRA,Medium,Consumer Services,Travel & Leisure,"Deux-Sèvres, Poitou-Charentes, Nouvelle-Aquitaine, FRA",FRI33,,,Name3439614,True,False,False,Medium
FRA,Medium,Consumer Services,Travel & Leisure,"Deux-Sèvres, Poitou-Charentes, Nouvelle-Aquitaine, FRA",FRI33,,,Name3439615,True,False,False,High
FRA,Medium,Consumer Services,Travel & Leisure,"Deux-Sèvres, Poitou-Charentes, Nouvelle-Aquitaine, FRA",FRI33,,,Name3439616,True,False,False,High
FRA,Medium,Consumer Services,Travel & Leisure,"Deux-Sèvres, Poitou-Charentes, Nouvelle-Aquitaine, FRA",FRI33,,,Name3439617,True,False,False,Low
FRA,Medium,Consumer Services,Media,"Deux-Sèvres, Poitou-Charentes, Nouvelle-Aquitaine, FRA",FRI33,,,Name3439618,True,True,False,Low
FRA,Medium,Consumer Services,Media,"Deux-Sèvres, Poitou-Charentes, Nouvelle-Aquitaine, FRA",FRI33,,,Name3439619,True,True,False,Low
FRA,Medium,Consumer Services,Media,"Deux-Sèvres, Poitou-Charentes, Nouvelle-Aquitaine, FRA",FRI33,,,Name3439620,False,False,True,Medium
FRA,Medium,Consumer Services,Media,"Deux-Sèvres, Poitou-Charentes, Nouvelle-Aquitaine, FRA",FRI33,,,Name3439621,True,True,False,High
FRA,Medium,Consumer Services,Media,"Deux-Sèvres, Poitou-Charentes, Nouvelle-Aquitaine, FRA",FRI33,,,Name3439622,False,True,True,High
FRA,Medium,Consumer Services,Media,"Deux-Sèvres, Poitou-Charentes, Nouvelle-Aquitaine, FRA",FRI33,,,Name3439623,False,False,True,Low
FRA,Medium,Consumer Services,Media,"Deux-Sèvres, Poitou-Charentes, Nouvelle-Aquitaine, FRA",FRI33,,,Name3439624,False,True,False,Medium
FRA,Medium,Consumer Services,Media,"Deux-Sèvres, Poitou-Charentes, Nouvelle-Aquitaine, FRA",FRI33,,,Name3439625,False,False,True,Low
FRA,Medium,Consumer Services,Media,"Deux-Sèvres, Poitou-Charentes, Nouvelle-Aquitaine, FRA",FRI33,,,Name3439626,True,True,False,Medium
FRA,Medium,Consumer Services,Media,"Deux-Sèvres, Poitou-Charentes, Nouvelle-Aquitaine, FRA",FRI33,,,Name3439627,False,True,False,Severe
FRA,Medium,Consumer Services,Media,"Deux-Sèvres, Poitou-Charentes, Nouvelle-Aquitaine, FRA",FRI33,,,Name3439628,False,True,True,Severe
FRA,Medium,Consumer Services,Media,"Deux-Sèvres, Poitou-Charentes, Nouvelle-Aquitaine, FRA",FRI33,,,Name3439629,True,True,False,Severe
FRA,Medium,Consumer Services,Media,"Deux-Sèvres, Poitou-Charentes, Nouvelle-Aquitaine, FRA",FRI33,,,Name3439630,True,False,False,Low
FRA,Medium,Consumer Services,Media,"Deux-Sèvres, Poitou-Charentes, Nouvelle-Aquitaine, FRA",FRI33,,,Name3439631,True,False,False,Severe
FRA,Medium,Consumer Services,Media,"Deux-Sèvres, Poitou-Charentes, Nouvelle-Aquitaine, FRA",FRI33,,,Name3439632,True,True,False,Low
FRA,Medium,Consumer Services,Media,"Deux-Sèvres, Poitou-Charentes, Nouvelle-Aquitaine, FRA",FRI33,,,Name3439633,True,False,False,High
FRA,Medium,Transportation,Airlines,"Deux-Sèvres, Poitou-Charentes, Nouvelle-Aquitaine, FRA",FRI33,,,Name3439634,False,True,True,High
FRA,Medium,Transportation,Airlines,"Deux-Sèvres, Poitou-Charentes, Nouvelle-Aquitaine, FRA",FRI33,,,Name3439635,False,True,True,Medium
FRA,Medium,Transportation,Airlines,"Deux-Sèvres, Poitou-Charentes, Nouvelle-Aquitaine, FRA",FRI33,,,Name3439637,True,False,False,Medium
FRA,Medium,Transportation,Airlines,"Deux-Sèvres, Poitou-Charentes, Nouvelle-Aquitaine, FRA",FRI33,,,Name3439639,True,False,False,High
FRA,Medium,Transportation,Airlines,"Deux-Sèvres, Poitou-Charentes, Nouvelle-Aquitaine, FRA",FRI33,,,Name3439640,True,True,False,High
FRA,Medium,Transportation,Airlines,"Deux-Sèvres, Poitou-Charentes, Nouvelle-Aquitaine, FRA",FRI33,,,Name3439641,False,True,False,Severe
FRA,Medium,Transportation,Airlines,"Deux-Sèvres, Poitou-Charentes, Nouvelle-Aquitaine, FRA",FRI33,,,Name3439642,True,True,False,Severe
FRA,Medium,Transportation,Airlines,"Deux-Sèvres, Poitou-Charentes, Nouvelle-Aquitaine, FRA",FRI33,,,Name3439643,True,False,False,Medium
FRA,Medium,Transportation,Airlines,"Deux-Sèvres, Poitou-Charentes, Nouvelle-Aquitaine, FRA",FRI33,,,Name3439644,False,False,True,Low
FRA,Medium,Transportation,Airlines,"Deux-Sèvres, Poitou-Charentes, Nouvelle-Aquitaine, FRA",FRI33,,,Name3439646,False,True,True,Severe
FRA,Medium,Transportation,Airlines,"Deux-Sèvres, Poitou-Charentes, Nouvelle-Aquitaine, FRA",FRI33,,,Name3439647,False,True,True,Low
FRA,Medium,Transportation,Airlines,"Deux-Sèvres, Poitou-Charentes, Nouvelle-Aquitaine, FRA",FRI33,,,Name3439648,False,True,True,High
FRA,Medium,Transportation,Airlines,"Deux-Sèvres, Poitou-Charentes, Nouvelle-Aquitaine, FRA",FRI33,,,Name3439649,True,True,False,Severe
FRA,Medium,Transportation,Airlines,"Deux-Sèvres, Poitou-Charentes, Nouvelle-Aquitaine, FRA",FRI33,,,Name3439650,True,True,False,Severe
FRA,Medium,Transportation,Airlines,"Deux-Sèvres, Poitou-Charentes, Nouvelle-Aquitaine, FRA",FRI33,,,Name3439651,False,True,True,Severe
FRA,Medium,Transportation,Airlines,"Deux-Sèvres, Poitou-Charentes, Nouvelle-Aquitaine, FRA",FRI33,,,Name3439652,True,False,False,High
FRA,Medium,Transportation,Airlines,"Deux-Sèvres, Poitou-Charentes, Nouvelle-Aquitaine, FRA",FRI33,,,Name3439653,True,False,False,Medium
FRA,Medium,Transportation,Airlines,"Deux-Sèvres, Poitou-Charentes, Nouvelle-Aquitaine, FRA",FRI33,,,Name3439654,True,False,False,Low
FRA,Medium,Transportation,Airlines,"Deux-Sèvres, Poitou-Charentes, Nouvelle-Aquitaine, FRA",FRI33,,,Name3439655,True,False,False,High
FRA,Medium,Transportation,Airlines,"Deux-Sèvres, Poitou-Charentes, Nouvelle-Aquitaine, FRA",FRI33,,,Name3439656,True,True,False,Severe
FRA,Medium,Transportation,Airlines,"Deux-Sèvres, Poitou-Charentes, Nouvelle-Aquitaine, FRA",FRI33,,,Name3439657,False,True,False,Severe
FRA,Medium,Transportation,Airlines,"Deux-Sèvres, Poitou-Charentes, Nouvelle-Aquitaine, FRA",FRI33,,,Name3439658,True,False,False,High
FRA,Medium,Transportation,Airlines,"Deux-Sèvres, Poitou-Charentes, Nouvelle-Aquitaine, FRA",FRI33,,,Name3439659,True,False,False,Severe
FRA,Medium,Transportation,Airlines,"Deux-Sèvres, Poitou-Charentes, Nouvelle-Aquitaine, FRA",FRI33,,,Name3439660,True,False,False,High
FRA,Medium,Transportation,Railroads,"Deux-Sèvres, Poitou-Charentes, Nouvelle-Aquitaine, FRA",FRI33,,,Name3439662,True,False,False,High
FRA,Medium,Transportation,Railroads,"Deux-Sèvres, Poitou-Charentes, Nouvelle-Aquitaine, FRA",FRI33,,,Name3439663,True,True,False,Severe
FRA,Medium,Transportation,Railroads,"Deux-Sèvres, Poitou-Charentes, Nouvelle-Aquitaine, FRA",FRI33,,,Name3439664,True,True,False,Severe
FRA,Medium,Transportation,Railroads,"Deux-Sèvres, Poitou-Charentes, Nouvelle-Aquitaine, FRA",FRI33,,,Name3439665,True,False,False,Low
FRA,Medium,Transportation,Railroads,"Deux-Sèvres, Poitou-Charentes, Nouvelle-Aquitaine, FRA",FRI33,,,Name3439666,False,False,True,Low
FRA,Medium,Transportation,Railroads,"Deux-Sèvres, Poitou-Charentes, Nouvelle-Aquitaine, FRA",FRI33,,,Name3439667,True,True,False,Severe
FRA,Medium,Transportation,Railroads,"Deux-Sèvres, Poitou-Charentes, Nouvelle-Aquitaine, FRA",FRI33,,,Name3439668,False,True,True,High
FRA,Medium,Transportation,Railroads,"Deux-Sèvres, Poitou-Charentes, Nouvelle-Aquitaine, FRA",FRI33,,,Name3439669,True,True,False,High
FRA,Medium,Transportation,Railroads,"Deux-Sèvres, Poitou-Charentes, Nouvelle-Aquitaine, FRA",FRI33,,,Name3439670,True,False,False,High
FRA,Medium,Transportation,Railroads,"Deux-Sèvres, Poitou-Charentes, Nouvelle-Aquitaine, FRA",FRI33,,,Name3439671,True,True,False,Medium
FRA,Medium,Transportation,Railroads,"Deux-Sèvres, Poitou-Charentes, Nouvelle-Aquitaine, FRA",FRI33,,,Name3439672,True,False,False,High
FRA,Medium,Transportation,Railroads,"Deux-Sèvres, Poitou-Charentes, Nouvelle-Aquitaine, FRA",FRI33,,,Name3439673,False,True,False,Low
FRA,Medium,Transportation,Railroads,"Deux-Sèvres, Poitou-Charentes, Nouvelle-Aquitaine, FRA",FRI33,,,Name3439674,True,True,False,Severe
FRA,Medium,Transportation,Railroads,"Deux-Sèvres, Poitou-Charentes, Nouvelle-Aquitaine, FRA",FRI33,,,Name3439675,True,True,False,High
FRA,Medium,Transportation,Railroads,"Deux-Sèvres, Poitou-Charentes, Nouvelle-Aquitaine, FRA",FRI33,,,Name3439676,True,False,False,Low
FRA,Medium,Transportation,Railroads,"Deux-Sèvres, Poitou-Charentes, Nouvelle-Aquitaine, FRA",FRI33,,,Name3439677,True,False,False,Low
FRA,Medium,Transportation,Railroads,"Deux-Sèvres, Poitou-Charentes, Nouvelle-Aquitaine, FRA",FRI33,,,Name3439678,True,True,False,High
FRA,Medium,Transportation,Railroads,"Deux-Sèvres, Poitou-Charentes, Nouvelle-Aquitaine, FRA",FRI33,,,Name3439679,False,False,True,High
FRA,Medium,Transportation,Railroads,"Deux-Sèvres, Poitou-Charentes, Nouvelle-Aquitaine, FRA",FRI33,,,Name3439680,True,True,False,Severe
FRA,Medium,Transportation,Railroads,"Deux-Sèvres, Poitou-Charentes, Nouvelle-Aquitaine, FRA",FRI33,,,Name3439683,True,True,False,High
FRA,Medium,Transportation,Railroads,"Deux-Sèvres, Poitou-Charentes, Nouvelle-Aquitaine, FRA",FRI33,,,Name3439684,True,True,False,Severe
FRA,Medium,Transportation,Railroads,"Deux-Sèvres, Poitou-Charentes, Nouvelle-Aquitaine, FRA",FRI33,,,Name3439685,True,False,False,Low
FRA,Medium,Transportation,Railroads,"Deux-Sèvres, Poitou-Charentes, Nouvelle-Aquitaine, FRA",FRI33,,,Name3439686,True,False,False,High
FRA,Medium,Transportation,Railroads,"Deux-Sèvres, Poitou-Charentes, Nouvelle-Aquitaine, FRA",FRI33,,,Name3439687,False,False,True,Severe
FRA,Medium,Transportation,Railroads,"Deux-Sèvres, Poitou-Charentes, Nouvelle-Aquitaine, FRA",FRI33,,,Name3439689,False,True,True,Low
FRA,Medium,Transportation,Railroads,"Deux-Sèvres, Poitou-Charentes, Nouvelle-Aquitaine, FRA",FRI33,,,Name3439690,False,False,True,Severe
FRA,Medium,Transportation,Railroads,"Deux-Sèvres, Poitou-Charentes, Nouvelle-Aquitaine, FRA",FRI33,,,Name3439691,True,False,False,Medium
FRA,Medium,Transportation,Railroads,"Deux-Sèvres, Poitou-Charentes, Nouvelle-Aquitaine, FRA",FRI33,,,Name3439692,True,False,False,High
FRA,Medium,Transportation,Railroads,"Deux-Sèvres, Poitou-Charentes, Nouvelle-Aquitaine, FRA",FRI33,,,Name3439694,True,True,False,Medium
FRA,Medium,Transportation,Logistics,"Deux-Sèvres, Poitou-Charentes, Nouvelle-Aquitaine, FRA",FRI33,,,Name3439695,True,False,False,Severe
FRA,Medium,Transportation,Logistics,"Deux-Sèvres, Poitou-Charentes, Nouvelle-Aquitaine, FRA",FRI33,,,Name3439696,True,True,False,Medium
FRA,Medium,Transportation,Logistics,"Deux-Sèvres, Poitou-Charentes, Nouvelle-Aquitaine, FRA",FRI33,,,Name3439697,False,True,True,High
FRA,Medium,Transportation,Logistics,"Deux-Sèvres, Poitou-Charentes, Nouvelle-Aquitaine, FRA",FRI33,,,Name3439698,False,False,True,Medium
FRA,Medium,Transportation,Logistics,"Deux-Sèvres, Poitou-Charentes, Nouvelle-Aquitaine, FRA",FRI33,,,Name3439700,True,True,False,Medium
FRA,Medium,Transportation,Logistics,"Deux-Sèvres, Poitou-Charentes, Nouvelle-Aquitaine, FRA",FRI33,,,Name3439702,False,True,False,Low
FRA,Medium,Transportation,Logistics,"Deux-Sèvres, Poitou-Charentes, Nouvelle-Aquitaine, FRA",FRI33,,,Name3439703,True,True,False,Severe
FRA,Medium,Transportation,Logistics,"Deux-Sèvres, Poitou-Charentes, Nouvelle-Aquitaine, FRA",FRI33,,,Name3439704,True,False,False,Severe
FRA,Medium,Transportation,Logistics,"Deux-Sèvres, Poitou-Charentes, Nouvelle-Aquitaine, FRA",FRI33,,,Name3439705,True,True,False,Medium
FRA,Small,Technology,Software,"Deux-Sèvres, Poitou-Charentes, Nouvelle-Aquitaine, FRA",FRI33,,,Name3439706,False,True,True,Medium
FRA,Small,Technology,Software,"Deux-Sèvres, Poitou-Charentes, Nouvelle-Aquitaine, FRA",FRI33,,,Name3439707,True,False,False,Severe
FRA,Small,Technology,Software,"Deux-Sèvres, Poitou-Charentes, Nouvelle-Aquitaine, FRA",FRI33,,,Name3439708,False,False,True,Medium
FRA,Small,Technology,Software,"Deux-Sèvres, Poitou-Charentes, Nouvelle-Aquitaine, FRA",FRI33,,,Name3439709,False,False,True,Low
FRA,Small,Technology,Software,"Deux-Sèvres, Poitou-Charentes, Nouvelle-Aquitaine, FRA",FRI33,,,Name3439711,True,False,False,Severe
FRA,Small,Technology,Software,"Deux-Sèvres, Poitou-Charentes, Nouvelle-Aquitaine, FRA",FRI33,,,Name3439712,True,True,False,Low
FRA,Small,Technology,Software,"Deux-Sèvres, Poitou-Charentes, Nouvelle-Aquitaine, FRA",FRI33,,,Name3439713,True,False,False,High
FRA,Small,Technology,Software,"Deux-Sèvres, Poitou-Charentes, Nouvelle-Aquitaine, FRA",FRI33,,,Name3439714,True,True,False,Medium
FRA,Small,Technology,Software,"Deux-Sèvres, Poitou-Charentes, Nouvelle-Aquitaine, FRA",FRI33,,,Name3439715,False,True,True,Medium
FRA,Small,Technology,Software,"Deux-Sèvres, Poitou-Charentes, Nouvelle-Aquitaine, FRA",FRI33,,,Name3439716,True,True,False,Medium
FRA,Small,Technology,Software,"Deux-Sèvres, Poitou-Charentes, Nouvelle-Aquitaine, FRA",FRI33,,,Name3439717,True,False,False,Low
FRA,Small,Technology,Software,"Deux-Sèvres, Poitou-Charentes, Nouvelle-Aquitaine, FRA",FRI33,,,Name3439718,True,True,False,Medium
FRA,Small,Technology,Software,"Deux-Sèvres, Poitou-Charentes, Nouvelle-Aquitaine, FRA",FRI33,,,Name3439719,False,True,False,Low
FRA,Small,Technology,Software,"Deux-Sèvres, Poitou-Charentes, Nouvelle-Aquitaine, FRA",FRI33,,,Name3439721,False,True,False,Low
FRA,Small,Technology,Software,"Deux-Sèvres, Poitou-Charentes, Nouvelle-Aquitaine, FRA",FRI33,,,Name3439722,True,False,False,Medium
FRA,Small,Technology,Software,"Deux-Sèvres, Poitou-Charentes, Nouvelle-Aquitaine, FRA",FRI33,,,Name3439723,True,False,False,Severe
FRA,Small,Technology,Software,"Deux-Sèvres, Poitou-Charentes, Nouvelle-Aquitaine, FRA",FRI33,,,Name3439725,True,False,False,Low
FRA,Small,Technology,Software,"Deux-Sèvres, Poitou-Charentes, Nouvelle-Aquitaine, FRA",FRI33,,,Name3439726,False,True,True,High
FRA,Small,Technology,Software,"Deux-Sèvres, Poitou-Charentes, Nouvelle-Aquitaine, FRA",FRI33,,,Name3439728,False,False,True,High
FRA,Small,Technology,Software,"Deux-Sèvres, Poitou-Charentes, Nouvelle-Aquitaine, FRA",FRI33,,,Name3439729,True,True,False,Medium
FRA,Small,Technology,Hardware,"Deux-Sèvres, Poitou-Charentes, Nouvelle-Aquitaine, FRA",FRI33,,,Name3439730,True,False,False,Medium
FRA,Small,Technology,Hardware,"Deux-Sèvres, Poitou-Charentes, Nouvelle-Aquitaine, FRA",FRI33,,,Name3439731,False,True,False,High
FRA,Small,Technology,Hardware,"Deux-Sèvres, Poitou-Charentes, Nouvelle-Aquitaine, FRA",FRI33,,,Name3439732,True,False,False,Severe
FRA,Small,Technology,Hardware,"Deux-Sèvres, Poitou-Charentes, Nouvelle-Aquitaine, FRA",FRI33,,,Name3439733,True,False,False,High
FRA,Small,Technology,Hardware,"Deux-Sèvres, Poitou-Charentes, Nouvelle-Aquitaine, FRA",FRI33,,,Name3439734,False,True,True,Medium
FRA,Small,Technology,Hardware,"Deux-Sèvres, Poitou-Charentes, Nouvelle-Aquitaine, FRA",FRI33,,,Name3439735,True,True,False,Low
FRA,Small,Technology,Hardware,"Deux-Sèvres, Poitou-Charentes, Nouvelle-Aquitaine, FRA",FRI33,,,Name3439736,False,False,True,Low
FRA,Small,Technology,IT Services,"Deux-Sèvres, Poitou-Charentes, Nouvelle-Aquitaine, FRA",FRI33,,,Name3439739,False,True,False,Low
FRA,Small,Technology,IT Services,"Deux-Sèvres, Poitou-Charentes, Nouvelle-Aquitaine, FRA",FRI33,,,Name3439740,False,True,True,High
FRA,Small,Technology,IT Services,"Deux-Sèvres, Poitou-Charentes, Nouvelle-Aquitaine, FRA",FRI33,,,Name3439742,True,True,False,Severe
FRA,Small,Technology,IT Services,"Deux-Sèvres, Poitou-Charentes, Nouvelle-Aquitaine, FRA",FRI33,,,Name3439743,True,True,False,High
FRA,Small,Technology,IT Services,"Deux-Sèvres, Poitou-Charentes, Nouvelle-Aquitaine, FRA",FRI33,,,Name3439745,True,False,False,Severe
FRA,Small,Technology,IT Services,"Deux-Sèvres, Poitou-Charentes, Nouvelle-Aquitaine, FRA",FRI33,,,Name3439746,True,False,False,Medium
FRA,Small,Technology,IT Services,"Deux-Sèvres, Poitou-Charentes, Nouvelle-Aquitaine, FRA",FRI33,,,Name3439747,True,True,False,Severe
FRA,Small,Technology,IT Services,"Deux-Sèvres, Poitou-Charentes, Nouvelle-Aquitaine, FRA",FRI33,,,Name3439748,False,True,True,High
FRA,Small,Technology,IT Services,"Deux-Sèvres, Poitou-Charentes, Nouvelle-Aquitaine, FRA",FRI33,,,Name3439749,True,True,False,Low
FRA,Small,Technology,IT Services,"Deux-Sèvres, Poitou-Charentes, Nouvelle-Aquitaine, FRA",FRI33,,,Name3439751,True,True,False,Severe
FRA,Small,Technology,IT Services,"Deux-Sèvres, Poitou-Charentes, Nouvelle-Aquitaine, FRA",FRI33,,,Name3439752,True,True,False,Severe
FRA,Small,Technology,IT Services,"Deux-Sèvres, Poitou-Charentes, Nouvelle-Aquitaine, FRA",FRI33,,,Name3439754,False,True,True,Severe
FRA,Small,Technology,IT Services,"Deux-Sèvres, Poitou-Charentes, Nouvelle-Aquitaine, FRA",FRI33,,,Name3439755,False,False,True,High
FRA,Small,Technology,IT Services,"Deux-Sèvres, Poitou-Charentes, Nouvelle-Aquitaine, FRA",FRI33,,,Name3439756,True,False,False,Medium
FRA,Small,Technology,IT Services,"Deux-Sèvres, Poitou-Charentes, Nouvelle-Aquitaine, FRA",FRI33,,,Name3439757,False,True,True,High
FRA,Small,Technology,IT Services,"Deux-Sèvres, Poitou-Charentes, Nouvelle-Aquitaine, FRA",FRI33,,,Name3439758,True,False,False,Low
FRA,Small,Technology,IT Services,"Deux-Sèvres, Poitou-Charentes, Nouvelle-Aquitaine, FRA",FRI33,,,Name3439759,True,True,False,Severe
FRA,Small,Technology,IT Services,"Deux-Sèvres, Poitou-Charentes, Nouvelle-Aquitaine, FRA",FRI33,,,Name3439760,True,False,False,High
FRA,Small,Technology,IT Services,"Deux-Sèvres, Poitou-Charentes, Nouvelle-Aquitaine, FRA",FRI33,,,Name3439761,True,False,False,Severe
FRA,Small,Technology,IT Services,"Deux-Sèvres, Poitou-Charentes, Nouvelle-Aquitaine, FRA",FRI33,,,Name3439762,False,False,True,High
FRA,Small,Technology,IT Services,"Deux-Sèvres, Poitou-Charentes, Nouvelle-Aquitaine, FRA",FRI33,,,Name3439763,False,True,True,Medium
FRA,Small,Technology,IT Services,"Deux-Sèvres, Poitou-Charentes, Nouvelle-Aquitaine, FRA",FRI33,,,Name3439764,True,True,False,Medium
FRA,Small,Technology,IT Services,"Deux-Sèvres, Poitou-Charentes, Nouvelle-Aquitaine, FRA",FRI33,,,Name3439765,True,True,False,Medium
FRA,Small,Technology,IT Services,"Deux-Sèvres, Poitou-Charentes, Nouvelle-Aquitaine, FRA",FRI33,,,Name3439766,True,True,False,High
FRA,Small,Technology,IT Services,"Deux-Sèvres, Poitou-Charentes, Nouvelle-Aquitaine, FRA",FRI33,,,Name3439767,False,False,True,Medium
FRA,Small,Technology,IT Services,"Deux-Sèvres, Poitou-Charentes, Nouvelle-Aquitaine, FRA",FRI33,,,Name3439768,True,True,False,Severe
FRA,Small,Technology,IT Services,"Deux-Sèvres, Poitou-Charentes, Nouvelle-Aquitaine, FRA",FRI33,,,Name3439769,True,True,False,High
FRA,Small,Technology,IT Services,"Deux-Sèvres, Poitou-Charentes, Nouvelle-Aquitaine, FRA",FRI33,,,Name3439770,False,False,True,Severe
FRA,Small,Technology,IT Services,"Deux-Sèvres, Poitou-Charentes, Nouvelle-Aquitaine, FRA",FRI33,,,Name3439771,True,True,False,Low
FRA,Small,Technology,IT Services,"Deux-Sèvres, Poitou-Charentes, Nouvelle-Aquitaine, FRA",FRI33,,,Name3439772,True,True,False,Low
FRA,Small,Technology,IT Services,"Deux-Sèvres, Poitou-Charentes, Nouvelle-Aquitaine, FRA",FRI33,,,Name3439773,True,False,False,High
FRA,Small,Technology,IT Services,"Deux-Sèvres, Poitou-Charentes, Nouvelle-Aquitaine, FRA",FRI33,,,Name3439774,False,True,False,High
FRA,Small,Technology,IT Services,"Deux-Sèvres, Poitou-Charentes, Nouvelle-Aquitaine, FRA",FRI33,,,Name3439775,True,True,False,High
FRA,Small,Technology,IT Services,"Deux-Sèvres, Poitou-Charentes, Nouvelle-Aquitaine, FRA",FRI33,,,Name3439776,False,False,True,Low
FRA,Small,Technology,IT Services,"Deux-Sèvres, Poitou-Charentes, Nouvelle-Aquitaine, FRA",FRI33,,,Name3439777,True,True,False,High
FRA,Small,Technology,IT Services,"Deux-Sèvres, Poitou-Charentes, Nouvelle-Aquitaine, FRA",FRI33,,,Name3439779,True,True,False,Severe
FRA,Small,Technology,IT Services,"Deux-Sèvres, Poitou-Charentes, Nouvelle-Aquitaine, FRA",FRI33,,,Name3439780,True,True,False,Severe
FRA,Small,Technology,IT Services,"Deux-Sèvres, Poitou-Charentes, Nouvelle-Aquitaine, FRA",FRI33,,,Name3439781,False,True,False,Medium
FRA,Small,Healthcare,Pharmaceuticals,"Deux-Sèvres, Poitou-Charentes, Nouvelle-Aquitaine, FRA",FRI33,,,Name3439782,True,False,False,Medium
FRA,Small,Healthcare,Pharmaceuticals,"Deux-Sèvres, Poitou-Charentes, Nouvelle-Aquitaine, FRA",FRI33,,,Name3439783,True,True,False,Medium
FRA,Small,Healthcare,Pharmaceuticals,"Deux-Sèvres, Poitou-Charentes, Nouvelle-Aquitaine, FRA",FRI33,,,Name3439784,True,True,False,Medium
FRA,Small,Healthcare,Pharmaceuticals,"Deux-Sèvres, Poitou-Charentes, Nouvelle-Aquitaine, FRA",FRI33,,,Name3439785,True,True,False,Low
FRA,Small,Healthcare,Pharmaceuticals,"Deux-Sèvres, Poitou-Charentes, Nouvelle-Aquitaine, FRA",FRI33,,,Name3439787,False,True,True,Medium
FRA,Small,Healthcare,Pharmaceuticals,"Deux-Sèvres, Poitou-Charentes, Nouvelle-Aquitaine, FRA",FRI33,,,Name3439789,True,False,False,Severe
FRA,Small,Healthcare,Medical Devices,"Deux-Sèvres, Poitou-Charentes, Nouvelle-Aquitaine, FRA",FRI33,,,Name3439791,False,False,True,Low
FRA,Small,Healthcare,Medical Devices,"Deux-Sèvres, Poitou-Charentes, Nouvelle-Aquitaine, FRA",FRI33,,,Name3439792,False,True,False,Severe
FRA,Small,Healthcare,Medical Devices,"Deux-Sèvres, Poitou-Charentes, Nouvelle-Aquitaine, FRA",FRI33,,,Name3439793,False,True,False,High
FRA,Small,Healthcare,Medical Devices,"Deux-Sèvres, Poitou-Charentes, Nouvelle-Aquitaine, FRA",FRI33,,,Name3439794,False,False,True,High
FRA,Small,Healthcare,Medical Devices,"Deux-Sèvres, Poitou-Charentes, Nouvelle-Aquitaine, FRA",FRI33,,,Name3439795,False,False,True,High
FRA,Small,Healthcare,Medical Devices,"Deux-Sèvres, Poitou-Charentes, Nouvelle-Aquitaine, FRA",FRI33,,,Name3439796,False,True,True,Severe
FRA,Small,Healthcare,Medical Devices,"Deux-Sèvres, Poitou-Charentes, Nouvelle-Aquitaine, FRA",FRI33,,,Name3439797,False,False,True,Severe
FRA,Small,Healthcare,Medical Devices,"Deux-Sèvres, Poitou-Charentes, Nouvelle-Aquitaine, FRA",FRI33,,,Name3439799,True,False,False,High
FRA,Small,Healthcare,Medical Devices,"Deux-Sèvres, Poitou-Charentes, Nouvelle-Aquitaine, FRA",FRI33,,,Name3439800,True,False,False,High
FRA,Small,Healthcare,Medical Devices,"Deux-Sèvres, Poitou-Charentes, Nouvelle-Aquitaine, FRA",FRI33,,,Name3439801,True,False,False,Severe
FRA,Small,Healthcare,Medical Devices,"Deux-Sèvres, Poitou-Charentes, Nouvelle-Aquitaine, FRA",FRI33,,,Name3439802,True,True,False,Low
FRA,Small,Healthcare,Medical Devices,"Deux-Sèvres, Poitou-Charentes, Nouvelle-Aquitaine, FRA",FRI33,,,Name3439803,True,False,False,Severe
FRA,Small,Healthcare,Medical Devices,"Deux-Sèvres, Poitou-Charentes, Nouvelle-Aquitaine, FRA",FRI33,,,Name3439806,False,True,False,Severe
FRA,Small,Healthcare,Medical Devices,"Deux-Sèvres, Poitou-Charentes, Nouvelle-Aquitaine, FRA",FRI33,,,Name3439807,False,False,True,Low
FRA,Small,Healthcare,Medical Devices,"Deux-Sèvres, Poitou-Charentes, Nouvelle-Aquitaine, FRA",FRI33,,,Name3439808,True,True,False,High
FRA,Small,Healthcare,Medical Devices,"Deux-Sèvres, Poitou-Charentes, Nouvelle-Aquitaine, FRA",FRI33,,,Name3439809,False,True,False,High
FRA,Small,Healthcare,Medical Devices,"Deux-Sèvres, Poitou-Charentes, Nouvelle-Aquitaine, FRA",FRI33,,,Name3439810,True,True,False,Medium
FRA,Small,Healthcare,Medical Devices,"Deux-Sèvres, Poitou-Charentes, Nouvelle-Aquitaine, FRA",FRI33,,,Name3439811,False,False,True,Low
FRA,Small,Healthcare,Medical Devices,"Deux-Sèvres, Poitou-Charentes, Nouvelle-Aquitaine, FRA",FRI33,,,Name3439812,False,False,True,High
FRA,Small,Healthcare,Medical Devices,"Deux-Sèvres, Poitou-Charentes, Nouvelle-Aquitaine, FRA",FRI33,,,Name3439814,False,True,False,Low
FRA,Small,Healthcare,Medical Devices,"Deux-Sèvres, Poitou-Charentes, Nouvelle-Aquitaine, FRA",FRI33,,,Name3439815,True,False,False,Severe
FRA,Small,Healthcare,Medical Devices,"Deux-Sèvres, Poitou-Charentes, Nouvelle-Aquitaine, FRA",FRI33,,,Name3439816,True,True,False,Medium
FRA,Small,Healthcare,Medical Devices,"Deux-Sèvres, Poitou-Charentes, Nouvelle-Aquitaine, FRA",FRI33,,,Name3439817,True,False,False,Medium
FRA,Small,Healthcare,Medical Devices,"Deux-Sèvres, Poitou-Charentes, Nouvelle-Aquitaine, FRA",FRI33,,,Name3439818,True,True,False,Medium
FRA,Small,Healthcare,Healthcare Services,"Deux-Sèvres, Poitou-Charentes, Nouvelle-Aquitaine, FRA",FRI33,,,Name3439821,True,True,False,Low
FRA,Small,Healthcare,Healthcare Services,"Deux-Sèvres, Poitou-Charentes, Nouvelle-Aquitaine, FRA",FRI33,,,Name3439822,True,True,False,High
FRA,Small,Healthcare,Healthcare Services,"Deux-Sèvres, Poitou-Charentes, Nouvelle-Aquitaine, FRA",FRI33,,,Name3439823,False,True,True,Severe
FRA,Small,Healthcare,Healthcare Services,"Deux-Sèvres, Poitou-Charentes, Nouvelle-Aquitaine, FRA",FRI33,,,Name3439825,True,True,False,Medium
FRA,Small,Healthcare,Healthcare Services,"Deux-Sèvres, Poitou-Charentes, Nouvelle-Aquitaine, FRA",FRI33,,,Name3439826,False,False,True,Severe
FRA,Small,Healthcare,Healthcare Services,"Deux-Sèvres, Poitou-Charentes, Nouvelle-Aquitaine, FRA",FRI33,,,Name3439827,True,False,False,Medium
FRA,Small,Healthcare,Healthcare Services,"Deux-Sèvres, Poitou-Charentes, Nouvelle-Aquitaine, FRA",FRI33,,,Name3439829,True,True,False,Severe
FRA,Small,Healthcare,Healthcare Services,"Deux-Sèvres, Poitou-Charentes, Nouvelle-Aquitaine, FRA",FRI33,,,Name3439830,False,False,True,Severe
FRA,Small,Healthcare,Healthcare Services,"Deux-Sèvres, Poitou-Charentes, Nouvelle-Aquitaine, FRA",FRI33,,,Name3439831,True,True,False,Severe
FRA,Small,Healthcare,Healthcare Services,"Deux-Sèvres, Poitou-Charentes, Nouvelle-Aquitaine, FRA",FRI33,,,Name3439832,False,True,True,High
FRA,Small,Healthcare,Healthcare Services,"Deux-Sèvres, Poitou-Charentes, Nouvelle-Aquitaine, FRA",FRI33,,,Name3439833,False,True,False,Low
FRA,Small,Healthcare,Healthcare Services,"Deux-Sèvres, Poitou-Charentes, Nouvelle-Aquitaine, FRA",FRI33,,,Name3439834,False,False,True,Severe
FRA,Small,Healthcare,Healthcare Services,"Deux-Sèvres, Poitou-Charentes, Nouvelle-Aquitaine, FRA",FRI33,,,Name3439835,False,True,True,Severe
FRA,Small,Healthcare,Healthcare Services,"Deux-Sèvres, Poitou-Charentes, Nouvelle-Aquitaine, FRA",FRI33,,,Name3439836,False,True,False,Low
FRA,Small,Healthcare,Healthcare Services,"Deux-Sèvres, Poitou-Charentes, Nouvelle-Aquitaine, FRA",FRI33,,,Name3439837,True,True,False,High
FRA,Small,Healthcare,Healthcare Services,"Deux-Sèvres, Poitou-Charentes, Nouvelle-Aquitaine, FRA",FRI33,,,Name3439838,True,False,False,Severe
FRA,Small,Healthcare,Healthcare Services,"Deux-Sèvres, Poitou-Charentes, Nouvelle-Aquitaine, FRA",FRI33,,,Name3439839,False,False,True,Severe
FRA,Small,Healthcare,Healthcare Services,"Deux-Sèvres, Poitou-Charentes, Nouvelle-Aquitaine, FRA",FRI33,,,Name3439840,True,False,False,High
FRA,Small,Healthcare,Healthcare Services,"Deux-Sèvres, Poitou-Charentes, Nouvelle-Aquitaine, FRA",FRI33,,,Name3439841,False,True,True,Low
FRA,Small,Healthcare,Healthcare Services,"Deux-Sèvres, Poitou-Charentes, Nouvelle-Aquitaine, FRA",FRI33,,,Name3439842,False,False,True,High
FRA,Small,Healthcare,Healthcare Services,"Deux-Sèvres, Poitou-Charentes, Nouvelle-Aquitaine, FRA",FRI33,,,Name3439843,False,True,True,Medium
FRA,Small,Healthcare,Healthcare Services,"Deux-Sèvres, Poitou-Charentes, Nouvelle-Aquitaine, FRA",FRI33,,,Name3439845,True,False,False,Low
FRA,Small,Healthcare,Healthcare Services,"Deux-Sèvres, Poitou-Charentes, Nouvelle-Aquitaine, FRA",FRI33,,,Name3439846,False,False,True,Low
FRA,Small,Healthcare,Healthcare Services,"Deux-Sèvres, Poitou-Charentes, Nouvelle-Aquitaine, FRA",FRI33,,,Name3439847,False,True,True,High
FRA,Small,Healthcare,Healthcare Services,"Deux-Sèvres, Poitou-Charentes, Nouvelle-Aquitaine, FRA",FRI33,,,Name3439848,False,True,True,Medium
FRA,Small,Healthcare,Healthcare Services,"Deux-Sèvres, Poitou-Charentes, Nouvelle-Aquitaine, FRA",FRI33,,,Name3439849,False,False,True,Medium
FRA,Small,Healthcare,Healthcare Services,"Deux-Sèvres, Poitou-Charentes, Nouvelle-Aquitaine, FRA",FRI33,,,Name3439851,False,True,False,Severe
FRA,Small,Healthcare,Healthcare Services,"Deux-Sèvres, Poitou-Charentes, Nouvelle-Aquitaine, FRA",FRI33,,,Name3439852,True,True,False,Medium
FRA,Small,Healthcare,Healthcare Services,"Deux-Sèvres, Poitou-Charentes, Nouvelle-Aquitaine, FRA",FRI33,,,Name3439853,False,True,False,Severe
FRA,Small,Healthcare,Healthcare Services,"Deux-Sèvres, Poitou-Charentes, Nouvelle-Aquitaine, FRA",FRI33,,,Name3439854,True,False,False,High
FRA,Small,Healthcare,Healthcare Services,"Deux-Sèvres, Poitou-Charentes, Nouvelle-Aquitaine, FRA",FRI33,,,Name3439855,True,True,False,Severe
FRA,Small,Healthcare,Healthcare Services,"Deux-Sèvres, Poitou-Charentes, Nouvelle-Aquitaine, FRA",FRI33,,,Name3439856,False,False,True,High
FRA,Small,Healthcare,Healthcare Services,"Deux-Sèvres, Poitou-Charentes, Nouvelle-Aquitaine, FRA",FRI33,,,Name3439857,True,True,False,Severe
FRA,Small,Healthcare,Healthcare Services,"Deux-Sèvres, Poitou-Charentes, Nouvelle-Aquitaine, FRA",FRI33,,,Name3439859,True,False,False,Low
FRA,Small,Healthcare,Healthcare Services,"Deux-Sèvres, Poitou-Charentes, Nouvelle-Aquitaine, FRA",FRI33,,,Name3439860,False,True,True,High
FRA,Small,Healthcare,Healthcare Services,"Deux-Sèvres, Poitou-Charentes, Nouvelle-Aquitaine, FRA",FRI33,,,Name3439861,True,False,False,Low
FRA,Small,Healthcare,Healthcare Services,"Deux-Sèvres, Poitou-Charentes, Nouvelle-Aquitaine, FRA",FRI33,,,Name3439862,True,False,False,Low
FRA,Small,Healthcare,Healthcare Services,"Deux-Sèvres, Poitou-Charentes, Nouvelle-Aquitaine, FRA",FRI33,,,Name3439863,False,False,True,High
FRA,Small,Healthcare,Healthcare Services,"Deux-Sèvres, Poitou-Charentes, Nouvelle-Aquitaine, FRA",FRI33,,,Name3439864,False,True,False,High
FRA,Small,Healthcare,Healthcare Services,"Deux-Sèvres, Poitou-Charentes, Nouvelle-Aquitaine, FRA",FRI33,,,Name3439866,False,False,True,High
FRA,Small,Finance,Banking,"Deux-Sèvres, Poitou-Charentes, Nouvelle-Aquitaine, FRA",FRI33,,,Name3439867,False,True,True,Low
FRA,Small,Finance,Banking,"Deux-Sèvres, Poitou-Charentes, Nouvelle-Aquitaine, FRA",FRI33,,,Name3439868,False,False,True,Severe
FRA,Small,Finance,Banking,"Deux-Sèvres, Poitou-Charentes, Nouvelle-Aquitaine, FRA",FRI33,,,Name3439869,False,True,False,Low
FRA,Small,Finance,Banking,"Deux-Sèvres, Poitou-Charentes, Nouvelle-Aquitaine, FRA",FRI33,,,Name3439870,True,True,False,High
FRA,Small,Finance,Banking,"Deux-Sèvres, Poitou-Charentes, Nouvelle-Aquitaine, FRA",FRI33,,,Name3439871,False,True,True,Low
FRA,Small,Finance,Banking,"Deux-Sèvres, Poitou-Charentes, Nouvelle-Aquitaine, FRA",FRI33,,,Name3439872,False,True,False,Low
FRA,Small,Finance,Banking,"Deux-Sèvres, Poitou-Charentes, Nouvelle-Aquitaine, FRA",FRI33,,,Name3439873,False,False,True,Medium
FRA,Small,Finance,Banking,"Deux-Sèvres, Poitou-Charentes, Nouvelle-Aquitaine, FRA",FRI33,,,Name3439874,True,False,False,Low
FRA,Small,Finance,Banking,"Deux-Sèvres, Poitou-Charentes, Nouvelle-Aquitaine, FRA",FRI33,,,Name3439875,True,False,False,Severe
FRA,Small,Finance,Banking,"Deux-Sèvres, Poitou-Charentes, Nouvelle-Aquitaine, FRA",FRI33,,,Name3439876,True,True,False,Low
FRA,Small,Finance,Banking,"Deux-Sèvres, Poitou-Charentes, Nouvelle-Aquitaine, FRA",FRI33,,,Name3439877,True,False,False,Low
FRA,Small,Finance,Banking,"Deux-Sèvres, Poitou-Charentes, Nouvelle-Aquitaine, FRA",FRI33,,,Name3439878,True,False,False,Medium
FRA,Small,Finance,Banking,"Deux-Sèvres, Poitou-Charentes, Nouvelle-Aquitaine, FRA",FRI33,,,Name3439879,False,True,True,Low
FRA,Small,Finance,Banking,"Deux-Sèvres, Poitou-Charentes, Nouvelle-Aquitaine, FRA",FRI33,,,Name3439880,False,False,True,High
FRA,Small,Finance,Banking,"Deux-Sèvres, Poitou-Charentes, Nouvelle-Aquitaine, FRA",FRI33,,,Name3439881,True,False,False,High
FRA,Small,Finance,Banking,"Deux-Sèvres, Poitou-Charentes, Nouvelle-Aquitaine, FRA",FRI33,,,Name3439882,True,False,False,Medium
FRA,Small,Finance,Banking,"Deux-Sèvres, Poitou-Charentes, Nouvelle-Aquitaine, FRA",FRI33,,,Name3439883,True,True,False,Medium
FRA,Small,Finance,Banking,"Deux-Sèvres, Poitou-Charentes, Nouvelle-Aquitaine, FRA",FRI33,,,Name3439884,True,True,False,Medium
FRA,Small,Finance,Banking,"Deux-Sèvres, Poitou-Charentes, Nouvelle-Aquitaine, FRA",FRI33,,,Name3439885,False,True,True,High
FRA,Small,Finance,Banking,"Deux-Sèvres, Poitou-Charentes, Nouvelle-Aquitaine, FRA",FRI33,,,Name3439886,True,False,False,Medium
FRA,Small,Finance,Banking,"Deux-Sèvres, Poitou-Charentes, Nouvelle-Aquitaine, FRA",FRI33,,,Name3439887,False,True,False,Low
FRA,Small,Finance,Banking,"Deux-Sèvres, Poitou-Charentes, Nouvelle-Aquitaine, FRA",FRI33,,,Name3439888,False,True,True,High
FRA,Small,Finance,Banking,"Deux-Sèvres, Poitou-Charentes, Nouvelle-Aquitaine, FRA",FRI33,,,Name3439889,False,True,True,High
FRA,Small,Finance,Banking,"Deux-Sèvres, Poitou-Charentes, Nouvelle-Aquitaine, FRA",FRI33,,,Name3439891,True,True,False,High
FRA,Small,Finance,Banking,"Deux-Sèvres, Poitou-Charentes, Nouvelle-Aquitaine, FRA",FRI33,,,Name3439892,True,True,False,Low
FRA,Small,Finance,Banking,"Deux-Sèvres, Poitou-Charentes, Nouvelle-Aquitaine, FRA",FRI33,,,Name3439894,True,True,False,Severe
FRA,Small,Finance,Banking,"Deux-Sèvres, Poitou-Charentes, Nouvelle-Aquitaine, FRA",FRI33,,,Name3439895,True,False,False,Low
FRA,Small,Finance,Banking,"Deux-Sèvres, Poitou-Charentes, Nouvelle-Aquitaine, FRA",FRI33,,,Name3439896,True,True,False,Medium
FRA,Small,Finance,Banking,"Deux-Sèvres, Poitou-Charentes, Nouvelle-Aquitaine, FRA",FRI33,,,Name3439897,False,True,False,High
FRA,Small,Finance,Banking,"Deux-Sèvres, Poitou-Charentes, Nouvelle-Aquitaine, FRA",FRI33,,,Name3439898,True,True,False,Medium
FRA,Small,Finance,Insurance,"Deux-Sèvres, Poitou-Charentes, Nouvelle-Aquitaine, FRA",FRI33,,,Name3439900,True,False,False,High
FRA,Small,Finance,Insurance,"Deux-Sèvres, Poitou-Charentes, Nouvelle-Aquitaine, FRA",FRI33,,,Name3439901,True,True,False,High
FRA,Small,Finance,Insurance,"Deux-Sèvres, Poitou-Charentes, Nouvelle-Aquitaine, FRA",FRI33,,,Name3439902,True,False,False,Medium
FRA,Small,Finance,Insurance,"Deux-Sèvres, Poitou-Charentes, Nouvelle-Aquitaine, FRA",FRI33,,,Name3439903,True,True,False,Medium
FRA,Small,Finance,Insurance,"Deux-Sèvres, Poitou-Charentes, Nouvelle-Aquitaine, FRA",FRI33,,,Name3439904,False,True,True,High
FRA,Small,Finance,Insurance,"Deux-Sèvres, Poitou-Charentes, Nouvelle-Aquitaine, FRA",FRI33,,,Name3439905,True,True,False,Severe
FRA,Small,Finance,Insurance,"Deux-Sèvres, Poitou-Charentes, Nouvelle-Aquitaine, FRA",FRI33,,,Name3439906,True,False,False,Severe
FRA,Small,Finance,Insurance,"Deux-Sèvres, Poitou-Charentes, Nouvelle-Aquitaine, FRA",FRI33,,,Name3439907,True,True,False,Medium
FRA,Small,Finance,Insurance,"Deux-Sèvres, Poitou-Charentes, Nouvelle-Aquitaine, FRA",FRI33,,,Name3439909,True,True,False,High
FRA,Small,Finance,Insurance,"Deux-Sèvres, Poitou-Charentes, Nouvelle-Aquitaine, FRA",FRI33,,,Name3439911,True,False,False,Medium
FRA,Small,Finance,Insurance,"Deux-Sèvres, Poitou-Charentes, Nouvelle-Aquitaine, FRA",FRI33,,,Name3439912,True,True,False,Low
FRA,Small,Finance,Insurance,"Deux-Sèvres, Poitou-Charentes, Nouvelle-Aquitaine, FRA",FRI33,,,Name3439913,False,True,True,Severe
FRA,Small,Finance,Insurance,"Deux-Sèvres, Poitou-Charentes, Nouvelle-Aquitaine, FRA",FRI33,,,Name3439914,False,True,False,Low
FRA,Small,Finance,Insurance,"Deux-Sèvres, Poitou-Charentes, Nouvelle-Aquitaine, FRA",FRI33,,,Name3439915,True,True,False,Severe
FRA,Small,Finance,Insurance,"Deux-Sèvres, Poitou-Charentes, Nouvelle-Aquitaine, FRA",FRI33,,,Name3439917,True,True,False,Low
FRA,Small,Finance,Insurance,"Deux-Sèvres, Poitou-Charentes, Nouvelle-Aquitaine, FRA",FRI33,,,Name3439918,True,False,False,Severe
FRA,Small,Finance,Insurance,"Deux-Sèvres, Poitou-Charentes, Nouvelle-Aquitaine, FRA",FRI33,,,Name3439919,True,True,False,High
FRA,Small,Finance,Insurance,"Deux-Sèvres, Poitou-Charentes, Nouvelle-Aquitaine, FRA",FRI33,,,Name3439920,True,False,False,High
FRA,Small,Finance,Insurance,"Deux-Sèvres, Poitou-Charentes, Nouvelle-Aquitaine, FRA",FRI33,,,Name3439921,True,True,False,Severe
FRA,Small,Finance,Investment Services,"Deux-Sèvres, Poitou-Charentes, Nouvelle-Aquitaine, FRA",FRI33,,,Name3439922,False,True,False,Low
FRA,Small,Finance,Investment Services,"Deux-Sèvres, Poitou-Charentes, Nouvelle-Aquitaine, FRA",FRI33,,,Name3439923,True,True,False,Medium
FRA,Small,Finance,Investment Services,"Deux-Sèvres, Poitou-Charentes, Nouvelle-Aquitaine, FRA",FRI33,,,Name3439924,False,False,True,Medium
FRA,Small,Finance,Investment Services,"Deux-Sèvres, Poitou-Charentes, Nouvelle-Aquitaine, FRA",FRI33,,,Name3439925,False,False,True,Severe
FRA,Small,Finance,Investment Services,"Deux-Sèvres, Poitou-Charentes, Nouvelle-Aquitaine, FRA",FRI33,,,Name3439927,True,False,False,Medium
FRA,Small,Finance,Investment Services,"Deux-Sèvres, Poitou-Charentes, Nouvelle-Aquitaine, FRA",FRI33,,,Name3439929,True,False,False,High
FRA,Small,Finance,Investment Services,"Deux-Sèvres, Poitou-Charentes, Nouvelle-Aquitaine, FRA",FRI33,,,Name3439930,False,True,False,Severe
FRA,Small,Finance,Investment Services,"Deux-Sèvres, Poitou-Charentes, Nouvelle-Aquitaine, FRA",FRI33,,,Name3439931,True,True,False,Severe
FRA,Small,Finance,Investment Services,"Deux-Sèvres, Poitou-Charentes, Nouvelle-Aquitaine, FRA",FRI33,,,Name3439932,False,False,True,Severe
FRA,Small,Finance,Investment Services,"Deux-Sèvres, Poitou-Charentes, Nouvelle-Aquitaine, FRA",FRI33,,,Name3439935,True,True,False,Low
FRA,Small,Finance,Investment Services,"Deux-Sèvres, Poitou-Charentes, Nouvelle-Aquitaine, FRA",FRI33,,,Name3439936,False,True,True,Severe
FRA,Small,Finance,Investment Services,"Deux-Sèvres, Poitou-Charentes, Nouvelle-Aquitaine, FRA",FRI33,,,Name3439938,True,False,False,Low
FRA,Small,Finance,Investment Services,"Deux-Sèvres, Poitou-Charentes, Nouvelle-Aquitaine, FRA",FRI33,,,Name3439939,True,False,False,Medium
FRA,Small,Finance,Investment Services,"Deux-Sèvres, Poitou-Charentes, Nouvelle-Aquitaine, FRA",FRI33,,,Name3439941,False,True,False,Severe
FRA,Small,Finance,Investment Services,"Deux-Sèvres, Poitou-Charentes, Nouvelle-Aquitaine, FRA",FRI33,,,Name3439942,False,False,True,Low
FRA,Small,Finance,Investment Services,"Deux-Sèvres, Poitou-Charentes, Nouvelle-Aquitaine, FRA",FRI33,,,Name3439943,False,False,True,Low
FRA,Small,Finance,Investment Services,"Deux-Sèvres, Poitou-Charentes, Nouvelle-Aquitaine, FRA",FRI33,,,Name3439944,True,False,False,Medium
FRA,Small,Finance,Investment Services,"Deux-Sèvres, Poitou-Charentes, Nouvelle-Aquitaine, FRA",FRI33,,,Name3439945,True,True,False,Medium
FRA,Small,Finance,Investment Services,"Deux-Sèvres, Poitou-Charentes, Nouvelle-Aquitaine, FRA",FRI33,,,Name3439946,False,True,True,Low
FRA,Small,Finance,Investment Services,"Deux-Sèvres, Poitou-Charentes, Nouvelle-Aquitaine, FRA",FRI33,,,Name3439948,False,False,True,High
FRA,Small,Finance,Investment Services,"Deux-Sèvres, Poitou-Charentes, Nouvelle-Aquitaine, FRA",FRI33,,,Name3439949,False,True,False,Medium
FRA,Small,Finance,Investment Services,"Deux-Sèvres, Poitou-Charentes, Nouvelle-Aquitaine, FRA",FRI33,,,Name3439951,True,False,False,High
FRA,Small,Finance,Investment Services,"Deux-Sèvres, Poitou-Charentes, Nouvelle-Aquitaine, FRA",FRI33,,,Name3439952,True,False,False,High
FRA,Small,Finance,Investment Services,"Deux-Sèvres, Poitou-Charentes, Nouvelle-Aquitaine, FRA",FRI33,,,Name3439953,False,True,False,Medium
FRA,Small,Finance,Investment Services,"Deux-Sèvres, Poitou-Charentes, Nouvelle-Aquitaine, FRA",FRI33,,,Name3439954,True,False,False,Low
FRA,Small,Finance,Investment Services,"Deux-Sèvres, Poitou-Charentes, Nouvelle-Aquitaine, FRA",FRI33,,,Name3439955,True,True,False,High
FRA,Small,Finance,Investment Services,"Deux-Sèvres, Poitou-Charentes, Nouvelle-Aquitaine, FRA",FRI33,,,Name3439956,True,False,False,Low
FRA,Small,Finance,Investment Services,"Deux-Sèvres, Poitou-Charentes, Nouvelle-Aquitaine, FRA",FRI33,,,Name3439957,True,False,False,Low
FRA,Small,Finance,Investment Services,"Deux-Sèvres, Poitou-Charentes, Nouvelle-Aquitaine, FRA",FRI33,,,Name3439958,False,True,True,Severe
FRA,Small,Finance,Investment Services,"Deux-Sèvres, Poitou-Charentes, Nouvelle-Aquitaine, FRA",FRI33,,,Name3439959,False,True,True,Medium
FRA,Small,Finance,Investment Services,"Deux-Sèvres, Poitou-Charentes, Nouvelle-Aquitaine, FRA",FRI33,,,Name3439960,True,True,False,High
FRA,Small,Finance,Investment Services,"Deux-Sèvres, Poitou-Charentes, Nouvelle-Aquitaine, FRA",FRI33,,,Name3439961,False,True,False,Low
FRA,Small,Finance,Investment Services,"Deux-Sèvres, Poitou-Charentes, Nouvelle-Aquitaine, FRA",FRI33,,,Name3439962,True,False,False,Medium
FRA,Small,Finance,Investment Services,"Deux-Sèvres, Poitou-Charentes, Nouvelle-Aquitaine, FRA",FRI33,,,Name3439963,False,True,True,Medium
FRA,Small,Energy,Oil & Gas,"Deux-Sèvres, Poitou-Charentes, Nouvelle-Aquitaine, FRA",FRI33,,,Name3439964,True,False,False,High
FRA,Small,Energy,Oil & Gas,"Deux-Sèvres, Poitou-Charentes, Nouvelle-Aquitaine, FRA",FRI33,,,Name3439965,False,False,True,Low
FRA,Small,Energy,Oil & Gas,"Deux-Sèvres, Poitou-Charentes, Nouvelle-Aquitaine, FRA",FRI33,,,Name3439967,True,False,False,Low
FRA,Small,Energy,Oil & Gas,"Deux-Sèvres, Poitou-Charentes, Nouvelle-Aquitaine, FRA",FRI33,,,Name3439969,True,False,False,Severe
FRA,Small,Energy,Oil & Gas,"Deux-Sèvres, Poitou-Charentes, Nouvelle-Aquitaine, FRA",FRI33,,,Name3439970,False,False,True,Low
FRA,Small,Energy,Oil & Gas,"Deux-Sèvres, Poitou-Charentes, Nouvelle-Aquitaine, FRA",FRI33,,,Name3439972,True,False,False,Low
FRA,Small,Energy,Oil & Gas,"Deux-Sèvres, Poitou-Charentes, Nouvelle-Aquitaine, FRA",FRI33,,,Name3439973,True,False,False,High
FRA,Small,Energy,Oil & Gas,"Deux-Sèvres, Poitou-Charentes, Nouvelle-Aquitaine, FRA",FRI33,,,Name3439974,True,False,False,Low
FRA,Small,Energy,Oil & Gas,"Deux-Sèvres, Poitou-Charentes, Nouvelle-Aquitaine, FRA",FRI33,,,Name3439975,True,True,False,High
FRA,Small,Energy,Oil & Gas,"Deux-Sèvres, Poitou-Charentes, Nouvelle-Aquitaine, FRA",FRI33,,,Name3439976,False,True,False,Severe
FRA,Small,Energy,Oil & Gas,"Deux-Sèvres, Poitou-Charentes, Nouvelle-Aquitaine, FRA",FRI33,,,Name3439977,False,True,False,Medium
FRA,Small,Energy,Oil & Gas,"Deux-Sèvres, Poitou-Charentes, Nouvelle-Aquitaine, FRA",FRI33,,,Name3439978,True,True,False,High
FRA,Small,Energy,Oil & Gas,"Deux-Sèvres, Poitou-Charentes, Nouvelle-Aquitaine, FRA",FRI33,,,Name3439979,True,False,False,Severe
FRA,Small,Energy,Oil & Gas,"Deux-Sèvres, Poitou-Charentes, Nouvelle-Aquitaine, FRA",FRI33,,,Name3439980,False,False,True,Severe
FRA,Small,Energy,Oil & Gas,"Deux-Sèvres, Poitou-Charentes, Nouvelle-Aquitaine, FRA",FRI33,,,Name3439981,False,True,False,Low
FRA,Small,Energy,Oil & Gas,"Deux-Sèvres, Poitou-Charentes, Nouvelle-Aquitaine, FRA",FRI33,,,Name3439982,False,True,True,High
FRA,Small,Energy,Oil & Gas,"Deux-Sèvres, Poitou-Charentes, Nouvelle-Aquitaine, FRA",FRI33,,,Name3439984,False,False,True,High
FRA,Small,Energy,Oil & Gas,"Deux-Sèvres, Poitou-Charentes, Nouvelle-Aquitaine, FRA",FRI33,,,Name3439986,False,False,True,Severe
FRA,Small,Energy,Oil & Gas,"Deux-Sèvres, Poitou-Charentes, Nouvelle-Aquitaine, FRA",FRI33,,,Name3439987,False,True,False,Medium
FRA,Small,Energy,Oil & Gas,"Deux-Sèvres, Poitou-Charentes, Nouvelle-Aquitaine, FRA",FRI33,,,Name3439988,True,True,False,Low
FRA,Small,Energy,Oil & Gas,"Deux-Sèvres, Poitou-Charentes, Nouvelle-Aquitaine, FRA",FRI33,,,Name3439989,False,True,False,Medium
FRA,Small,Energy,Oil & Gas,"Deux-Sèvres, Poitou-Charentes, Nouvelle-Aquitaine, FRA",FRI33,,,Name3439990,True,False,False,Severe
FRA,Small,Energy,Oil & Gas,"Deux-Sèvres, Poitou-Charentes, Nouvelle-Aquitaine, FRA",FRI33,,,Name3439991,False,True,True,Low
FRA,Small,Energy,Oil & Gas,"Deux-Sèvres, Poitou-Charentes, Nouvelle-Aquitaine, FRA",FRI33,,,Name3439992,False,True,False,Low
FRA,Small,Energy,Oil & Gas,"Deux-Sèvres, Poitou-Charentes, Nouvelle-Aquitaine, FRA",FRI33,,,Name3439993,True,False,False,High
FRA,Small,Energy,Oil & Gas,"Deux-Sèvres, Poitou-Charentes, Nouvelle-Aquitaine, FRA",FRI33,,,Name3439994,False,True,True,Medium
FRA,Small,Energy,Oil & Gas,"Deux-Sèvres, Poitou-Charentes, Nouvelle-Aquitaine, FRA",FRI33,,,Name3439995,True,True,False,High
FRA,Small,Energy,Oil & Gas,"Deux-Sèvres, Poitou-Charentes, Nouvelle-Aquitaine, FRA",FRI33,,,Name3439996,False,True,True,Severe
FRA,Small,Energy,Oil & Gas,"Deux-Sèvres, Poitou-Charentes, Nouvelle-Aquitaine, FRA",FRI33,,,Name3439997,True,True,False,Medium
FRA,Small,Energy,Oil & Gas,"Deux-Sèvres, Poitou-Charentes, Nouvelle-Aquitaine, FRA",FRI33,,,Name3439998,False,False,True,High
FRA,Small,Energy,Oil & Gas,"Deux-Sèvres, Poitou-Charentes, Nouvelle-Aquitaine, FRA",FRI33,,,Name3439999,False,True,True,Medium
FRA,Small,Energy,Oil & Gas,"Deux-Sèvres, Poitou-Charentes, Nouvelle-Aquitaine, FRA",FRI33,,,Name3440000,False,True,True,Severe
FRA,Small,Energy,Oil & Gas,"Deux-Sèvres, Poitou-Charentes, Nouvelle-Aquitaine, FRA",FRI33,,,Name3440001,False,False,True,High
FRA,Small,Energy,Oil & Gas,"Deux-Sèvres, Poitou-Charentes, Nouvelle-Aquitaine, FRA",FRI33,,,Name3440002,False,True,False,High
FRA,Small,Energy,Oil & Gas,"Deux-Sèvres, Poitou-Charentes, Nouvelle-Aquitaine, FRA",FRI33,,,Name3440003,False,False,True,Medium
FRA,Small,Energy,Oil & Gas,"Deux-Sèvres, Poitou-Charentes, Nouvelle-Aquitaine, FRA",FRI33,,,Name3440004,False,True,True,Severe
FRA,Small,Energy,Oil & Gas,"Deux-Sèvres, Poitou-Charentes, Nouvelle-Aquitaine, FRA",FRI33,,,Name3440005,False,True,False,Low
FRA,Small,Energy,Renewable Energy,"Deux-Sèvres, Poitou-Charentes, Nouvelle-Aquitaine, FRA",FRI33,,,Name3440007,True,True,False,Low
FRA,Small,Energy,Renewable Energy,"Deux-Sèvres, Poitou-Charentes, Nouvelle-Aquitaine, FRA",FRI33,,,Name3440008,False,True,False,High
FRA,Small,Energy,Renewable Energy,"Deux-Sèvres, Poitou-Charentes, Nouvelle-Aquitaine, FRA",FRI33,,,Name3440009,True,True,False,High
FRA,Small,Energy,Renewable Energy,"Deux-Sèvres, Poitou-Charentes, Nouvelle-Aquitaine, FRA",FRI33,,,Name3440010,True,False,False,Medium
FRA,Small,Energy,Renewable Energy,"Deux-Sèvres, Poitou-Charentes, Nouvelle-Aquitaine, FRA",FRI33,,,Name3440011,False,True,False,High
FRA,Small,Energy,Renewable Energy,"Deux-Sèvres, Poitou-Charentes, Nouvelle-Aquitaine, FRA",FRI33,,,Name3440012,False,False,True,Low
FRA,Small,Energy,Renewable Energy,"Deux-Sèvres, Poitou-Charentes, Nouvelle-Aquitaine, FRA",FRI33,,,Name3440013,False,True,True,Low
FRA,Small,Energy,Energy Exploration,"Deux-Sèvres, Poitou-Charentes, Nouvelle-Aquitaine, FRA",FRI33,,,Name3440014,True,False,False,Medium
FRA,Small,Energy,Energy Exploration,"Deux-Sèvres, Poitou-Charentes, Nouvelle-Aquitaine, FRA",FRI33,,,Name3440015,False,True,True,High
FRA,Small,Energy,Energy Exploration,"Deux-Sèvres, Poitou-Charentes, Nouvelle-Aquitaine, FRA",FRI33,,,Name3440016,False,True,True,Severe
FRA,Small,Energy,Energy Exploration,"Deux-Sèvres, Poitou-Charentes, Nouvelle-Aquitaine, FRA",FRI33,,,Name3440017,False,True,False,Medium
FRA,Small,Energy,Energy Exploration,"Deux-Sèvres, Poitou-Charentes, Nouvelle-Aquitaine, FRA",FRI33,,,Name3440018,False,True,True,High
FRA,Small,Energy,Energy Exploration,"Deux-Sèvres, Poitou-Charentes, Nouvelle-Aquitaine, FRA",FRI33,,,Name3440019,True,True,False,Low
FRA,Small,Energy,Energy Exploration,"Deux-Sèvres, Poitou-Charentes, Nouvelle-Aquitaine, FRA",FRI33,,,Name3440020,False,False,True,High
FRA,Small,Energy,Energy Exploration,"Deux-Sèvres, Poitou-Charentes, Nouvelle-Aquitaine, FRA",FRI33,,,Name3440021,False,True,True,High
FRA,Small,Energy,Energy Exploration,"Deux-Sèvres, Poitou-Charentes, Nouvelle-Aquitaine, FRA",FRI33,,,Name3440022,False,False,True,Severe
FRA,Small,Energy,Energy Exploration,"Deux-Sèvres, Poitou-Charentes, Nouvelle-Aquitaine, FRA",FRI33,,,Name3440023,True,True,False,Low
FRA,Small,Energy,Energy Exploration,"Deux-Sèvres, Poitou-Charentes, Nouvelle-Aquitaine, FRA",FRI33,,,Name3440024,True,True,False,Severe
FRA,Small,Energy,Energy Exploration,"Deux-Sèvres, Poitou-Charentes, Nouvelle-Aquitaine, FRA",FRI33,,,Name3440025,False,True,False,Severe
FRA,Small,Energy,Energy Exploration,"Deux-Sèvres, Poitou-Charentes, Nouvelle-Aquitaine, FRA",FRI33,,,Name3440026,True,False,False,Medium
FRA,Small,Energy,Energy Exploration,"Deux-Sèvres, Poitou-Charentes, Nouvelle-Aquitaine, FRA",FRI33,,,Name3440027,False,False,True,Severe
FRA,Small,Energy,Energy Exploration,"Deux-Sèvres, Poitou-Charentes, Nouvelle-Aquitaine, FRA",FRI33,,,Name3440028,False,False,True,Low
FRA,Small,Energy,Energy Exploration,"Deux-Sèvres, Poitou-Charentes, Nouvelle-Aquitaine, FRA",FRI33,,,Name3440029,False,True,True,Low
FRA,Small,Energy,Energy Exploration,"Deux-Sèvres, Poitou-Charentes, Nouvelle-Aquitaine, FRA",FRI33,,,Name3440030,False,True,False,Low
FRA,Small,Energy,Energy Exploration,"Deux-Sèvres, Poitou-Charentes, Nouvelle-Aquitaine, FRA",FRI33,,,Name3440031,True,False,False,Medium
FRA,Small,Energy,Energy Exploration,"Deux-Sèvres, Poitou-Charentes, Nouvelle-Aquitaine, FRA",FRI33,,,Name3440032,True,True,False,High
FRA,Small,Energy,Energy Exploration,"Deux-Sèvres, Poitou-Charentes, Nouvelle-Aquitaine, FRA",FRI33,,,Name3440033,False,True,False,Severe
FRA,Small,Energy,Energy Exploration,"Deux-Sèvres, Poitou-Charentes, Nouvelle-Aquitaine, FRA",FRI33,,,Name3440034,False,True,False,Low
FRA,Small,Energy,Energy Exploration,"Deux-Sèvres, Poitou-Charentes, Nouvelle-Aquitaine, FRA",FRI33,,,Name3440035,False,True,False,High
FRA,Small,Energy,Energy Exploration,"Deux-Sèvres, Poitou-Charentes, Nouvelle-Aquitaine, FRA",FRI33,,,Name3440036,False,True,True,Low
FRA,Small,Energy,Energy Exploration,"Deux-Sèvres, Poitou-Charentes, Nouvelle-Aquitaine, FRA",FRI33,,,Name3440037,False,True,False,Severe
FRA,Small,Energy,Energy Exploration,"Deux-Sèvres, Poitou-Charentes, Nouvelle-Aquitaine, FRA",FRI33,,,Name3440038,False,True,False,Severe
FRA,Small,Energy,Energy Exploration,"Deux-Sèvres, Poitou-Charentes, Nouvelle-Aquitaine, FRA",FRI33,,,Name3440039,False,True,False,Medium
FRA,Small,Energy,Energy Exploration,"Deux-Sèvres, Poitou-Charentes, Nouvelle-Aquitaine, FRA",FRI33,,,Name3440040,False,True,False,Low
FRA,Small,Energy,Energy Exploration,"Deux-Sèvres, Poitou-Charentes, Nouvelle-Aquitaine, FRA",FRI33,,,Name3440041,False,False,True,High
FRA,Small,Energy,Energy Exploration,"Deux-Sèvres, Poitou-Charentes, Nouvelle-Aquitaine, FRA",FRI33,,,Name3440042,True,True,False,High
FRA,Small,Energy,Energy Exploration,"Deux-Sèvres, Poitou-Charentes, Nouvelle-Aquitaine, FRA",FRI33,,,Name3440043,True,True,False,Severe
FRA,Small,Energy,Energy Exploration,"Deux-Sèvres, Poitou-Charentes, Nouvelle-Aquitaine, FRA",FRI33,,,Name3440044,False,False,True,High
FRA,Small,Energy,Energy Exploration,"Deux-Sèvres, Poitou-Charentes, Nouvelle-Aquitaine, FRA",FRI33,,,Name3440045,True,False,False,Low
FRA,Small,Energy,Energy Exploration,"Deux-Sèvres, Poitou-Charentes, Nouvelle-Aquitaine, FRA",FRI33,,,Name3440046,False,False,True,Medium
FRA,Small,Energy,Energy Exploration,"Deux-Sèvres, Poitou-Charentes, Nouvelle-Aquitaine, FRA",FRI33,,,Name3440047,True,False,False,Severe
FRA,Small,Consumer Goods,Food & Beverage,"Deux-Sèvres, Poitou-Charentes, Nouvelle-Aquitaine, FRA",FRI33,,,Name3440048,False,True,True,Low
FRA,Small,Consumer Goods,Food & Beverage,"Deux-Sèvres, Poitou-Charentes, Nouvelle-Aquitaine, FRA",FRI33,,,Name3440049,False,True,False,High
FRA,Small,Consumer Goods,Food & Beverage,"Deux-Sèvres, Poitou-Charentes, Nouvelle-Aquitaine, FRA",FRI33,,,Name3440051,False,True,True,High
FRA,Small,Consumer Goods,Food & Beverage,"Deux-Sèvres, Poitou-Charentes, Nouvelle-Aquitaine, FRA",FRI33,,,Name3440052,True,False,False,High
FRA,Small,Consumer Goods,Food & Beverage,"Deux-Sèvres, Poitou-Charentes, Nouvelle-Aquitaine, FRA",FRI33,,,Name3440054,True,True,False,Low
FRA,Small,Consumer Goods,Food & Beverage,"Deux-Sèvres, Poitou-Charentes, Nouvelle-Aquitaine, FRA",FRI33,,,Name3440055,True,False,False,Severe
FRA,Small,Consumer Goods,Food & Beverage,"Deux-Sèvres, Poitou-Charentes, Nouvelle-Aquitaine, FRA",FRI33,,,Name3440056,True,True,False,Severe
FRA,Small,Consumer Goods,Food & Beverage,"Deux-Sèvres, Poitou-Charentes, Nouvelle-Aquitaine, FRA",FRI33,,,Name3440057,True,True,False,Severe
FRA,Small,Consumer Goods,Household Products,"Deux-Sèvres, Poitou-Charentes, Nouvelle-Aquitaine, FRA",FRI33,,,Name3440058,False,False,True,Severe
FRA,Small,Consumer Goods,Household Products,"Deux-Sèvres, Poitou-Charentes, Nouvelle-Aquitaine, FRA",FRI33,,,Name3440059,True,False,False,Severe
FRA,Small,Consumer Goods,Household Products,"Deux-Sèvres, Poitou-Charentes, Nouvelle-Aquitaine, FRA",FRI33,,,Name3440060,False,True,True,Low
FRA,Small,Consumer Goods,Household Products,"Deux-Sèvres, Poitou-Charentes, Nouvelle-Aquitaine, FRA",FRI33,,,Name3440061,False,True,False,Severe
FRA,Small,Consumer Goods,Household Products,"Deux-Sèvres, Poitou-Charentes, Nouvelle-Aquitaine, FRA",FRI33,,,Name3440062,False,True,False,Severe
FRA,Small,Consumer Goods,Household Products,"Deux-Sèvres, Poitou-Charentes, Nouvelle-Aquitaine, FRA",FRI33,,,Name3440063,False,False,True,Low
FRA,Small,Consumer Goods,Household Products,"Deux-Sèvres, Poitou-Charentes, Nouvelle-Aquitaine, FRA",FRI33,,,Name3440064,True,True,False,Medium
FRA,Small,Consumer Goods,Household Products,"Deux-Sèvres, Poitou-Charentes, Nouvelle-Aquitaine, FRA",FRI33,,,Name3440065,False,True,True,Severe
FRA,Small,Consumer Goods,Household Products,"Deux-Sèvres, Poitou-Charentes, Nouvelle-Aquitaine, FRA",FRI33,,,Name3440066,False,True,True,Medium
FRA,Small,Consumer Goods,Household Products,"Deux-Sèvres, Poitou-Charentes, Nouvelle-Aquitaine, FRA",FRI33,,,Name3440067,True,True,False,Severe
FRA,Small,Consumer Goods,Household Products,"Deux-Sèvres, Poitou-Charentes, Nouvelle-Aquitaine, FRA",FRI33,,,Name3440068,True,False,False,High
FRA,Small,Consumer Goods,Household Products,"Deux-Sèvres, Poitou-Charentes, Nouvelle-Aquitaine, FRA",FRI33,,,Name3440069,True,False,False,Severe
FRA,Small,Consumer Goods,Apparel,"Deux-Sèvres, Poitou-Charentes, Nouvelle-Aquitaine, FRA",FRI33,,,Name3440070,False,True,True,Low
FRA,Small,Consumer Goods,Apparel,"Deux-Sèvres, Poitou-Charentes, Nouvelle-Aquitaine, FRA",FRI33,,,Name3440071,False,True,True,Severe
FRA,Small,Consumer Goods,Apparel,"Deux-Sèvres, Poitou-Charentes, Nouvelle-Aquitaine, FRA",FRI33,,,Name3440072,True,False,False,Medium
FRA,Small,Consumer Goods,Apparel,"Deux-Sèvres, Poitou-Charentes, Nouvelle-Aquitaine, FRA",FRI33,,,Name3440073,True,True,False,Low
FRA,Small,Consumer Goods,Apparel,"Deux-Sèvres, Poitou-Charentes, Nouvelle-Aquitaine, FRA",FRI33,,,Name3440074,True,True,False,High
FRA,Small,Consumer Goods,Apparel,"Deux-Sèvres, Poitou-Charentes, Nouvelle-Aquitaine, FRA",FRI33,,,Name3440075,True,True,False,High
FRA,Small,Consumer Goods,Apparel,"Deux-Sèvres, Poitou-Charentes, Nouvelle-Aquitaine, FRA",FRI33,,,Name3440076,False,True,True,Medium
FRA,Small,Consumer Goods,Apparel,"Deux-Sèvres, Poitou-Charentes, Nouvelle-Aquitaine, FRA",FRI33,,,Name3440077,False,True,True,Medium
FRA,Small,Consumer Goods,Apparel,"Deux-Sèvres, Poitou-Charentes, Nouvelle-Aquitaine, FRA",FRI33,,,Name3440078,True,False,False,High
FRA,Small,Consumer Goods,Apparel,"Deux-Sèvres, Poitou-Charentes, Nouvelle-Aquitaine, FRA",FRI33,,,Name3440079,False,True,False,High
FRA,Small,Consumer Goods,Apparel,"Deux-Sèvres, Poitou-Charentes, Nouvelle-Aquitaine, FRA",FRI33,,,Name3440080,False,True,True,High
FRA,Small,Consumer Goods,Apparel,"Deux-Sèvres, Poitou-Charentes, Nouvelle-Aquitaine, FRA",FRI33,,,Name3440082,True,False,False,Low
FRA,Small,Consumer Goods,Apparel,"Deux-Sèvres, Poitou-Charentes, Nouvelle-Aquitaine, FRA",FRI33,,,Name3440083,True,False,False,High
FRA,Small,Consumer Goods,Apparel,"Deux-Sèvres, Poitou-Charentes, Nouvelle-Aquitaine, FRA",FRI33,,,Name3440084,False,False,True,Severe
FRA,Small,Consumer Goods,Apparel,"Deux-Sèvres, Poitou-Charentes, Nouvelle-Aquitaine, FRA",FRI33,,,Name3440085,False,True,True,High
FRA,Small,Consumer Goods,Apparel,"Deux-Sèvres, Poitou-Charentes, Nouvelle-Aquitaine, FRA",FRI33,,,Name3440086,False,True,True,Medium
FRA,Small,Consumer Goods,Apparel,"Deux-Sèvres, Poitou-Charentes, Nouvelle-Aquitaine, FRA",FRI33,,,Name3440088,False,True,True,Severe
FRA,Small,Consumer Goods,Apparel,"Deux-Sèvres, Poitou-Charentes, Nouvelle-Aquitaine, FRA",FRI33,,,Name3440089,False,True,True,High
FRA,Small,Consumer Goods,Apparel,"Deux-Sèvres, Poitou-Charentes, Nouvelle-Aquitaine, FRA",FRI33,,,Name3440090,True,False,False,Medium
FRA,Small,Consumer Goods,Apparel,"Deux-Sèvres, Poitou-Charentes, Nouvelle-Aquitaine, FRA",FRI33,,,Name3440091,False,True,True,Medium
FRA,Small,Consumer Goods,Apparel,"Deux-Sèvres, Poitou-Charentes, Nouvelle-Aquitaine, FRA",FRI33,,,Name3440092,True,False,False,High
FRA,Small,Consumer Goods,Apparel,"Deux-Sèvres, Poitou-Charentes, Nouvelle-Aquitaine, FRA",FRI33,,,Name3440094,True,False,False,High
FRA,Small,Consumer Goods,Apparel,"Deux-Sèvres, Poitou-Charentes, Nouvelle-Aquitaine, FRA",FRI33,,,Name3440095,False,True,False,Medium
FRA,Small,Consumer Goods,Apparel,"Deux-Sèvres, Poitou-Charentes, Nouvelle-Aquitaine, FRA",FRI33,,,Name3440096,True,False,False,High
FRA,Small,Consumer Goods,Apparel,"Deux-Sèvres, Poitou-Charentes, Nouvelle-Aquitaine, FRA",FRI33,,,Name3440097,True,False,False,Severe
FRA,Small,Consumer Goods,Apparel,"Deux-Sèvres, Poitou-Charentes, Nouvelle-Aquitaine, FRA",FRI33,,,Name3440098,False,False,True,Low
FRA,Small,Consumer Goods,Apparel,"Deux-Sèvres, Poitou-Charentes, Nouvelle-Aquitaine, FRA",FRI33,,,Name3440099,True,True,False,Severe
FRA,Small,Consumer Goods,Apparel,"Deux-Sèvres, Poitou-Charentes, Nouvelle-Aquitaine, FRA",FRI33,,,Name3440100,False,False,True,Severe
FRA,Small,Consumer Goods,Apparel,"Deux-Sèvres, Poitou-Charentes, Nouvelle-Aquitaine, FRA",FRI33,,,Name3440101,True,False,False,Severe
FRA,Small,Consumer Goods,Apparel,"Deux-Sèvres, Poitou-Charentes, Nouvelle-Aquitaine, FRA",FRI33,,,Name3440102,True,True,False,Severe
FRA,Small,Consumer Goods,Apparel,"Deux-Sèvres, Poitou-Charentes, Nouvelle-Aquitaine, FRA",FRI33,,,Name3440103,False,False,True,Low
FRA,Small,Consumer Goods,Apparel,"Deux-Sèvres, Poitou-Charentes, Nouvelle-Aquitaine, FRA",FRI33,,,Name3440104,True,True,False,Low
FRA,Small,Consumer Goods,Apparel,"Deux-Sèvres, Poitou-Charentes, Nouvelle-Aquitaine, FRA",FRI33,,,Name3440105,False,False,True,Severe
FRA,Small,Consumer Goods,Apparel,"Deux-Sèvres, Poitou-Charentes, Nouvelle-Aquitaine, FRA",FRI33,,,Name3440106,False,False,True,Low
FRA,Small,Consumer Goods,Apparel,"Deux-Sèvres, Poitou-Charentes, Nouvelle-Aquitaine, FRA",FRI33,,,Name3440107,False,False,True,High
FRA,Small,Consumer Goods,Apparel,"Deux-Sèvres, Poitou-Charentes, Nouvelle-Aquitaine, FRA",FRI33,,,Name3440108,True,True,False,Low
FRA,Small,Consumer Goods,Apparel,"Deux-Sèvres, Poitou-Charentes, Nouvelle-Aquitaine, FRA",FRI33,,,Name3440109,False,True,False,Low
FRA,Small,Consumer Goods,Apparel,"Deux-Sèvres, Poitou-Charentes, Nouvelle-Aquitaine, FRA",FRI33,,,Name3440110,False,True,False,Severe
FRA,Small,Consumer Goods,Apparel,"Deux-Sèvres, Poitou-Charentes, Nouvelle-Aquitaine, FRA",FRI33,,,Name3440111,True,False,False,High
FRA,Small,Consumer Goods,Apparel,"Deux-Sèvres, Poitou-Charentes, Nouvelle-Aquitaine, FRA",FRI33,,,Name3440112,False,True,False,High
FRA,Small,Consumer Goods,Apparel,"Deux-Sèvres, Poitou-Charentes, Nouvelle-Aquitaine, FRA",FRI33,,,Name3440113,True,True,False,Severe
FRA,Small,Utilities,Electric,"Deux-Sèvres, Poitou-Charentes, Nouvelle-Aquitaine, FRA",FRI33,,,Name3440118,False,True,False,Medium
FRA,Small,Utilities,Electric,"Deux-Sèvres, Poitou-Charentes, Nouvelle-Aquitaine, FRA",FRI33,,,Name3440119,True,True,False,High
FRA,Small,Utilities,Electric,"Deux-Sèvres, Poitou-Charentes, Nouvelle-Aquitaine, FRA",FRI33,,,Name3440120,True,True,False,High
FRA,Small,Utilities,Electric,"Deux-Sèvres, Poitou-Charentes, Nouvelle-Aquitaine, FRA",FRI33,,,Name3440121,True,False,False,Medium
FRA,Small,Utilities,Electric,"Deux-Sèvres, Poitou-Charentes, Nouvelle-Aquitaine, FRA",FRI33,,,Name3440122,False,True,True,High
FRA,Small,Utilities,Electric,"Deux-Sèvres, Poitou-Charentes, Nouvelle-Aquitaine, FRA",FRI33,,,Name3440123,True,True,False,High
FRA,Small,Utilities,Electric,"Deux-Sèvres, Poitou-Charentes, Nouvelle-Aquitaine, FRA",FRI33,,,Name3440124,False,True,False,Medium
FRA,Small,Utilities,Electric,"Deux-Sèvres, Poitou-Charentes, Nouvelle-Aquitaine, FRA",FRI33,,,Name3440125,False,False,True,Medium
FRA,Small,Utilities,Electric,"Deux-Sèvres, Poitou-Charentes, Nouvelle-Aquitaine, FRA",FRI33,,,Name3440127,False,True,True,Medium
FRA,Small,Utilities,Electric,"Deux-Sèvres, Poitou-Charentes, Nouvelle-Aquitaine, FRA",FRI33,,,Name3440128,False,True,True,Low
FRA,Small,Utilities,Electric,"Deux-Sèvres, Poitou-Charentes, Nouvelle-Aquitaine, FRA",FRI33,,,Name3440129,False,True,False,Low
FRA,Small,Utilities,Electric,"Deux-Sèvres, Poitou-Charentes, Nouvelle-Aquitaine, FRA",FRI33,,,Name3440131,True,True,False,Medium
FRA,Small,Utilities,Electric,"Deux-Sèvres, Poitou-Charentes, Nouvelle-Aquitaine, FRA",FRI33,,,Name3440132,False,True,False,Severe
FRA,Small,Utilities,Electric,"Deux-Sèvres, Poitou-Charentes, Nouvelle-Aquitaine, FRA",FRI33,,,Name3440133,True,False,False,Severe
FRA,Small,Utilities,Electric,"Deux-Sèvres, Poitou-Charentes, Nouvelle-Aquitaine, FRA",FRI33,,,Name3440134,False,True,True,Low
FRA,Small,Utilities,Electric,"Deux-Sèvres, Poitou-Charentes, Nouvelle-Aquitaine, FRA",FRI33,,,Name3440138,True,False,False,Medium
FRA,Small,Utilities,Electric,"Deux-Sèvres, Poitou-Charentes, Nouvelle-Aquitaine, FRA",FRI33,,,Name3440139,True,True,False,Low
FRA,Small,Utilities,Electric,"Deux-Sèvres, Poitou-Charentes, Nouvelle-Aquitaine, FRA",FRI33,,,Name3440140,False,True,True,High
FRA,Small,Utilities,Electric,"Deux-Sèvres, Poitou-Charentes, Nouvelle-Aquitaine, FRA",FRI33,,,Name3440141,False,True,False,Severe
FRA,Small,Utilities,Electric,"Deux-Sèvres, Poitou-Charentes, Nouvelle-Aquitaine, FRA",FRI33,,,Name3440142,False,True,True,High
FRA,Small,Utilities,Electric,"Deux-Sèvres, Poitou-Charentes, Nouvelle-Aquitaine, FRA",FRI33,,,Name3440143,True,True,False,High
FRA,Small,Utilities,Electric,"Deux-Sèvres, Poitou-Charentes, Nouvelle-Aquitaine, FRA",FRI33,,,Name3440144,False,True,False,Low
FRA,Small,Utilities,Electric,"Deux-Sèvres, Poitou-Charentes, Nouvelle-Aquitaine, FRA",FRI33,,,Name3440145,True,False,False,Low
FRA,Small,Utilities,Electric,"Deux-Sèvres, Poitou-Charentes, Nouvelle-Aquitaine, FRA",FRI33,,,Name3440146,True,False,False,Low
FRA,Small,Utilities,Electric,"Deux-Sèvres, Poitou-Charentes, Nouvelle-Aquitaine, FRA",FRI33,,,Name3440147,True,False,False,High
FRA,Small,Utilities,Electric,"Deux-Sèvres, Poitou-Charentes, Nouvelle-Aquitaine, FRA",FRI33,,,Name3440148,False,True,False,Severe
FRA,Small,Utilities,Electric,"Deux-Sèvres, Poitou-Charentes, Nouvelle-Aquitaine, FRA",FRI33,,,Name3440149,False,False,True,Medium
FRA,Small,Utilities,Electric,"Deux-Sèvres, Poitou-Charentes, Nouvelle-Aquitaine, FRA",FRI33,,,Name3440150,False,True,False,Severe
FRA,Small,Utilities,Electric,"Deux-Sèvres, Poitou-Charentes, Nouvelle-Aquitaine, FRA",FRI33,,,Name3440151,True,True,False,Low
FRA,Small,Utilities,Electric,"Deux-Sèvres, Poitou-Charentes, Nouvelle-Aquitaine, FRA",FRI33,,,Name3440153,False,True,True,High
FRA,Small,Utilities,Electric,"Deux-Sèvres, Poitou-Charentes, Nouvelle-Aquitaine, FRA",FRI33,,,Name3440154,True,False,False,Severe
FRA,Small,Utilities,Electric,"Deux-Sèvres, Poitou-Charentes, Nouvelle-Aquitaine, FRA",FRI33,,,Name3440156,True,False,False,High
FRA,Small,Utilities,Electric,"Deux-Sèvres, Poitou-Charentes, Nouvelle-Aquitaine, FRA",FRI33,,,Name3440157,True,True,False,Severe
FRA,Small,Utilities,Electric,"Deux-Sèvres, Poitou-Charentes, Nouvelle-Aquitaine, FRA",FRI33,,,Name3440158,True,False,False,Medium
FRA,Small,Utilities,Electric,"Deux-Sèvres, Poitou-Charentes, Nouvelle-Aquitaine, FRA",FRI33,,,Name3440160,False,False,True,Severe
FRA,Small,Utilities,Electric,"Deux-Sèvres, Poitou-Charentes, Nouvelle-Aquitaine, FRA",FRI33,,,Name3440161,True,True,False,Severe
FRA,Small,Utilities,Electric,"Deux-Sèvres, Poitou-Charentes, Nouvelle-Aquitaine, FRA",FRI33,,,Name3440162,True,True,False,Severe
FRA,Small,Utilities,Water,"Deux-Sèvres, Poitou-Charentes, Nouvelle-Aquitaine, FRA",FRI33,,,Name3440163,True,False,False,Severe
FRA,Small,Utilities,Water,"Deux-Sèvres, Poitou-Charentes, Nouvelle-Aquitaine, FRA",FRI33,,,Name3440164,False,True,False,High
FRA,Small,Utilities,Water,"Deux-Sèvres, Poitou-Charentes, Nouvelle-Aquitaine, FRA",FRI33,,,Name3440165,True,False,False,Medium
FRA,Small,Utilities,Water,"Deux-Sèvres, Poitou-Charentes, Nouvelle-Aquitaine, FRA",FRI33,,,Name3440166,True,False,False,High
FRA,Small,Utilities,Water,"Deux-Sèvres, Poitou-Charentes, Nouvelle-Aquitaine, FRA",FRI33,,,Name3440167,False,False,True,Severe
FRA,Small,Utilities,Water,"Deux-Sèvres, Poitou-Charentes, Nouvelle-Aquitaine, FRA",FRI33,,,Name3440168,False,True,True,Low
FRA,Small,Utilities,Water,"Deux-Sèvres, Poitou-Charentes, Nouvelle-Aquitaine, FRA",FRI33,,,Name3440169,True,False,False,High
FRA,Small,Utilities,Water,"Deux-Sèvres, Poitou-Charentes, Nouvelle-Aquitaine, FRA",FRI33,,,Name3440171,False,False,True,Severe
FRA,Small,Utilities,Water,"Deux-Sèvres, Poitou-Charentes, Nouvelle-Aquitaine, FRA",FRI33,,,Name3440172,False,True,True,Severe
FRA,Small,Utilities,Water,"Deux-Sèvres, Poitou-Charentes, Nouvelle-Aquitaine, FRA",FRI33,,,Name3440173,True,False,False,Severe
FRA,Small,Utilities,Gas,"Deux-Sèvres, Poitou-Charentes, Nouvelle-Aquitaine, FRA",FRI33,,,Name3440175,True,True,False,High
FRA,Small,Utilities,Gas,"Deux-Sèvres, Poitou-Charentes, Nouvelle-Aquitaine, FRA",FRI33,,,Name3440177,False,True,True,Severe
FRA,Small,Utilities,Gas,"Deux-Sèvres, Poitou-Charentes, Nouvelle-Aquitaine, FRA",FRI33,,,Name3440178,False,True,True,Medium
FRA,Small,Utilities,Gas,"Deux-Sèvres, Poitou-Charentes, Nouvelle-Aquitaine, FRA",FRI33,,,Name3440179,False,True,True,Medium
FRA,Small,Real Estate,Residential,"Deux-Sèvres, Poitou-Charentes, Nouvelle-Aquitaine, FRA",FRI33,,,Name3440180,True,False,False,High
FRA,Small,Real Estate,Residential,"Deux-Sèvres, Poitou-Charentes, Nouvelle-Aquitaine, FRA",FRI33,,,Name3440181,False,False,True,Low
FRA,Small,Real Estate,Residential,"Deux-Sèvres, Poitou-Charentes, Nouvelle-Aquitaine, FRA",FRI33,,,Name3440182,True,True,False,High
FRA,Small,Real Estate,Residential,"Deux-Sèvres, Poitou-Charentes, Nouvelle-Aquitaine, FRA",FRI33,,,Name3440184,True,True,False,High
FRA,Small,Real Estate,Commercial,"Deux-Sèvres, Poitou-Charentes, Nouvelle-Aquitaine, FRA",FRI33,,,Name3440185,False,False,True,Severe
FRA,Small,Real Estate,Commercial,"Deux-Sèvres, Poitou-Charentes, Nouvelle-Aquitaine, FRA",FRI33,,,Name3440187,True,False,False,Low
FRA,Small,Real Estate,Commercial,"Deux-Sèvres, Poitou-Charentes, Nouvelle-Aquitaine, FRA",FRI33,,,Name3440189,False,True,False,High
FRA,Small,Real Estate,Commercial,"Deux-Sèvres, Poitou-Charentes, Nouvelle-Aquitaine, FRA",FRI33,,,Name3440190,False,True,False,Medium
FRA,Small,Real Estate,Commercial,"Deux-Sèvres, Poitou-Charentes, Nouvelle-Aquitaine, FRA",FRI33,,,Name3440191,False,False,True,Low
FRA,Small,Real Estate,Commercial,"Deux-Sèvres, Poitou-Charentes, Nouvelle-Aquitaine, FRA",FRI33,,,Name3440192,False,True,False,Medium
FRA,Small,Real Estate,Commercial,"Deux-Sèvres, Poitou-Charentes, Nouvelle-Aquitaine, FRA",FRI33,,,Name3440193,False,True,False,Severe
FRA,Small,Real Estate,Commercial,"Deux-Sèvres, Poitou-Charentes, Nouvelle-Aquitaine, FRA",FRI33,,,Name3440194,False,True,False,Medium
FRA,Small,Real Estate,Commercial,"Deux-Sèvres, Poitou-Charentes, Nouvelle-Aquitaine, FRA",FRI33,,,Name3440195,True,False,False,High
FRA,Small,Real Estate,Commercial,"Deux-Sèvres, Poitou-Charentes, Nouvelle-Aquitaine, FRA",FRI33,,,Name3440196,False,False,True,Medium
FRA,Small,Real Estate,Commercial,"Deux-Sèvres, Poitou-Charentes, Nouvelle-Aquitaine, FRA",FRI33,,,Name3440197,True,True,False,Medium
FRA,Small,Real Estate,Commercial,"Deux-Sèvres, Poitou-Charentes, Nouvelle-Aquitaine, FRA",FRI33,,,Name3440198,True,False,False,Low
FRA,Small,Real Estate,Commercial,"Deux-Sèvres, Poitou-Charentes, Nouvelle-Aquitaine, FRA",FRI33,,,Name3440199,True,False,False,Severe
FRA,Small,Real Estate,Commercial,"Deux-Sèvres, Poitou-Charentes, Nouvelle-Aquitaine, FRA",FRI33,,,Name3440201,True,False,False,Medium
FRA,Small,Real Estate,Commercial,"Deux-Sèvres, Poitou-Charentes, Nouvelle-Aquitaine, FRA",FRI33,,,Name3440202,False,True,True,Low
FRA,Small,Real Estate,Commercial,"Deux-Sèvres, Poitou-Charentes, Nouvelle-Aquitaine, FRA",FRI33,,,Name3440203,False,True,True,Low
FRA,Small,Real Estate,Commercial,"Deux-Sèvres, Poitou-Charentes, Nouvelle-Aquitaine, FRA",FRI33,,,Name3440204,False,False,True,Low
FRA,Small,Real Estate,Commercial,"Deux-Sèvres, Poitou-Charentes, Nouvelle-Aquitaine, FRA",FRI33,,,Name3440205,True,True,False,High
FRA,Small,Real Estate,Commercial,"Deux-Sèvres, Poitou-Charentes, Nouvelle-Aquitaine, FRA",FRI33,,,Name3440206,False,True,False,Low
FRA,Small,Real Estate,Industrial,"Deux-Sèvres, Poitou-Charentes, Nouvelle-Aquitaine, FRA",FRI33,,,Name3440207,True,False,False,Low
FRA,Small,Real Estate,Industrial,"Deux-Sèvres, Poitou-Charentes, Nouvelle-Aquitaine, FRA",FRI33,,,Name3440208,True,True,False,Severe
FRA,Small,Real Estate,Industrial,"Deux-Sèvres, Poitou-Charentes, Nouvelle-Aquitaine, FRA",FRI33,,,Name3440209,False,True,False,Low
FRA,Small,Real Estate,Industrial,"Deux-Sèvres, Poitou-Charentes, Nouvelle-Aquitaine, FRA",FRI33,,,Name3440210,False,True,False,High
FRA,Small,Real Estate,Industrial,"Deux-Sèvres, Poitou-Charentes, Nouvelle-Aquitaine, FRA",FRI33,,,Name3440211,True,True,False,High
FRA,Small,Telecommunications,Mobile,"Deux-Sèvres, Poitou-Charentes, Nouvelle-Aquitaine, FRA",FRI33,,,Name3440214,True,False,False,Medium
FRA,Small,Telecommunications,Mobile,"Deux-Sèvres, Poitou-Charentes, Nouvelle-Aquitaine, FRA",FRI33,,,Name3440215,True,False,False,Low
FRA,Small,Telecommunications,Mobile,"Deux-Sèvres, Poitou-Charentes, Nouvelle-Aquitaine, FRA",FRI33,,,Name3440216,False,True,True,Low
FRA,Small,Telecommunications,Mobile,"Deux-Sèvres, Poitou-Charentes, Nouvelle-Aquitaine, FRA",FRI33,,,Name3440217,True,True,False,High
FRA,Small,Telecommunications,Mobile,"Deux-Sèvres, Poitou-Charentes, Nouvelle-Aquitaine, FRA",FRI33,,,Name3440218,False,False,True,High
FRA,Small,Telecommunications,Mobile,"Deux-Sèvres, Poitou-Charentes, Nouvelle-Aquitaine, FRA",FRI33,,,Name3440222,True,True,False,Severe
FRA,Small,Telecommunications,Mobile,"Deux-Sèvres, Poitou-Charentes, Nouvelle-Aquitaine, FRA",FRI33,,,Name3440224,True,True,False,Severe
FRA,Small,Telecommunications,Mobile,"Deux-Sèvres, Poitou-Charentes, Nouvelle-Aquitaine, FRA",FRI33,,,Name3440225,True,False,False,Severe
FRA,Small,Telecommunications,Mobile,"Deux-Sèvres, Poitou-Charentes, Nouvelle-Aquitaine, FRA",FRI33,,,Name3440226,False,False,True,Low
FRA,Small,Telecommunications,Mobile,"Deux-Sèvres, Poitou-Charentes, Nouvelle-Aquitaine, FRA",FRI33,,,Name3440227,False,True,True,High
FRA,Small,Telecommunications,Mobile,"Deux-Sèvres, Poitou-Charentes, Nouvelle-Aquitaine, FRA",FRI33,,,Name3440228,True,True,False,Low
FRA,Small,Telecommunications,Mobile,"Deux-Sèvres, Poitou-Charentes, Nouvelle-Aquitaine, FRA",FRI33,,,Name3440229,True,False,False,High
FRA,Small,Telecommunications,Mobile,"Deux-Sèvres, Poitou-Charentes, Nouvelle-Aquitaine, FRA",FRI33,,,Name3440230,False,True,True,High
FRA,Small,Telecommunications,Mobile,"Deux-Sèvres, Poitou-Charentes, Nouvelle-Aquitaine, FRA",FRI33,,,Name3440231,False,False,True,Low
FRA,Small,Telecommunications,Mobile,"Deux-Sèvres, Poitou-Charentes, Nouvelle-Aquitaine, FRA",FRI33,,,Name3440232,True,True,False,Low
FRA,Small,Telecommunications,Mobile,"Deux-Sèvres, Poitou-Charentes, Nouvelle-Aquitaine, FRA",FRI33,,,Name3440233,True,False,False,Severe
FRA,Small,Telecommunications,Mobile,"Deux-Sèvres, Poitou-Charentes, Nouvelle-Aquitaine, FRA",FRI33,,,Name3440234,False,False,True,Low
FRA,Small,Telecommunications,Mobile,"Deux-Sèvres, Poitou-Charentes, Nouvelle-Aquitaine, FRA",FRI33,,,Name3440235,True,True,False,Low
FRA,Small,Telecommunications,Mobile,"Deux-Sèvres, Poitou-Charentes, Nouvelle-Aquitaine, FRA",FRI33,,,Name3440236,True,True,False,Severe
FRA,Small,Telecommunications,Mobile,"Deux-Sèvres, Poitou-Charentes, Nouvelle-Aquitaine, FRA",FRI33,,,Name3440237,True,True,False,Severe
FRA,Small,Telecommunications,Mobile,"Deux-Sèvres, Poitou-Charentes, Nouvelle-Aquitaine, FRA",FRI33,,,Name3440238,False,False,True,Severe
FRA,Small,Telecommunications,Mobile,"Deux-Sèvres, Poitou-Charentes, Nouvelle-Aquitaine, FRA",FRI33,,,Name3440239,True,False,False,Severe
FRA,Small,Telecommunications,Mobile,"Deux-Sèvres, Poitou-Charentes, Nouvelle-Aquitaine, FRA",FRI33,,,Name3440240,True,True,False,Low
FRA,Small,Telecommunications,Mobile,"Deux-Sèvres, Poitou-Charentes, Nouvelle-Aquitaine, FRA",FRI33,,,Name3440241,True,False,False,Low
FRA,Small,Telecommunications,Mobile,"Deux-Sèvres, Poitou-Charentes, Nouvelle-Aquitaine, FRA",FRI33,,,Name3440244,False,True,False,High
FRA,Small,Telecommunications,Mobile,"Deux-Sèvres, Poitou-Charentes, Nouvelle-Aquitaine, FRA",FRI33,,,Name3440245,True,False,False,Medium
FRA,Small,Telecommunications,Mobile,"Deux-Sèvres, Poitou-Charentes, Nouvelle-Aquitaine, FRA",FRI33,,,Name3440246,True,False,False,Severe
FRA,Small,Telecommunications,Mobile,"Deux-Sèvres, Poitou-Charentes, Nouvelle-Aquitaine, FRA",FRI33,,,Name3440247,True,False,False,High
FRA,Small,Telecommunications,Mobile,"Deux-Sèvres, Poitou-Charentes, Nouvelle-Aquitaine, FRA",FRI33,,,Name3440248,True,True,False,Severe
FRA,Small,Telecommunications,Mobile,"Deux-Sèvres, Poitou-Charentes, Nouvelle-Aquitaine, FRA",FRI33,,,Name3440249,False,False,True,Medium
FRA,Small,Telecommunications,Mobile,"Deux-Sèvres, Poitou-Charentes, Nouvelle-Aquitaine, FRA",FRI33,,,Name3440250,False,False,True,Medium
FRA,Small,Telecommunications,Mobile,"Deux-Sèvres, Poitou-Charentes, Nouvelle-Aquitaine, FRA",FRI33,,,Name3440251,False,True,True,Low
FRA,Small,Telecommunications,Mobile,"Deux-Sèvres, Poitou-Charentes, Nouvelle-Aquitaine, FRA",FRI33,,,Name3440252,False,True,False,Low
FRA,Small,Telecommunications,Mobile,"Deux-Sèvres, Poitou-Charentes, Nouvelle-Aquitaine, FRA",FRI33,,,Name3440253,False,True,True,Severe
FRA,Small,Telecommunications,Mobile,"Deux-Sèvres, Poitou-Charentes, Nouvelle-Aquitaine, FRA",FRI33,,,Name3440254,True,True,False,Severe
FRA,Small,Telecommunications,Broadband,"Deux-Sèvres, Poitou-Charentes, Nouvelle-Aquitaine, FRA",FRI33,,,Name3440255,True,False,False,Medium
FRA,Small,Telecommunications,Broadband,"Deux-Sèvres, Poitou-Charentes, Nouvelle-Aquitaine, FRA",FRI33,,,Name3440256,False,False,True,Medium
FRA,Small,Telecommunications,Broadband,"Deux-Sèvres, Poitou-Charentes, Nouvelle-Aquitaine, FRA",FRI33,,,Name3440257,False,True,False,Low
FRA,Small,Telecommunications,Broadband,"Deux-Sèvres, Poitou-Charentes, Nouvelle-Aquitaine, FRA",FRI33,,,Name3440259,True,False,False,Severe
FRA,Small,Telecommunications,Broadband,"Deux-Sèvres, Poitou-Charentes, Nouvelle-Aquitaine, FRA",FRI33,,,Name3440260,True,True,False,High
FRA,Small,Telecommunications,Broadband,"Deux-Sèvres, Poitou-Charentes, Nouvelle-Aquitaine, FRA",FRI33,,,Name3440262,True,False,False,Severe
FRA,Small,Telecommunications,Satellite,"Deux-Sèvres, Poitou-Charentes, Nouvelle-Aquitaine, FRA",FRI33,,,Name3440264,False,True,False,Low
FRA,Small,Telecommunications,Satellite,"Deux-Sèvres, Poitou-Charentes, Nouvelle-Aquitaine, FRA",FRI33,,,Name3440265,False,False,True,Medium
FRA,Small,Telecommunications,Satellite,"Deux-Sèvres, Poitou-Charentes, Nouvelle-Aquitaine, FRA",FRI33,,,Name3440266,True,True,False,Low
FRA,Small,Telecommunications,Satellite,"Deux-Sèvres, Poitou-Charentes, Nouvelle-Aquitaine, FRA",FRI33,,,Name3440268,False,True,False,Medium
FRA,Small,Telecommunications,Satellite,"Deux-Sèvres, Poitou-Charentes, Nouvelle-Aquitaine, FRA",FRI33,,,Name3440269,False,True,True,Medium
FRA,Small,Materials,Chemicals,"Deux-Sèvres, Poitou-Charentes, Nouvelle-Aquitaine, FRA",FRI33,,,Name3440270,True,True,False,Low
FRA,Small,Materials,Chemicals,"Deux-Sèvres, Poitou-Charentes, Nouvelle-Aquitaine, FRA",FRI33,,,Name3440271,False,True,False,Severe
FRA,Small,Materials,Chemicals,"Deux-Sèvres, Poitou-Charentes, Nouvelle-Aquitaine, FRA",FRI33,,,Name3440272,True,False,False,High
FRA,Small,Materials,Chemicals,"Deux-Sèvres, Poitou-Charentes, Nouvelle-Aquitaine, FRA",FRI33,,,Name3440273,True,False,False,Severe
FRA,Small,Materials,Chemicals,"Deux-Sèvres, Poitou-Charentes, Nouvelle-Aquitaine, FRA",FRI33,,,Name3440274,True,True,False,Low
FRA,Small,Materials,Chemicals,"Deux-Sèvres, Poitou-Charentes, Nouvelle-Aquitaine, FRA",FRI33,,,Name3440276,True,True,False,Low
FRA,Small,Materials,Chemicals,"Deux-Sèvres, Poitou-Charentes, Nouvelle-Aquitaine, FRA",FRI33,,,Name3440277,True,True,False,Medium
FRA,Small,Materials,Chemicals,"Deux-Sèvres, Poitou-Charentes, Nouvelle-Aquitaine, FRA",FRI33,,,Name3440278,True,False,False,Low
FRA,Small,Materials,Metals & Mining,"Deux-Sèvres, Poitou-Charentes, Nouvelle-Aquitaine, FRA",FRI33,,,Name3440280,True,True,False,Low
FRA,Small,Materials,Metals & Mining,"Deux-Sèvres, Poitou-Charentes, Nouvelle-Aquitaine, FRA",FRI33,,,Name3440281,False,True,True,Severe
FRA,Small,Materials,Metals & Mining,"Deux-Sèvres, Poitou-Charentes, Nouvelle-Aquitaine, FRA",FRI33,,,Name3440282,False,True,True,Low
FRA,Small,Materials,Metals & Mining,"Deux-Sèvres, Poitou-Charentes, Nouvelle-Aquitaine, FRA",FRI33,,,Name3440283,False,False,True,Low
FRA,Small,Materials,Metals & Mining,"Deux-Sèvres, Poitou-Charentes, Nouvelle-Aquitaine, FRA",FRI33,,,Name3440284,False,True,True,High
FRA,Small,Materials,Metals & Mining,"Deux-Sèvres, Poitou-Charentes, Nouvelle-Aquitaine, FRA",FRI33,,,Name3440285,True,True,False,Medium
FRA,Small,Materials,Metals & Mining,"Deux-Sèvres, Poitou-Charentes, Nouvelle-Aquitaine, FRA",FRI33,,,Name3440286,False,True,False,Low
FRA,Small,Materials,Metals & Mining,"Deux-Sèvres, Poitou-Charentes, Nouvelle-Aquitaine, FRA",FRI33,,,Name3440287,True,True,False,Low
FRA,Small,Materials,Construction Materials,"Deux-Sèvres, Poitou-Charentes, Nouvelle-Aquitaine, FRA",FRI33,,,Name3440288,True,False,False,Medium
FRA,Small,Materials,Construction Materials,"Deux-Sèvres, Poitou-Charentes, Nouvelle-Aquitaine, FRA",FRI33,,,Name3440289,False,True,False,Low
FRA,Small,Materials,Construction Materials,"Deux-Sèvres, Poitou-Charentes, Nouvelle-Aquitaine, FRA",FRI33,,,Name3440290,False,True,True,High
FRA,Small,Materials,Construction Materials,"Deux-Sèvres, Poitou-Charentes, Nouvelle-Aquitaine, FRA",FRI33,,,Name3440291,False,True,True,Low
FRA,Small,Materials,Construction Materials,"Deux-Sèvres, Poitou-Charentes, Nouvelle-Aquitaine, FRA",FRI33,,,Name3440292,False,True,False,High
FRA,Small,Materials,Construction Materials,"Deux-Sèvres, Poitou-Charentes, Nouvelle-Aquitaine, FRA",FRI33,,,Name3440293,False,True,False,Medium
FRA,Small,Materials,Construction Materials,"Deux-Sèvres, Poitou-Charentes, Nouvelle-Aquitaine, FRA",FRI33,,,Name3440295,True,False,False,Low
FRA,Small,Materials,Construction Materials,"Deux-Sèvres, Poitou-Charentes, Nouvelle-Aquitaine, FRA",FRI33,,,Name3440296,True,True,False,Severe
FRA,Small,Materials,Construction Materials,"Deux-Sèvres, Poitou-Charentes, Nouvelle-Aquitaine, FRA",FRI33,,,Name3440297,False,True,True,High
FRA,Small,Materials,Construction Materials,"Deux-Sèvres, Poitou-Charentes, Nouvelle-Aquitaine, FRA",FRI33,,,Name3440298,False,True,True,Severe
FRA,Small,Materials,Construction Materials,"Deux-Sèvres, Poitou-Charentes, Nouvelle-Aquitaine, FRA",FRI33,,,Name3440299,False,True,False,Medium
FRA,Small,Materials,Construction Materials,"Deux-Sèvres, Poitou-Charentes, Nouvelle-Aquitaine, FRA",FRI33,,,Name3440300,True,False,False,Medium
FRA,Small,Materials,Construction Materials,"Deux-Sèvres, Poitou-Charentes, Nouvelle-Aquitaine, FRA",FRI33,,,Name3440301,False,True,True,Severe
FRA,Small,Materials,Construction Materials,"Deux-Sèvres, Poitou-Charentes, Nouvelle-Aquitaine, FRA",FRI33,,,Name3440302,False,True,False,High
FRA,Small,Materials,Construction Materials,"Deux-Sèvres, Poitou-Charentes, Nouvelle-Aquitaine, FRA",FRI33,,,Name3440303,False,True,True,Medium
FRA,Small,Materials,Construction Materials,"Deux-Sèvres, Poitou-Charentes, Nouvelle-Aquitaine, FRA",FRI33,,,Name3440304,True,True,False,High
FRA,Small,Materials,Construction Materials,"Deux-Sèvres, Poitou-Charentes, Nouvelle-Aquitaine, FRA",FRI33,,,Name3440306,True,True,False,Severe
FRA,Small,Materials,Construction Materials,"Deux-Sèvres, Poitou-Charentes, Nouvelle-Aquitaine, FRA",FRI33,,,Name3440307,True,False,False,Medium
FRA,Small,Materials,Construction Materials,"Deux-Sèvres, Poitou-Charentes, Nouvelle-Aquitaine, FRA",FRI33,,,Name3440308,True,False,False,Medium
FRA,Small,Materials,Construction Materials,"Deux-Sèvres, Poitou-Charentes, Nouvelle-Aquitaine, FRA",FRI33,,,Name3440309,False,True,True,High
FRA,Small,Materials,Construction Materials,"Deux-Sèvres, Poitou-Charentes, Nouvelle-Aquitaine, FRA",FRI33,,,Name3440310,False,True,True,Low
FRA,Small,Materials,Construction Materials,"Deux-Sèvres, Poitou-Charentes, Nouvelle-Aquitaine, FRA",FRI33,,,Name3440311,True,False,False,Medium
FRA,Small,Materials,Construction Materials,"Deux-Sèvres, Poitou-Charentes, Nouvelle-Aquitaine, FRA",FRI33,,,Name3440313,False,False,True,Medium
FRA,Small,Materials,Construction Materials,"Deux-Sèvres, Poitou-Charentes, Nouvelle-Aquitaine, FRA",FRI33,,,Name3440314,True,True,False,High
FRA,Small,Materials,Construction Materials,"Deux-Sèvres, Poitou-Charentes, Nouvelle-Aquitaine, FRA",FRI33,,,Name3440315,True,False,False,High
FRA,Small,Materials,Construction Materials,"Deux-Sèvres, Poitou-Charentes, Nouvelle-Aquitaine, FRA",FRI33,,,Name3440316,True,False,False,High
FRA,Small,Materials,Construction Materials,"Deux-Sèvres, Poitou-Charentes, Nouvelle-Aquitaine, FRA",FRI33,,,Name3440317,True,True,False,Medium
FRA,Small,Materials,Construction Materials,"Deux-Sèvres, Poitou-Charentes, Nouvelle-Aquitaine, FRA",FRI33,,,Name3440318,False,True,True,Medium
FRA,Small,Materials,Construction Materials,"Deux-Sèvres, Poitou-Charentes, Nouvelle-Aquitaine, FRA",FRI33,,,Name3440319,True,False,False,Medium
FRA,Small,Materials,Construction Materials,"Deux-Sèvres, Poitou-Charentes, Nouvelle-Aquitaine, FRA",FRI33,,,Name3440320,False,True,True,Low
FRA,Small,Materials,Construction Materials,"Deux-Sèvres, Poitou-Charentes, Nouvelle-Aquitaine, FRA",FRI33,,,Name3440321,True,False,False,Low
FRA,Small,Materials,Construction Materials,"Deux-Sèvres, Poitou-Charentes, Nouvelle-Aquitaine, FRA",FRI33,,,Name3440322,False,True,True,Medium
FRA,Small,Materials,Construction Materials,"Deux-Sèvres, Poitou-Charentes, Nouvelle-Aquitaine, FRA",FRI33,,,Name3440323,False,True,False,Medium
FRA,Small,Materials,Construction Materials,"Deux-Sèvres, Poitou-Charentes, Nouvelle-Aquitaine, FRA",FRI33,,,Name3440325,True,True,False,High
FRA,Small,Materials,Construction Materials,"Deux-Sèvres, Poitou-Charentes, Nouvelle-Aquitaine, FRA",FRI33,,,Name3440327,False,True,False,High
FRA,Small,Materials,Construction Materials,"Deux-Sèvres, Poitou-Charentes, Nouvelle-Aquitaine, FRA",FRI33,,,Name3440328,True,False,False,High
FRA,Small,Materials,Construction Materials,"Deux-Sèvres, Poitou-Charentes, Nouvelle-Aquitaine, FRA",FRI33,,,Name3440330,False,True,True,Medium
FRA,Small,Materials,Construction Materials,"Deux-Sèvres, Poitou-Charentes, Nouvelle-Aquitaine, FRA",FRI33,,,Name3440331,True,False,False,Low
FRA,Small,Materials,Construction Materials,"Deux-Sèvres, Poitou-Charentes, Nouvelle-Aquitaine, FRA",FRI33,,,Name3440332,False,False,True,Medium
FRA,Small,Materials,Construction Materials,"Deux-Sèvres, Poitou-Charentes, Nouvelle-Aquitaine, FRA",FRI33,,,Name3440333,True,False,False,High
FRA,Small,Materials,Construction Materials,"Deux-Sèvres, Poitou-Charentes, Nouvelle-Aquitaine, FRA",FRI33,,,Name3440334,False,True,False,High
FRA,Small,Materials,Construction Materials,"Deux-Sèvres, Poitou-Charentes, Nouvelle-Aquitaine, FRA",FRI33,,,Name3440335,True,True,False,Low
FRA,Small,Industrials,Aerospace & Defense,"Deux-Sèvres, Poitou-Charentes, Nouvelle-Aquitaine, FRA",FRI33,,,Name3440336,False,True,True,Medium
FRA,Small,Industrials,Aerospace & Defense,"Deux-Sèvres, Poitou-Charentes, Nouvelle-Aquitaine, FRA",FRI33,,,Name3440337,False,True,False,Medium
FRA,Small,Industrials,Aerospace & Defense,"Deux-Sèvres, Poitou-Charentes, Nouvelle-Aquitaine, FRA",FRI33,,,Name3440338,True,False,False,Low
FRA,Small,Industrials,Aerospace & Defense,"Deux-Sèvres, Poitou-Charentes, Nouvelle-Aquitaine, FRA",FRI33,,,Name3440339,False,False,True,Medium
FRA,Small,Industrials,Aerospace & Defense,"Deux-Sèvres, Poitou-Charentes, Nouvelle-Aquitaine, FRA",FRI33,,,Name3440342,True,True,False,High
FRA,Small,Industrials,Aerospace & Defense,"Deux-Sèvres, Poitou-Charentes, Nouvelle-Aquitaine, FRA",FRI33,,,Name3440343,True,False,False,High
FRA,Small,Industrials,Aerospace & Defense,"Deux-Sèvres, Poitou-Charentes, Nouvelle-Aquitaine, FRA",FRI33,,,Name3440344,False,False,True,Medium
FRA,Small,Industrials,Aerospace & Defense,"Deux-Sèvres, Poitou-Charentes, Nouvelle-Aquitaine, FRA",FRI33,,,Name3440345,False,False,True,High
FRA,Small,Industrials,Aerospace & Defense,"Deux-Sèvres, Poitou-Charentes, Nouvelle-Aquitaine, FRA",FRI33,,,Name3440346,True,True,False,Low
FRA,Small,Industrials,Aerospace & Defense,"Deux-Sèvres, Poitou-Charentes, Nouvelle-Aquitaine, FRA",FRI33,,,Name3440347,False,True,False,Medium
FRA,Small,Industrials,Aerospace & Defense,"Deux-Sèvres, Poitou-Charentes, Nouvelle-Aquitaine, FRA",FRI33,,,Name3440348,False,False,True,Severe
FRA,Small,Industrials,Machinery,"Deux-Sèvres, Poitou-Charentes, Nouvelle-Aquitaine, FRA",FRI33,,,Name3440349,False,False,True,Low
FRA,Small,Industrials,Machinery,"Deux-Sèvres, Poitou-Charentes, Nouvelle-Aquitaine, FRA",FRI33,,,Name3440350,False,False,True,Low
FRA,Small,Industrials,Machinery,"Deux-Sèvres, Poitou-Charentes, Nouvelle-Aquitaine, FRA",FRI33,,,Name3440351,True,False,False,Medium
FRA,Small,Industrials,Machinery,"Deux-Sèvres, Poitou-Charentes, Nouvelle-Aquitaine, FRA",FRI33,,,Name3440353,False,True,True,High
FRA,Small,Industrials,Machinery,"Deux-Sèvres, Poitou-Charentes, Nouvelle-Aquitaine, FRA",FRI33,,,Name3440354,True,False,False,Low
FRA,Small,Industrials,Machinery,"Deux-Sèvres, Poitou-Charentes, Nouvelle-Aquitaine, FRA",FRI33,,,Name3440355,False,True,False,Severe
FRA,Small,Industrials,Machinery,"Deux-Sèvres, Poitou-Charentes, Nouvelle-Aquitaine, FRA",FRI33,,,Name3440356,True,False,False,High
FRA,Small,Industrials,Machinery,"Deux-Sèvres, Poitou-Charentes, Nouvelle-Aquitaine, FRA",FRI33,,,Name3440357,False,True,True,Severe
FRA,Small,Industrials,Machinery,"Deux-Sèvres, Poitou-Charentes, Nouvelle-Aquitaine, FRA",FRI33,,,Name3440358,False,True,True,Severe
FRA,Small,Industrials,Machinery,"Deux-Sèvres, Poitou-Charentes, Nouvelle-Aquitaine, FRA",FRI33,,,Name3440359,False,False,True,Medium
FRA,Small,Industrials,Machinery,"Deux-Sèvres, Poitou-Charentes, Nouvelle-Aquitaine, FRA",FRI33,,,Name3440360,True,False,False,Low
FRA,Small,Industrials,Machinery,"Deux-Sèvres, Poitou-Charentes, Nouvelle-Aquitaine, FRA",FRI33,,,Name3440361,True,True,False,Low
FRA,Small,Industrials,Machinery,"Deux-Sèvres, Poitou-Charentes, Nouvelle-Aquitaine, FRA",FRI33,,,Name3440362,True,True,False,Medium
FRA,Small,Industrials,Machinery,"Deux-Sèvres, Poitou-Charentes, Nouvelle-Aquitaine, FRA",FRI33,,,Name3440363,True,False,False,Low
FRA,Small,Industrials,Industrial Services,"Deux-Sèvres, Poitou-Charentes, Nouvelle-Aquitaine, FRA",FRI33,,,Name3440365,False,True,True,Medium
FRA,Small,Industrials,Industrial Services,"Deux-Sèvres, Poitou-Charentes, Nouvelle-Aquitaine, FRA",FRI33,,,Name3440367,True,True,False,Severe
FRA,Small,Industrials,Industrial Services,"Deux-Sèvres, Poitou-Charentes, Nouvelle-Aquitaine, FRA",FRI33,,,Name3440368,True,False,False,Severe
FRA,Small,Industrials,Industrial Services,"Deux-Sèvres, Poitou-Charentes, Nouvelle-Aquitaine, FRA",FRI33,,,Name3440369,True,False,False,Medium
FRA,Small,Industrials,Industrial Services,"Deux-Sèvres, Poitou-Charentes, Nouvelle-Aquitaine, FRA",FRI33,,,Name3440370,True,False,False,Medium
FRA,Small,Industrials,Industrial Services,"Deux-Sèvres, Poitou-Charentes, Nouvelle-Aquitaine, FRA",FRI33,,,Name3440371,True,True,False,Medium
FRA,Small,Industrials,Industrial Services,"Deux-Sèvres, Poitou-Charentes, Nouvelle-Aquitaine, FRA",FRI33,,,Name3440372,False,True,True,Low
FRA,Small,Industrials,Industrial Services,"Deux-Sèvres, Poitou-Charentes, Nouvelle-Aquitaine, FRA",FRI33,,,Name3440373,True,False,False,Low
FRA,Small,Industrials,Industrial Services,"Deux-Sèvres, Poitou-Charentes, Nouvelle-Aquitaine, FRA",FRI33,,,Name3440374,False,True,True,Low
FRA,Small,Industrials,Industrial Services,"Deux-Sèvres, Poitou-Charentes, Nouvelle-Aquitaine, FRA",FRI33,,,Name3440375,False,True,False,Severe
FRA,Small,Industrials,Industrial Services,"Deux-Sèvres, Poitou-Charentes, Nouvelle-Aquitaine, FRA",FRI33,,,Name3440376,True,False,False,Medium
FRA,Small,Industrials,Industrial Services,"Deux-Sèvres, Poitou-Charentes, Nouvelle-Aquitaine, FRA",FRI33,,,Name3440377,True,True,False,Low
FRA,Small,Industrials,Industrial Services,"Deux-Sèvres, Poitou-Charentes, Nouvelle-Aquitaine, FRA",FRI33,,,Name3440378,True,False,False,Severe
FRA,Small,Industrials,Industrial Services,"Deux-Sèvres, Poitou-Charentes, Nouvelle-Aquitaine, FRA",FRI33,,,Name3440380,False,True,False,Medium
FRA,Small,Industrials,Industrial Services,"Deux-Sèvres, Poitou-Charentes, Nouvelle-Aquitaine, FRA",FRI33,,,Name3440381,True,False,False,High
FRA,Small,Industrials,Industrial Services,"Deux-Sèvres, Poitou-Charentes, Nouvelle-Aquitaine, FRA",FRI33,,,Name3440382,False,False,True,Low
FRA,Small,Industrials,Industrial Services,"Deux-Sèvres, Poitou-Charentes, Nouvelle-Aquitaine, FRA",FRI33,,,Name3440383,True,False,False,Severe
FRA,Small,Consumer Services,Retail,"Deux-Sèvres, Poitou-Charentes, Nouvelle-Aquitaine, FRA",FRI33,,,Name3440384,True,True,False,High
FRA,Small,Consumer Services,Retail,"Deux-Sèvres, Poitou-Charentes, Nouvelle-Aquitaine, FRA",FRI33,,,Name3440385,False,False,True,Medium
FRA,Small,Consumer Services,Retail,"Deux-Sèvres, Poitou-Charentes, Nouvelle-Aquitaine, FRA",FRI33,,,Name3440386,False,True,True,Severe
FRA,Small,Consumer Services,Retail,"Deux-Sèvres, Poitou-Charentes, Nouvelle-Aquitaine, FRA",FRI33,,,Name3440387,False,False,True,Severe
FRA,Small,Consumer Services,Travel & Leisure,"Deux-Sèvres, Poitou-Charentes, Nouvelle-Aquitaine, FRA",FRI33,,,Name3440390,True,False,False,Low
FRA,Small,Consumer Services,Travel & Leisure,"Deux-Sèvres, Poitou-Charentes, Nouvelle-Aquitaine, FRA",FRI33,,,Name3440391,True,True,False,Medium
FRA,Small,Consumer Services,Travel & Leisure,"Deux-Sèvres, Poitou-Charentes, Nouvelle-Aquitaine, FRA",FRI33,,,Name3440392,True,False,False,Medium
FRA,Small,Consumer Services,Travel & Leisure,"Deux-Sèvres, Poitou-Charentes, Nouvelle-Aquitaine, FRA",FRI33,,,Name3440393,True,False,False,Medium
FRA,Small,Consumer Services,Travel & Leisure,"Deux-Sèvres, Poitou-Charentes, Nouvelle-Aquitaine, FRA",FRI33,,,Name3440394,True,True,False,High
FRA,Small,Consumer Services,Travel & Leisure,"Deux-Sèvres, Poitou-Charentes, Nouvelle-Aquitaine, FRA",FRI33,,,Name3440396,False,False,True,High
FRA,Small,Consumer Services,Travel & Leisure,"Deux-Sèvres, Poitou-Charentes, Nouvelle-Aquitaine, FRA",FRI33,,,Name3440397,True,False,False,Severe
FRA,Small,Consumer Services,Travel & Leisure,"Deux-Sèvres, Poitou-Charentes, Nouvelle-Aquitaine, FRA",FRI33,,,Name3440398,True,True,False,Medium
FRA,Small,Consumer Services,Travel & Leisure,"Deux-Sèvres, Poitou-Charentes, Nouvelle-Aquitaine, FRA",FRI33,,,Name3440399,True,False,False,Medium
FRA,Small,Consumer Services,Travel & Leisure,"Deux-Sèvres, Poitou-Charentes, Nouvelle-Aquitaine, FRA",FRI33,,,Name3440400,False,True,True,Severe
FRA,Small,Consumer Services,Travel & Leisure,"Deux-Sèvres, Poitou-Charentes, Nouvelle-Aquitaine, FRA",FRI33,,,Name3440401,False,True,True,Severe
FRA,Small,Consumer Services,Travel & Leisure,"Deux-Sèvres, Poitou-Charentes, Nouvelle-Aquitaine, FRA",FRI33,,,Name3440403,True,False,False,Low
FRA,Small,Consumer Services,Travel & Leisure,"Deux-Sèvres, Poitou-Charentes, Nouvelle-Aquitaine, FRA",FRI33,,,Name3440404,False,True,True,Medium
FRA,Small,Consumer Services,Travel & Leisure,"Deux-Sèvres, Poitou-Charentes, Nouvelle-Aquitaine, FRA",FRI33,,,Name3440405,True,True,False,High
FRA,Small,Consumer Services,Travel & Leisure,"Deux-Sèvres, Poitou-Charentes, Nouvelle-Aquitaine, FRA",FRI33,,,Name3440407,True,True,False,Severe
FRA,Small,Consumer Services,Travel & Leisure,"Deux-Sèvres, Poitou-Charentes, Nouvelle-Aquitaine, FRA",FRI33,,,Name3440409,False,True,True,Low
FRA,Small,Consumer Services,Travel & Leisure,"Deux-Sèvres, Poitou-Charentes, Nouvelle-Aquitaine, FRA",FRI33,,,Name3440410,True,True,False,High
FRA,Small,Consumer Services,Travel & Leisure,"Deux-Sèvres, Poitou-Charentes, Nouvelle-Aquitaine, FRA",FRI33,,,Name3440412,True,True,False,High
FRA,Small,Consumer Services,Travel & Leisure,"Deux-Sèvres, Poitou-Charentes, Nouvelle-Aquitaine, FRA",FRI33,,,Name3440413,False,True,False,Low
FRA,Small,Consumer Services,Travel & Leisure,"Deux-Sèvres, Poitou-Charentes, Nouvelle-Aquitaine, FRA",FRI33,,,Name3440415,False,False,True,High
FRA,Small,Consumer Services,Travel & Leisure,"Deux-Sèvres, Poitou-Charentes, Nouvelle-Aquitaine, FRA",FRI33,,,Name3440416,True,False,False,Severe
FRA,Small,Consumer Services,Travel & Leisure,"Deux-Sèvres, Poitou-Charentes, Nouvelle-Aquitaine, FRA",FRI33,,,Name3440417,True,False,False,High
FRA,Small,Consumer Services,Travel & Leisure,"Deux-Sèvres, Poitou-Charentes, Nouvelle-Aquitaine, FRA",FRI33,,,Name3440418,True,True,False,Severe
FRA,Small,Consumer Services,Travel & Leisure,"Deux-Sèvres, Poitou-Charentes, Nouvelle-Aquitaine, FRA",FRI33,,,Name3440419,True,False,False,Severe
FRA,Small,Consumer Services,Travel & Leisure,"Deux-Sèvres, Poitou-Charentes, Nouvelle-Aquitaine, FRA",FRI33,,,Name3440420,True,True,False,High
FRA,Small,Consumer Services,Travel & Leisure,"Deux-Sèvres, Poitou-Charentes, Nouvelle-Aquitaine, FRA",FRI33,,,Name3440421,False,False,True,Medium
FRA,Small,Consumer Services,Travel & Leisure,"Deux-Sèvres, Poitou-Charentes, Nouvelle-Aquitaine, FRA",FRI33,,,Name3440422,True,True,False,High
FRA,Small,Consumer Services,Travel & Leisure,"Deux-Sèvres, Poitou-Charentes, Nouvelle-Aquitaine, FRA",FRI33,,,Name3440423,True,True,False,High
FRA,Small,Consumer Services,Travel & Leisure,"Deux-Sèvres, Poitou-Charentes, Nouvelle-Aquitaine, FRA",FRI33,,,Name3440424,True,False,False,Severe
FRA,Small,Consumer Services,Travel & Leisure,"Deux-Sèvres, Poitou-Charentes, Nouvelle-Aquitaine, FRA",FRI33,,,Name3440425,False,True,True,Medium
FRA,Small,Consumer Services,Travel & Leisure,"Deux-Sèvres, Poitou-Charentes, Nouvelle-Aquitaine, FRA",FRI33,,,Name3440426,False,True,False,High
FRA,Small,Consumer Services,Travel & Leisure,"Deux-Sèvres, Poitou-Charentes, Nouvelle-Aquitaine, FRA",FRI33,,,Name3440428,True,True,False,High
FRA,Small,Consumer Services,Travel & Leisure,"Deux-Sèvres, Poitou-Charentes, Nouvelle-Aquitaine, FRA",FRI33,,,Name3440429,False,True,False,Low
FRA,Small,Consumer Services,Travel & Leisure,"Deux-Sèvres, Poitou-Charentes, Nouvelle-Aquitaine, FRA",FRI33,,,Name3440430,False,True,True,High
FRA,Small,Consumer Services,Media,"Deux-Sèvres, Poitou-Charentes, Nouvelle-Aquitaine, FRA",FRI33,,,Name3440431,True,False,False,High
FRA,Small,Consumer Services,Media,"Deux-Sèvres, Poitou-Charentes, Nouvelle-Aquitaine, FRA",FRI33,,,Name3440432,True,True,False,High
FRA,Small,Consumer Services,Media,"Deux-Sèvres, Poitou-Charentes, Nouvelle-Aquitaine, FRA",FRI33,,,Name3440433,False,False,True,Low
FRA,Small,Consumer Services,Media,"Deux-Sèvres, Poitou-Charentes, Nouvelle-Aquitaine, FRA",FRI33,,,Name3440434,False,False,True,Medium
FRA,Small,Consumer Services,Media,"Deux-Sèvres, Poitou-Charentes, Nouvelle-Aquitaine, FRA",FRI33,,,Name3440435,True,False,False,Severe
FRA,Small,Consumer Services,Media,"Deux-Sèvres, Poitou-Charentes, Nouvelle-Aquitaine, FRA",FRI33,,,Name3440436,False,False,True,Low
FRA,Small,Transportation,Airlines,"Deux-Sèvres, Poitou-Charentes, Nouvelle-Aquitaine, FRA",FRI33,,,Name3440437,True,True,False,Medium
FRA,Small,Transportation,Airlines,"Deux-Sèvres, Poitou-Charentes, Nouvelle-Aquitaine, FRA",FRI33,,,Name3440438,False,False,True,Severe
FRA,Small,Transportation,Airlines,"Deux-Sèvres, Poitou-Charentes, Nouvelle-Aquitaine, FRA",FRI33,,,Name3440439,False,False,True,Medium
FRA,Small,Transportation,Airlines,"Deux-Sèvres, Poitou-Charentes, Nouvelle-Aquitaine, FRA",FRI33,,,Name3440440,True,False,False,Medium
FRA,Small,Transportation,Airlines,"Deux-Sèvres, Poitou-Charentes, Nouvelle-Aquitaine, FRA",FRI33,,,Name3440441,False,True,False,High
FRA,Small,Transportation,Airlines,"Deux-Sèvres, Poitou-Charentes, Nouvelle-Aquitaine, FRA",FRI33,,,Name3440442,False,False,True,Medium
FRA,Small,Transportation,Airlines,"Deux-Sèvres, Poitou-Charentes, Nouvelle-Aquitaine, FRA",FRI33,,,Name3440443,False,True,True,Medium
FRA,Small,Transportation,Airlines,"Deux-Sèvres, Poitou-Charentes, Nouvelle-Aquitaine, FRA",FRI33,,,Name3440444,False,True,False,Medium
FRA,Small,Transportation,Airlines,"Deux-Sèvres, Poitou-Charentes, Nouvelle-Aquitaine, FRA",FRI33,,,Name3440445,True,False,False,Low
FRA,Small,Transportation,Airlines,"Deux-Sèvres, Poitou-Charentes, Nouvelle-Aquitaine, FRA",FRI33,,,Name3440446,True,True,False,Medium
FRA,Small,Transportation,Airlines,"Deux-Sèvres, Poitou-Charentes, Nouvelle-Aquitaine, FRA",FRI33,,,Name3440447,True,True,False,Medium
FRA,Small,Transportation,Airlines,"Deux-Sèvres, Poitou-Charentes, Nouvelle-Aquitaine, FRA",FRI33,,,Name3440448,False,True,True,Severe
FRA,Small,Transportation,Airlines,"Deux-Sèvres, Poitou-Charentes, Nouvelle-Aquitaine, FRA",FRI33,,,Name3440449,True,True,False,High
FRA,Small,Transportation,Airlines,"Deux-Sèvres, Poitou-Charentes, Nouvelle-Aquitaine, FRA",FRI33,,,Name3440450,False,True,False,Severe
FRA,Small,Transportation,Airlines,"Deux-Sèvres, Poitou-Charentes, Nouvelle-Aquitaine, FRA",FRI33,,,Name3440451,False,True,True,High
FRA,Small,Transportation,Airlines,"Deux-Sèvres, Poitou-Charentes, Nouvelle-Aquitaine, FRA",FRI33,,,Name3440452,False,False,True,Severe
FRA,Small,Transportation,Airlines,"Deux-Sèvres, Poitou-Charentes, Nouvelle-Aquitaine, FRA",FRI33,,,Name3440454,True,False,False,Severe
FRA,Small,Transportation,Airlines,"Deux-Sèvres, Poitou-Charentes, Nouvelle-Aquitaine, FRA",FRI33,,,Name3440455,False,False,True,Severe
FRA,Small,Transportation,Airlines,"Deux-Sèvres, Poitou-Charentes, Nouvelle-Aquitaine, FRA",FRI33,,,Name3440456,True,True,False,Severe
FRA,Small,Transportation,Airlines,"Deux-Sèvres, Poitou-Charentes, Nouvelle-Aquitaine, FRA",FRI33,,,Name3440457,True,True,False,Low
FRA,Small,Transportation,Airlines,"Deux-Sèvres, Poitou-Charentes, Nouvelle-Aquitaine, FRA",FRI33,,,Name3440458,False,True,False,Medium
FRA,Small,Transportation,Airlines,"Deux-Sèvres, Poitou-Charentes, Nouvelle-Aquitaine, FRA",FRI33,,,Name3440459,True,True,False,High
FRA,Small,Transportation,Airlines,"Deux-Sèvres, Poitou-Charentes, Nouvelle-Aquitaine, FRA",FRI33,,,Name3440460,False,False,True,Low
FRA,Small,Transportation,Airlines,"Deux-Sèvres, Poitou-Charentes, Nouvelle-Aquitaine, FRA",FRI33,,,Name3440461,False,False,True,High
FRA,Small,Transportation,Airlines,"Deux-Sèvres, Poitou-Charentes, Nouvelle-Aquitaine, FRA",FRI33,,,Name3440462,True,True,False,Medium
FRA,Small,Transportation,Airlines,"Deux-Sèvres, Poitou-Charentes, Nouvelle-Aquitaine, FRA",FRI33,,,Name3440463,False,False,True,Medium
FRA,Small,Transportation,Airlines,"Deux-Sèvres, Poitou-Charentes, Nouvelle-Aquitaine, FRA",FRI33,,,Name3440465,False,False,True,Severe
FRA,Small,Transportation,Airlines,"Deux-Sèvres, Poitou-Charentes, Nouvelle-Aquitaine, FRA",FRI33,,,Name3440466,True,False,False,High
FRA,Small,Transportation,Airlines,"Deux-Sèvres, Poitou-Charentes, Nouvelle-Aquitaine, FRA",FRI33,,,Name3440467,True,True,False,Severe
FRA,Small,Transportation,Airlines,"Deux-Sèvres, Poitou-Charentes, Nouvelle-Aquitaine, FRA",FRI33,,,Name3440468,False,True,True,Severe
FRA,Small,Transportation,Airlines,"Deux-Sèvres, Poitou-Charentes, Nouvelle-Aquitaine, FRA",FRI33,,,Name3440470,True,False,False,High
FRA,Small,Transportation,Airlines,"Deux-Sèvres, Poitou-Charentes, Nouvelle-Aquitaine, FRA",FRI33,,,Name3440471,True,True,False,High
FRA,Small,Transportation,Airlines,"Deux-Sèvres, Poitou-Charentes, Nouvelle-Aquitaine, FRA",FRI33,,,Name3440472,False,True,False,Low
FRA,Small,Transportation,Airlines,"Deux-Sèvres, Poitou-Charentes, Nouvelle-Aquitaine, FRA",FRI33,,,Name3440473,True,False,False,Medium
FRA,Small,Transportation,Airlines,"Deux-Sèvres, Poitou-Charentes, Nouvelle-Aquitaine, FRA",FRI33,,,Name3440474,False,True,True,Low
FRA,Small,Transportation,Airlines,"Deux-Sèvres, Poitou-Charentes, Nouvelle-Aquitaine, FRA",FRI33,,,Name3440475,True,False,False,Low
FRA,Small,Transportation,Airlines,"Deux-Sèvres, Poitou-Charentes, Nouvelle-Aquitaine, FRA",FRI33,,,Name3440476,True,True,False,Severe
FRA,Small,Transportation,Airlines,"Deux-Sèvres, Poitou-Charentes, Nouvelle-Aquitaine, FRA",FRI33,,,Name3440477,True,False,False,High
FRA,Small,Transportation,Airlines,"Deux-Sèvres, Poitou-Charentes, Nouvelle-Aquitaine, FRA",FRI33,,,Name3440478,True,False,False,Severe
FRA,Small,Transportation,Airlines,"Deux-Sèvres, Poitou-Charentes, Nouvelle-Aquitaine, FRA",FRI33,,,Name3440479,True,False,False,Low
FRA,Small,Transportation,Airlines,"Deux-Sèvres, Poitou-Charentes, Nouvelle-Aquitaine, FRA",FRI33,,,Name3440480,True,True,False,Severe
FRA,Small,Transportation,Airlines,"Deux-Sèvres, Poitou-Charentes, Nouvelle-Aquitaine, FRA",FRI33,,,Name3440482,True,False,False,Medium
FRA,Small,Transportation,Railroads,"Deux-Sèvres, Poitou-Charentes, Nouvelle-Aquitaine, FRA",FRI33,,,Name3440483,True,False,False,Severe
FRA,Small,Transportation,Railroads,"Deux-Sèvres, Poitou-Charentes, Nouvelle-Aquitaine, FRA",FRI33,,,Name3440484,False,True,True,High
FRA,Small,Transportation,Railroads,"Deux-Sèvres, Poitou-Charentes, Nouvelle-Aquitaine, FRA",FRI33,,,Name3440485,False,True,False,Severe
FRA,Small,Transportation,Railroads,"Deux-Sèvres, Poitou-Charentes, Nouvelle-Aquitaine, FRA",FRI33,,,Name3440486,False,True,False,Severe
FRA,Small,Transportation,Railroads,"Deux-Sèvres, Poitou-Charentes, Nouvelle-Aquitaine, FRA",FRI33,,,Name3440487,False,True,False,Severe
FRA,Small,Transportation,Logistics,"Deux-Sèvres, Poitou-Charentes, Nouvelle-Aquitaine, FRA",FRI33,,,Name3440488,False,True,False,Medium
FRA,Small,Transportation,Logistics,"Deux-Sèvres, Poitou-Charentes, Nouvelle-Aquitaine, FRA",FRI33,,,Name3440489,False,False,True,Medium
FRA,Small,Transportation,Logistics,"Deux-Sèvres, Poitou-Charentes, Nouvelle-Aquitaine, FRA",FRI33,,,Name3440490,True,True,False,High
FRA,Small,Transportation,Logistics,"Deux-Sèvres, Poitou-Charentes, Nouvelle-Aquitaine, FRA",FRI33,,,Name3440491,True,False,False,High
FRA,Small,Transportation,Logistics,"Deux-Sèvres, Poitou-Charentes, Nouvelle-Aquitaine, FRA",FRI33,,,Name3440492,False,False,True,Medium
FRA,Small,Transportation,Logistics,"Deux-Sèvres, Poitou-Charentes, Nouvelle-Aquitaine, FRA",FRI33,,,Name3440493,False,True,False,Severe
FRA,Small,Transportation,Logistics,"Deux-Sèvres, Poitou-Charentes, Nouvelle-Aquitaine, FRA",FRI33,,,Name3440495,True,True,False,Severe
FRA,Small,Transportation,Logistics,"Deux-Sèvres, Poitou-Charentes, Nouvelle-Aquitaine, FRA",FRI33,,,Name3440497,True,False,False,Medium
FRA,Small,Transportation,Logistics,"Deux-Sèvres, Poitou-Charentes, Nouvelle-Aquitaine, FRA",FRI33,,,Name3440498,False,True,False,Low
FRA,Small,Transportation,Logistics,"Deux-Sèvres, Poitou-Charentes, Nouvelle-Aquitaine, FRA",FRI33,,,Name3440499,False,True,False,Low
FRA,Small,Transportation,Logistics,"Deux-Sèvres, Poitou-Charentes, Nouvelle-Aquitaine, FRA",FRI33,,,Name3440501,True,False,False,Medium
FRA,Small,Transportation,Logistics,"Deux-Sèvres, Poitou-Charentes, Nouvelle-Aquitaine, FRA",FRI33,,,Name3440502,False,False,True,Severe
FRA,Small,Transportation,Logistics,"Deux-Sèvres, Poitou-Charentes, Nouvelle-Aquitaine, FRA",FRI33,,,Name3440503,False,False,True,Medium
FRA,Micro,Technology,Software,"Deux-Sèvres, Poitou-Charentes, Nouvelle-Aquitaine, FRA",FRI33,,,Name3440504,False,True,True,High
FRA,Micro,Technology,Software,"Deux-Sèvres, Poitou-Charentes, Nouvelle-Aquitaine, FRA",FRI33,,,Name3440505,True,False,False,Low
FRA,Micro,Technology,Software,"Deux-Sèvres, Poitou-Charentes, Nouvelle-Aquitaine, FRA",FRI33,,,Name3440507,True,False,False,Severe
FRA,Micro,Technology,Software,"Deux-Sèvres, Poitou-Charentes, Nouvelle-Aquitaine, FRA",FRI33,,,Name3440508,True,True,False,Medium
FRA,Micro,Technology,Software,"Deux-Sèvres, Poitou-Charentes, Nouvelle-Aquitaine, FRA",FRI33,,,Name3440509,False,True,True,Medium
FRA,Micro,Technology,Software,"Deux-Sèvres, Poitou-Charentes, Nouvelle-Aquitaine, FRA",FRI33,,,Name3440513,False,True,False,High
FRA,Micro,Technology,Software,"Deux-Sèvres, Poitou-Charentes, Nouvelle-Aquitaine, FRA",FRI33,,,Name3440514,False,True,False,Medium
FRA,Micro,Technology,Software,"Deux-Sèvres, Poitou-Charentes, Nouvelle-Aquitaine, FRA",FRI33,,,Name3440515,True,True,False,Severe
FRA,Micro,Technology,Software,"Deux-Sèvres, Poitou-Charentes, Nouvelle-Aquitaine, FRA",FRI33,,,Name3440516,False,True,True,Medium
FRA,Micro,Technology,Software,"Deux-Sèvres, Poitou-Charentes, Nouvelle-Aquitaine, FRA",FRI33,,,Name3440517,True,True,False,Severe
FRA,Micro,Technology,Software,"Deux-Sèvres, Poitou-Charentes, Nouvelle-Aquitaine, FRA",FRI33,,,Name3440518,False,False,True,Low
FRA,Micro,Technology,Software,"Deux-Sèvres, Poitou-Charentes, Nouvelle-Aquitaine, FRA",FRI33,,,Name3440519,True,True,False,High
FRA,Micro,Technology,Software,"Deux-Sèvres, Poitou-Charentes, Nouvelle-Aquitaine, FRA",FRI33,,,Name3440520,False,True,True,Medium
FRA,Micro,Technology,Software,"Deux-Sèvres, Poitou-Charentes, Nouvelle-Aquitaine, FRA",FRI33,,,Name3440521,True,False,False,High
FRA,Micro,Technology,Software,"Deux-Sèvres, Poitou-Charentes, Nouvelle-Aquitaine, FRA",FRI33,,,Name3440522,False,True,False,Medium
FRA,Micro,Technology,Software,"Deux-Sèvres, Poitou-Charentes, Nouvelle-Aquitaine, FRA",FRI33,,,Name3440523,True,True,False,High
FRA,Micro,Technology,Software,"Deux-Sèvres, Poitou-Charentes, Nouvelle-Aquitaine, FRA",FRI33,,,Name3440524,True,False,False,Low
FRA,Micro,Technology,Software,"Deux-Sèvres, Poitou-Charentes, Nouvelle-Aquitaine, FRA",FRI33,,,Name3440525,True,True,False,Medium
FRA,Micro,Technology,Software,"Deux-Sèvres, Poitou-Charentes, Nouvelle-Aquitaine, FRA",FRI33,,,Name3440526,False,True,True,High
FRA,Micro,Technology,Software,"Deux-Sèvres, Poitou-Charentes, Nouvelle-Aquitaine, FRA",FRI33,,,Name3440527,False,True,True,Medium
FRA,Micro,Technology,Software,"Deux-Sèvres, Poitou-Charentes, Nouvelle-Aquitaine, FRA",FRI33,,,Name3440528,False,True,False,Severe
FRA,Micro,Technology,Software,"Deux-Sèvres, Poitou-Charentes, Nouvelle-Aquitaine, FRA",FRI33,,,Name3440529,True,True,False,Medium
FRA,Micro,Technology,Software,"Deux-Sèvres, Poitou-Charentes, Nouvelle-Aquitaine, FRA",FRI33,,,Name3440530,True,True,False,Medium
FRA,Micro,Technology,Software,"Deux-Sèvres, Poitou-Charentes, Nouvelle-Aquitaine, FRA",FRI33,,,Name3440531,True,True,False,High
FRA,Micro,Technology,Software,"Deux-Sèvres, Poitou-Charentes, Nouvelle-Aquitaine, FRA",FRI33,,,Name3440533,True,True,False,Low
FRA,Micro,Technology,Software,"Deux-Sèvres, Poitou-Charentes, Nouvelle-Aquitaine, FRA",FRI33,,,Name3440534,False,True,False,Low
FRA,Micro,Technology,Software,"Deux-Sèvres, Poitou-Charentes, Nouvelle-Aquitaine, FRA",FRI33,,,Name3440536,True,False,False,Medium
FRA,Micro,Technology,Software,"Deux-Sèvres, Poitou-Charentes, Nouvelle-Aquitaine, FRA",FRI33,,,Name3440537,True,True,False,Severe
FRA,Micro,Technology,Software,"Deux-Sèvres, Poitou-Charentes, Nouvelle-Aquitaine, FRA",FRI33,,,Name3440538,True,False,False,High
FRA,Micro,Technology,Software,"Deux-Sèvres, Poitou-Charentes, Nouvelle-Aquitaine, FRA",FRI33,,,Name3440540,False,True,False,High
FRA,Micro,Technology,Software,"Deux-Sèvres, Poitou-Charentes, Nouvelle-Aquitaine, FRA",FRI33,,,Name3440542,True,True,False,High
FRA,Micro,Technology,Software,"Deux-Sèvres, Poitou-Charentes, Nouvelle-Aquitaine, FRA",FRI33,,,Name3440543,True,False,False,Severe
FRA,Micro,Technology,Software,"Deux-Sèvres, Poitou-Charentes, Nouvelle-Aquitaine, FRA",FRI33,,,Name3440544,True,True,False,Severe
FRA,Micro,Technology,Software,"Deux-Sèvres, Poitou-Charentes, Nouvelle-Aquitaine, FRA",FRI33,,,Name3440545,True,False,False,High
FRA,Micro,Technology,Software,"Deux-Sèvres, Poitou-Charentes, Nouvelle-Aquitaine, FRA",FRI33,,,Name3440546,True,True,False,Severe
FRA,Micro,Technology,Software,"Deux-Sèvres, Poitou-Charentes, Nouvelle-Aquitaine, FRA",FRI33,,,Name3440547,True,True,False,Low
FRA,Micro,Technology,Software,"Deux-Sèvres, Poitou-Charentes, Nouvelle-Aquitaine, FRA",FRI33,,,Name3440549,True,True,False,Medium
FRA,Micro,Technology,Software,"Deux-Sèvres, Poitou-Charentes, Nouvelle-Aquitaine, FRA",FRI33,,,Name3440550,True,True,False,High
FRA,Micro,Technology,Software,"Deux-Sèvres, Poitou-Charentes, Nouvelle-Aquitaine, FRA",FRI33,,,Name3440551,True,False,False,Low
FRA,Micro,Technology,Hardware,"Deux-Sèvres, Poitou-Charentes, Nouvelle-Aquitaine, FRA",FRI33,,,Name3440553,False,False,True,Severe
FRA,Micro,Technology,Hardware,"Deux-Sèvres, Poitou-Charentes, Nouvelle-Aquitaine, FRA",FRI33,,,Name3440555,True,False,False,High
FRA,Micro,Technology,Hardware,"Deux-Sèvres, Poitou-Charentes, Nouvelle-Aquitaine, FRA",FRI33,,,Name3440556,False,False,True,Low
FRA,Micro,Technology,Hardware,"Deux-Sèvres, Poitou-Charentes, Nouvelle-Aquitaine, FRA",FRI33,,,Name3440557,True,False,False,Low
FRA,Micro,Technology,Hardware,"Deux-Sèvres, Poitou-Charentes, Nouvelle-Aquitaine, FRA",FRI33,,,Name3440558,True,False,False,Low
FRA,Micro,Technology,Hardware,"Deux-Sèvres, Poitou-Charentes, Nouvelle-Aquitaine, FRA",FRI33,,,Name3440559,True,False,False,Medium
FRA,Micro,Technology,Hardware,"Deux-Sèvres, Poitou-Charentes, Nouvelle-Aquitaine, FRA",FRI33,,,Name3440560,False,False,True,Medium
FRA,Micro,Technology,Hardware,"Deux-Sèvres, Poitou-Charentes, Nouvelle-Aquitaine, FRA",FRI33,,,Name3440561,True,False,False,Medium
FRA,Micro,Technology,Hardware,"Deux-Sèvres, Poitou-Charentes, Nouvelle-Aquitaine, FRA",FRI33,,,Name3440562,False,True,True,High
FRA,Micro,Technology,Hardware,"Deux-Sèvres, Poitou-Charentes, Nouvelle-Aquitaine, FRA",FRI33,,,Name3440564,False,False,True,Severe
FRA,Micro,Technology,Hardware,"Deux-Sèvres, Poitou-Charentes, Nouvelle-Aquitaine, FRA",FRI33,,,Name3440565,True,True,False,Severe
FRA,Micro,Technology,Hardware,"Deux-Sèvres, Poitou-Charentes, Nouvelle-Aquitaine, FRA",FRI33,,,Name3440566,True,False,False,Low
FRA,Micro,Technology,Hardware,"Deux-Sèvres, Poitou-Charentes, Nouvelle-Aquitaine, FRA",FRI33,,,Name3440567,True,False,False,Medium
FRA,Micro,Technology,Hardware,"Deux-Sèvres, Poitou-Charentes, Nouvelle-Aquitaine, FRA",FRI33,,,Name3440568,True,False,False,High
FRA,Micro,Technology,Hardware,"Deux-Sèvres, Poitou-Charentes, Nouvelle-Aquitaine, FRA",FRI33,,,Name3440569,True,False,False,Severe
FRA,Micro,Technology,Hardware,"Deux-Sèvres, Poitou-Charentes, Nouvelle-Aquitaine, FRA",FRI33,,,Name3440570,True,False,False,Severe
FRA,Micro,Technology,Hardware,"Deux-Sèvres, Poitou-Charentes, Nouvelle-Aquitaine, FRA",FRI33,,,Name3440571,True,True,False,Medium
FRA,Micro,Technology,Hardware,"Deux-Sèvres, Poitou-Charentes, Nouvelle-Aquitaine, FRA",FRI33,,,Name3440572,False,True,False,High
FRA,Micro,Technology,Hardware,"Deux-Sèvres, Poitou-Charentes, Nouvelle-Aquitaine, FRA",FRI33,,,Name3440574,False,True,True,Severe
FRA,Micro,Technology,Hardware,"Deux-Sèvres, Poitou-Charentes, Nouvelle-Aquitaine, FRA",FRI33,,,Name3440575,True,True,False,High
FRA,Micro,Technology,Hardware,"Deux-Sèvres, Poitou-Charentes, Nouvelle-Aquitaine, FRA",FRI33,,,Name3440576,True,False,False,High
FRA,Micro,Technology,Hardware,"Deux-Sèvres, Poitou-Charentes, Nouvelle-Aquitaine, FRA",FRI33,,,Name3440577,True,False,False,Low
FRA,Micro,Technology,Hardware,"Deux-Sèvres, Poitou-Charentes, Nouvelle-Aquitaine, FRA",FRI33,,,Name3440578,True,True,False,Severe
FRA,Micro,Technology,Hardware,"Deux-Sèvres, Poitou-Charentes, Nouvelle-Aquitaine, FRA",FRI33,,,Name3440579,False,True,True,Severe
FRA,Micro,Technology,Hardware,"Deux-Sèvres, Poitou-Charentes, Nouvelle-Aquitaine, FRA",FRI33,,,Name3440580,True,False,False,Severe
FRA,Micro,Technology,Hardware,"Deux-Sèvres, Poitou-Charentes, Nouvelle-Aquitaine, FRA",FRI33,,,Name3440581,True,True,False,Severe
FRA,Micro,Technology,Hardware,"Deux-Sèvres, Poitou-Charentes, Nouvelle-Aquitaine, FRA",FRI33,,,Name3440582,True,True,False,Severe
FRA,Micro,Technology,Hardware,"Deux-Sèvres, Poitou-Charentes, Nouvelle-Aquitaine, FRA",FRI33,,,Name3440583,True,False,False,Medium
FRA,Micro,Technology,Hardware,"Deux-Sèvres, Poitou-Charentes, Nouvelle-Aquitaine, FRA",FRI33,,,Name3440584,True,True,False,Severe
FRA,Micro,Technology,Hardware,"Deux-Sèvres, Poitou-Charentes, Nouvelle-Aquitaine, FRA",FRI33,,,Name3440585,False,True,True,Severe
FRA,Micro,Technology,Hardware,"Deux-Sèvres, Poitou-Charentes, Nouvelle-Aquitaine, FRA",FRI33,,,Name3440586,True,True,False,Severe
FRA,Micro,Technology,Hardware,"Deux-Sèvres, Poitou-Charentes, Nouvelle-Aquitaine, FRA",FRI33,,,Name3440587,True,False,False,Severe
FRA,Micro,Technology,Hardware,"Deux-Sèvres, Poitou-Charentes, Nouvelle-Aquitaine, FRA",FRI33,,,Name3440588,True,False,False,Medium
FRA,Micro,Technology,IT Services,"Deux-Sèvres, Poitou-Charentes, Nouvelle-Aquitaine, FRA",FRI33,,,Name3440590,True,False,False,Low
FRA,Micro,Technology,IT Services,"Deux-Sèvres, Poitou-Charentes, Nouvelle-Aquitaine, FRA",FRI33,,,Name3440591,True,True,False,Severe
FRA,Micro,Technology,IT Services,"Deux-Sèvres, Poitou-Charentes, Nouvelle-Aquitaine, FRA",FRI33,,,Name3440592,False,False,True,Medium
FRA,Micro,Technology,IT Services,"Deux-Sèvres, Poitou-Charentes, Nouvelle-Aquitaine, FRA",FRI33,,,Name3440594,True,True,False,High
FRA,Micro,Technology,IT Services,"Deux-Sèvres, Poitou-Charentes, Nouvelle-Aquitaine, FRA",FRI33,,,Name3440595,False,False,True,Low
FRA,Micro,Technology,IT Services,"Deux-Sèvres, Poitou-Charentes, Nouvelle-Aquitaine, FRA",FRI33,,,Name3440596,True,False,False,Medium
FRA,Micro,Technology,IT Services,"Deux-Sèvres, Poitou-Charentes, Nouvelle-Aquitaine, FRA",FRI33,,,Name3440597,True,True,False,Low
FRA,Micro,Technology,IT Services,"Deux-Sèvres, Poitou-Charentes, Nouvelle-Aquitaine, FRA",FRI33,,,Name3440598,True,False,False,Medium
FRA,Micro,Technology,IT Services,"Deux-Sèvres, Poitou-Charentes, Nouvelle-Aquitaine, FRA",FRI33,,,Name3440600,False,False,True,Medium
FRA,Micro,Technology,IT Services,"Deux-Sèvres, Poitou-Charentes, Nouvelle-Aquitaine, FRA",FRI33,,,Name3440601,False,False,True,Severe
FRA,Micro,Technology,IT Services,"Deux-Sèvres, Poitou-Charentes, Nouvelle-Aquitaine, FRA",FRI33,,,Name3440603,False,True,True,Low
FRA,Micro,Technology,IT Services,"Deux-Sèvres, Poitou-Charentes, Nouvelle-Aquitaine, FRA",FRI33,,,Name3440604,False,True,False,Severe
FRA,Micro,Technology,IT Services,"Deux-Sèvres, Poitou-Charentes, Nouvelle-Aquitaine, FRA",FRI33,,,Name3440605,True,True,False,Severe
FRA,Micro,Technology,IT Services,"Deux-Sèvres, Poitou-Charentes, Nouvelle-Aquitaine, FRA",FRI33,,,Name3440606,True,False,False,Low
FRA,Micro,Technology,IT Services,"Deux-Sèvres, Poitou-Charentes, Nouvelle-Aquitaine, FRA",FRI33,,,Name3440607,False,True,True,Low
FRA,Micro,Healthcare,Pharmaceuticals,"Deux-Sèvres, Poitou-Charentes, Nouvelle-Aquitaine, FRA",FRI33,,,Name3440609,False,False,True,Medium
FRA,Micro,Healthcare,Pharmaceuticals,"Deux-Sèvres, Poitou-Charentes, Nouvelle-Aquitaine, FRA",FRI33,,,Name3440610,True,True,False,Severe
FRA,Micro,Healthcare,Pharmaceuticals,"Deux-Sèvres, Poitou-Charentes, Nouvelle-Aquitaine, FRA",FRI33,,,Name3440611,True,True,False,Medium
FRA,Micro,Healthcare,Pharmaceuticals,"Deux-Sèvres, Poitou-Charentes, Nouvelle-Aquitaine, FRA",FRI33,,,Name3440612,True,False,False,Low
FRA,Micro,Healthcare,Pharmaceuticals,"Deux-Sèvres, Poitou-Charentes, Nouvelle-Aquitaine, FRA",FRI33,,,Name3440613,True,False,False,High
FRA,Micro,Healthcare,Pharmaceuticals,"Deux-Sèvres, Poitou-Charentes, Nouvelle-Aquitaine, FRA",FRI33,,,Name3440614,False,True,False,Medium
FRA,Micro,Healthcare,Pharmaceuticals,"Deux-Sèvres, Poitou-Charentes, Nouvelle-Aquitaine, FRA",FRI33,,,Name3440615,False,False,True,Low
FRA,Micro,Healthcare,Pharmaceuticals,"Deux-Sèvres, Poitou-Charentes, Nouvelle-Aquitaine, FRA",FRI33,,,Name3440616,False,True,True,Severe
FRA,Micro,Healthcare,Pharmaceuticals,"Deux-Sèvres, Poitou-Charentes, Nouvelle-Aquitaine, FRA",FRI33,,,Name3440618,False,True,False,High
FRA,Micro,Healthcare,Pharmaceuticals,"Deux-Sèvres, Poitou-Charentes, Nouvelle-Aquitaine, FRA",FRI33,,,Name3440619,False,True,True,Severe
FRA,Micro,Healthcare,Pharmaceuticals,"Deux-Sèvres, Poitou-Charentes, Nouvelle-Aquitaine, FRA",FRI33,,,Name3440620,True,True,False,Low
FRA,Micro,Healthcare,Pharmaceuticals,"Deux-Sèvres, Poitou-Charentes, Nouvelle-Aquitaine, FRA",FRI33,,,Name3440621,True,False,False,Severe
FRA,Micro,Healthcare,Pharmaceuticals,"Deux-Sèvres, Poitou-Charentes, Nouvelle-Aquitaine, FRA",FRI33,,,Name3440622,True,True,False,High
FRA,Micro,Healthcare,Pharmaceuticals,"Deux-Sèvres, Poitou-Charentes, Nouvelle-Aquitaine, FRA",FRI33,,,Name3440623,True,False,False,Severe
FRA,Micro,Healthcare,Pharmaceuticals,"Deux-Sèvres, Poitou-Charentes, Nouvelle-Aquitaine, FRA",FRI33,,,Name3440624,True,True,False,Low
FRA,Micro,Healthcare,Pharmaceuticals,"Deux-Sèvres, Poitou-Charentes, Nouvelle-Aquitaine, FRA",FRI33,,,Name3440625,True,True,False,Low
FRA,Micro,Healthcare,Pharmaceuticals,"Deux-Sèvres, Poitou-Charentes, Nouvelle-Aquitaine, FRA",FRI33,,,Name3440626,True,False,False,Severe
FRA,Micro,Healthcare,Pharmaceuticals,"Deux-Sèvres, Poitou-Charentes, Nouvelle-Aquitaine, FRA",FRI33,,,Name3440627,True,True,False,Low
FRA,Micro,Healthcare,Pharmaceuticals,"Deux-Sèvres, Poitou-Charentes, Nouvelle-Aquitaine, FRA",FRI33,,,Name3440628,True,True,False,High
FRA,Micro,Healthcare,Pharmaceuticals,"Deux-Sèvres, Poitou-Charentes, Nouvelle-Aquitaine, FRA",FRI33,,,Name3440630,True,True,False,High
FRA,Micro,Healthcare,Pharmaceuticals,"Deux-Sèvres, Poitou-Charentes, Nouvelle-Aquitaine, FRA",FRI33,,,Name3440631,True,False,False,Low
FRA,Micro,Healthcare,Pharmaceuticals,"Deux-Sèvres, Poitou-Charentes, Nouvelle-Aquitaine, FRA",FRI33,,,Name3440632,True,False,False,Medium
FRA,Micro,Healthcare,Pharmaceuticals,"Deux-Sèvres, Poitou-Charentes, Nouvelle-Aquitaine, FRA",FRI33,,,Name3440633,False,True,True,High
FRA,Micro,Healthcare,Pharmaceuticals,"Deux-Sèvres, Poitou-Charentes, Nouvelle-Aquitaine, FRA",FRI33,,,Name3440634,True,False,False,Low
FRA,Micro,Healthcare,Pharmaceuticals,"Deux-Sèvres, Poitou-Charentes, Nouvelle-Aquitaine, FRA",FRI33,,,Name3440635,True,False,False,Medium
FRA,Micro,Healthcare,Pharmaceuticals,"Deux-Sèvres, Poitou-Charentes, Nouvelle-Aquitaine, FRA",FRI33,,,Name3440636,True,False,False,Low
FRA,Micro,Healthcare,Pharmaceuticals,"Deux-Sèvres, Poitou-Charentes, Nouvelle-Aquitaine, FRA",FRI33,,,Name3440637,False,True,False,Severe
FRA,Micro,Healthcare,Pharmaceuticals,"Deux-Sèvres, Poitou-Charentes, Nouvelle-Aquitaine, FRA",FRI33,,,Name3440638,True,False,False,Low
FRA,Micro,Healthcare,Pharmaceuticals,"Deux-Sèvres, Poitou-Charentes, Nouvelle-Aquitaine, FRA",FRI33,,,Name3440639,True,True,False,Medium
FRA,Micro,Healthcare,Pharmaceuticals,"Deux-Sèvres, Poitou-Charentes, Nouvelle-Aquitaine, FRA",FRI33,,,Name3440640,False,True,True,Medium
FRA,Micro,Healthcare,Pharmaceuticals,"Deux-Sèvres, Poitou-Charentes, Nouvelle-Aquitaine, FRA",FRI33,,,Name3440641,False,False,True,High
FRA,Micro,Healthcare,Pharmaceuticals,"Deux-Sèvres, Poitou-Charentes, Nouvelle-Aquitaine, FRA",FRI33,,,Name3440642,False,False,True,High
FRA,Micro,Healthcare,Pharmaceuticals,"Deux-Sèvres, Poitou-Charentes, Nouvelle-Aquitaine, FRA",FRI33,,,Name3440643,False,True,True,High
FRA,Micro,Healthcare,Pharmaceuticals,"Deux-Sèvres, Poitou-Charentes, Nouvelle-Aquitaine, FRA",FRI33,,,Name3440645,False,True,True,Severe
FRA,Micro,Healthcare,Pharmaceuticals,"Deux-Sèvres, Poitou-Charentes, Nouvelle-Aquitaine, FRA",FRI33,,,Name3440646,True,True,False,Medium
FRA,Micro,Healthcare,Pharmaceuticals,"Deux-Sèvres, Poitou-Charentes, Nouvelle-Aquitaine, FRA",FRI33,,,Name3440647,False,True,True,High
FRA,Micro,Healthcare,Pharmaceuticals,"Deux-Sèvres, Poitou-Charentes, Nouvelle-Aquitaine, FRA",FRI33,,,Name3440648,True,True,False,High
FRA,Micro,Healthcare,Pharmaceuticals,"Deux-Sèvres, Poitou-Charentes, Nouvelle-Aquitaine, FRA",FRI33,,,Name3440649,False,True,False,Low
FRA,Micro,Healthcare,Pharmaceuticals,"Deux-Sèvres, Poitou-Charentes, Nouvelle-Aquitaine, FRA",FRI33,,,Name3440650,True,False,False,Severe
FRA,Micro,Healthcare,Medical Devices,"Deux-Sèvres, Poitou-Charentes, Nouvelle-Aquitaine, FRA",FRI33,,,Name3440651,True,False,False,Medium
FRA,Micro,Healthcare,Medical Devices,"Deux-Sèvres, Poitou-Charentes, Nouvelle-Aquitaine, FRA",FRI33,,,Name3440652,True,False,False,Low
FRA,Micro,Healthcare,Medical Devices,"Deux-Sèvres, Poitou-Charentes, Nouvelle-Aquitaine, FRA",FRI33,,,Name3440653,False,False,True,High
FRA,Micro,Healthcare,Medical Devices,"Deux-Sèvres, Poitou-Charentes, Nouvelle-Aquitaine, FRA",FRI33,,,Name3440654,False,False,True,Severe
FRA,Micro,Healthcare,Medical Devices,"Deux-Sèvres, Poitou-Charentes, Nouvelle-Aquitaine, FRA",FRI33,,,Name3440655,True,True,False,High
FRA,Micro,Healthcare,Medical Devices,"Deux-Sèvres, Poitou-Charentes, Nouvelle-Aquitaine, FRA",FRI33,,,Name3440657,True,True,False,Severe
FRA,Micro,Healthcare,Medical Devices,"Deux-Sèvres, Poitou-Charentes, Nouvelle-Aquitaine, FRA",FRI33,,,Name3440658,False,True,False,Medium
FRA,Micro,Healthcare,Medical Devices,"Deux-Sèvres, Poitou-Charentes, Nouvelle-Aquitaine, FRA",FRI33,,,Name3440659,True,False,False,High
FRA,Micro,Healthcare,Medical Devices,"Deux-Sèvres, Poitou-Charentes, Nouvelle-Aquitaine, FRA",FRI33,,,Name3440660,True,False,False,Medium
FRA,Micro,Healthcare,Medical Devices,"Deux-Sèvres, Poitou-Charentes, Nouvelle-Aquitaine, FRA",FRI33,,,Name3440661,False,False,True,High
FRA,Micro,Healthcare,Medical Devices,"Deux-Sèvres, Poitou-Charentes, Nouvelle-Aquitaine, FRA",FRI33,,,Name3440662,False,True,False,High
FRA,Micro,Healthcare,Medical Devices,"Deux-Sèvres, Poitou-Charentes, Nouvelle-Aquitaine, FRA",FRI33,,,Name3440663,True,True,False,Severe
FRA,Micro,Healthcare,Medical Devices,"Deux-Sèvres, Poitou-Charentes, Nouvelle-Aquitaine, FRA",FRI33,,,Name3440664,False,False,True,Severe
FRA,Micro,Healthcare,Medical Devices,"Deux-Sèvres, Poitou-Charentes, Nouvelle-Aquitaine, FRA",FRI33,,,Name3440665,False,False,True,Low
FRA,Micro,Healthcare,Medical Devices,"Deux-Sèvres, Poitou-Charentes, Nouvelle-Aquitaine, FRA",FRI33,,,Name3440666,False,True,True,High
FRA,Micro,Healthcare,Medical Devices,"Deux-Sèvres, Poitou-Charentes, Nouvelle-Aquitaine, FRA",FRI33,,,Name3440667,True,True,False,Medium
FRA,Micro,Healthcare,Medical Devices,"Deux-Sèvres, Poitou-Charentes, Nouvelle-Aquitaine, FRA",FRI33,,,Name3440668,True,True,False,Medium
FRA,Micro,Healthcare,Medical Devices,"Deux-Sèvres, Poitou-Charentes, Nouvelle-Aquitaine, FRA",FRI33,,,Name3440669,False,True,True,Medium
FRA,Micro,Healthcare,Medical Devices,"Deux-Sèvres, Poitou-Charentes, Nouvelle-Aquitaine, FRA",FRI33,,,Name3440670,True,True,False,Medium
FRA,Micro,Healthcare,Medical Devices,"Deux-Sèvres, Poitou-Charentes, Nouvelle-Aquitaine, FRA",FRI33,,,Name3440671,False,True,True,Severe
FRA,Micro,Healthcare,Medical Devices,"Deux-Sèvres, Poitou-Charentes, Nouvelle-Aquitaine, FRA",FRI33,,,Name3440672,True,True,False,Severe
FRA,Micro,Healthcare,Medical Devices,"Deux-Sèvres, Poitou-Charentes, Nouvelle-Aquitaine, FRA",FRI33,,,Name3440674,False,True,False,Low
FRA,Micro,Healthcare,Medical Devices,"Deux-Sèvres, Poitou-Charentes, Nouvelle-Aquitaine, FRA",FRI33,,,Name3440675,True,True,False,Low
FRA,Micro,Healthcare,Medical Devices,"Deux-Sèvres, Poitou-Charentes, Nouvelle-Aquitaine, FRA",FRI33,,,Name3440676,True,False,False,High
FRA,Micro,Healthcare,Healthcare Services,"Deux-Sèvres, Poitou-Charentes, Nouvelle-Aquitaine, FRA",FRI33,,,Name3440677,False,True,False,Severe
FRA,Micro,Healthcare,Healthcare Services,"Deux-Sèvres, Poitou-Charentes, Nouvelle-Aquitaine, FRA",FRI33,,,Name3440678,False,True,True,Severe
FRA,Micro,Healthcare,Healthcare Services,"Deux-Sèvres, Poitou-Charentes, Nouvelle-Aquitaine, FRA",FRI33,,,Name3440679,True,True,False,Low
FRA,Micro,Healthcare,Healthcare Services,"Deux-Sèvres, Poitou-Charentes, Nouvelle-Aquitaine, FRA",FRI33,,,Name3440680,True,False,False,Medium
FRA,Micro,Healthcare,Healthcare Services,"Deux-Sèvres, Poitou-Charentes, Nouvelle-Aquitaine, FRA",FRI33,,,Name3440681,True,True,False,Severe
FRA,Micro,Healthcare,Healthcare Services,"Deux-Sèvres, Poitou-Charentes, Nouvelle-Aquitaine, FRA",FRI33,,,Name3440683,True,True,False,High
FRA,Micro,Healthcare,Healthcare Services,"Deux-Sèvres, Poitou-Charentes, Nouvelle-Aquitaine, FRA",FRI33,,,Name3440684,True,True,False,Severe
FRA,Micro,Healthcare,Healthcare Services,"Deux-Sèvres, Poitou-Charentes, Nouvelle-Aquitaine, FRA",FRI33,,,Name3440685,False,False,True,Medium
FRA,Micro,Healthcare,Healthcare Services,"Deux-Sèvres, Poitou-Charentes, Nouvelle-Aquitaine, FRA",FRI33,,,Name3440686,True,True,False,High
FRA,Micro,Healthcare,Healthcare Services,"Deux-Sèvres, Poitou-Charentes, Nouvelle-Aquitaine, FRA",FRI33,,,Name3440687,True,True,False,Severe
FRA,Micro,Finance,Banking,"Deux-Sèvres, Poitou-Charentes, Nouvelle-Aquitaine, FRA",FRI33,,,Name3440688,True,False,False,Severe
FRA,Micro,Finance,Banking,"Deux-Sèvres, Poitou-Charentes, Nouvelle-Aquitaine, FRA",FRI33,,,Name3440689,False,False,True,Severe
FRA,Micro,Finance,Banking,"Deux-Sèvres, Poitou-Charentes, Nouvelle-Aquitaine, FRA",FRI33,,,Name3440690,False,False,True,Severe
FRA,Micro,Finance,Banking,"Deux-Sèvres, Poitou-Charentes, Nouvelle-Aquitaine, FRA",FRI33,,,Name3440691,False,True,False,Low
FRA,Micro,Finance,Banking,"Deux-Sèvres, Poitou-Charentes, Nouvelle-Aquitaine, FRA",FRI33,,,Name3440692,False,True,False,High
FRA,Micro,Finance,Insurance,"Deux-Sèvres, Poitou-Charentes, Nouvelle-Aquitaine, FRA",FRI33,,,Name3440694,False,True,True,Severe
FRA,Micro,Finance,Insurance,"Deux-Sèvres, Poitou-Charentes, Nouvelle-Aquitaine, FRA",FRI33,,,Name3440695,False,True,False,Medium
FRA,Micro,Finance,Insurance,"Deux-Sèvres, Poitou-Charentes, Nouvelle-Aquitaine, FRA",FRI33,,,Name3440696,True,False,False,Low
FRA,Micro,Finance,Insurance,"Deux-Sèvres, Poitou-Charentes, Nouvelle-Aquitaine, FRA",FRI33,,,Name3440697,False,True,False,Medium
FRA,Micro,Finance,Insurance,"Deux-Sèvres, Poitou-Charentes, Nouvelle-Aquitaine, FRA",FRI33,,,Name3440698,True,True,False,High
FRA,Micro,Finance,Insurance,"Deux-Sèvres, Poitou-Charentes, Nouvelle-Aquitaine, FRA",FRI33,,,Name3440699,True,False,False,Low
FRA,Micro,Finance,Insurance,"Deux-Sèvres, Poitou-Charentes, Nouvelle-Aquitaine, FRA",FRI33,,,Name3440700,False,True,True,Medium
FRA,Micro,Finance,Insurance,"Deux-Sèvres, Poitou-Charentes, Nouvelle-Aquitaine, FRA",FRI33,,,Name3440701,True,True,False,High
FRA,Micro,Finance,Insurance,"Deux-Sèvres, Poitou-Charentes, Nouvelle-Aquitaine, FRA",FRI33,,,Name3440702,True,True,False,Low
FRA,Micro,Finance,Insurance,"Deux-Sèvres, Poitou-Charentes, Nouvelle-Aquitaine, FRA",FRI33,,,Name3440703,False,True,False,Severe
FRA,Micro,Finance,Insurance,"Deux-Sèvres, Poitou-Charentes, Nouvelle-Aquitaine, FRA",FRI33,,,Name3440704,False,True,True,Severe
FRA,Micro,Finance,Insurance,"Deux-Sèvres, Poitou-Charentes, Nouvelle-Aquitaine, FRA",FRI33,,,Name3440705,True,False,False,Severe
FRA,Micro,Finance,Insurance,"Deux-Sèvres, Poitou-Charentes, Nouvelle-Aquitaine, FRA",FRI33,,,Name3440709,False,True,True,High
FRA,Micro,Finance,Insurance,"Deux-Sèvres, Poitou-Charentes, Nouvelle-Aquitaine, FRA",FRI33,,,Name3440710,True,False,False,Severe
FRA,Micro,Finance,Insurance,"Deux-Sèvres, Poitou-Charentes, Nouvelle-Aquitaine, FRA",FRI33,,,Name3440711,False,False,True,Low
FRA,Micro,Finance,Insurance,"Deux-Sèvres, Poitou-Charentes, Nouvelle-Aquitaine, FRA",FRI33,,,Name3440712,True,True,False,High
FRA,Micro,Finance,Insurance,"Deux-Sèvres, Poitou-Charentes, Nouvelle-Aquitaine, FRA",FRI33,,,Name3440713,False,False,True,Low
FRA,Micro,Finance,Insurance,"Deux-Sèvres, Poitou-Charentes, Nouvelle-Aquitaine, FRA",FRI33,,,Name3440714,True,False,False,Severe
FRA,Micro,Finance,Insurance,"Deux-Sèvres, Poitou-Charentes, Nouvelle-Aquitaine, FRA",FRI33,,,Name3440715,False,True,False,High
FRA,Micro,Finance,Insurance,"Deux-Sèvres, Poitou-Charentes, Nouvelle-Aquitaine, FRA",FRI33,,,Name3440716,False,True,True,Low
FRA,Micro,Finance,Insurance,"Deux-Sèvres, Poitou-Charentes, Nouvelle-Aquitaine, FRA",FRI33,,,Name3440717,False,True,True,High
FRA,Micro,Finance,Insurance,"Deux-Sèvres, Poitou-Charentes, Nouvelle-Aquitaine, FRA",FRI33,,,Name3440718,False,False,True,Severe
FRA,Micro,Finance,Insurance,"Deux-Sèvres, Poitou-Charentes, Nouvelle-Aquitaine, FRA",FRI33,,,Name3440719,False,True,True,Low
FRA,Micro,Finance,Insurance,"Deux-Sèvres, Poitou-Charentes, Nouvelle-Aquitaine, FRA",FRI33,,,Name3440720,True,False,False,High
FRA,Micro,Finance,Insurance,"Deux-Sèvres, Poitou-Charentes, Nouvelle-Aquitaine, FRA",FRI33,,,Name3440721,True,True,False,Medium
FRA,Micro,Finance,Insurance,"Deux-Sèvres, Poitou-Charentes, Nouvelle-Aquitaine, FRA",FRI33,,,Name3440723,False,True,True,High
FRA,Micro,Finance,Insurance,"Deux-Sèvres, Poitou-Charentes, Nouvelle-Aquitaine, FRA",FRI33,,,Name3440724,False,True,True,Severe
FRA,Micro,Finance,Insurance,"Deux-Sèvres, Poitou-Charentes, Nouvelle-Aquitaine, FRA",FRI33,,,Name3440725,True,True,False,High
FRA,Micro,Finance,Insurance,"Deux-Sèvres, Poitou-Charentes, Nouvelle-Aquitaine, FRA",FRI33,,,Name3440726,True,False,False,High
FRA,Micro,Finance,Insurance,"Deux-Sèvres, Poitou-Charentes, Nouvelle-Aquitaine, FRA",FRI33,,,Name3440727,True,True,False,Medium
FRA,Micro,Finance,Insurance,"Deux-Sèvres, Poitou-Charentes, Nouvelle-Aquitaine, FRA",FRI33,,,Name3440728,False,False,True,Medium
FRA,Micro,Finance,Insurance,"Deux-Sèvres, Poitou-Charentes, Nouvelle-Aquitaine, FRA",FRI33,,,Name3440729,True,False,False,High
FRA,Micro,Finance,Investment Services,"Deux-Sèvres, Poitou-Charentes, Nouvelle-Aquitaine, FRA",FRI33,,,Name3440731,True,True,False,Low
FRA,Micro,Finance,Investment Services,"Deux-Sèvres, Poitou-Charentes, Nouvelle-Aquitaine, FRA",FRI33,,,Name3440732,False,True,False,Severe
FRA,Micro,Finance,Investment Services,"Deux-Sèvres, Poitou-Charentes, Nouvelle-Aquitaine, FRA",FRI33,,,Name3440733,True,True,False,Low
FRA,Micro,Finance,Investment Services,"Deux-Sèvres, Poitou-Charentes, Nouvelle-Aquitaine, FRA",FRI33,,,Name3440734,True,True,False,Medium
FRA,Micro,Finance,Investment Services,"Deux-Sèvres, Poitou-Charentes, Nouvelle-Aquitaine, FRA",FRI33,,,Name3440735,True,False,False,Low
FRA,Micro,Finance,Investment Services,"Deux-Sèvres, Poitou-Charentes, Nouvelle-Aquitaine, FRA",FRI33,,,Name3440736,False,True,False,High
FRA,Micro,Finance,Investment Services,"Deux-Sèvres, Poitou-Charentes, Nouvelle-Aquitaine, FRA",FRI33,,,Name3440737,True,False,False,Low
FRA,Micro,Finance,Investment Services,"Deux-Sèvres, Poitou-Charentes, Nouvelle-Aquitaine, FRA",FRI33,,,Name3440738,True,False,False,Low
FRA,Micro,Finance,Investment Services,"Deux-Sèvres, Poitou-Charentes, Nouvelle-Aquitaine, FRA",FRI33,,,Name3440739,True,True,False,Severe
FRA,Micro,Finance,Investment Services,"Deux-Sèvres, Poitou-Charentes, Nouvelle-Aquitaine, FRA",FRI33,,,Name3440740,False,True,True,Severe
FRA,Micro,Finance,Investment Services,"Deux-Sèvres, Poitou-Charentes, Nouvelle-Aquitaine, FRA",FRI33,,,Name3440741,False,False,True,Medium
FRA,Micro,Finance,Investment Services,"Deux-Sèvres, Poitou-Charentes, Nouvelle-Aquitaine, FRA",FRI33,,,Name3440742,False,True,False,Low
FRA,Micro,Finance,Investment Services,"Deux-Sèvres, Poitou-Charentes, Nouvelle-Aquitaine, FRA",FRI33,,,Name3440743,True,False,False,Severe
FRA,Micro,Finance,Investment Services,"Deux-Sèvres, Poitou-Charentes, Nouvelle-Aquitaine, FRA",FRI33,,,Name3440744,True,False,False,Severe
FRA,Micro,Finance,Investment Services,"Deux-Sèvres, Poitou-Charentes, Nouvelle-Aquitaine, FRA",FRI33,,,Name3440745,True,True,False,Low
FRA,Micro,Finance,Investment Services,"Deux-Sèvres, Poitou-Charentes, Nouvelle-Aquitaine, FRA",FRI33,,,Name3440746,True,True,False,Medium
FRA,Micro,Finance,Investment Services,"Deux-Sèvres, Poitou-Charentes, Nouvelle-Aquitaine, FRA",FRI33,,,Name3440747,True,False,False,High
FRA,Micro,Finance,Investment Services,"Deux-Sèvres, Poitou-Charentes, Nouvelle-Aquitaine, FRA",FRI33,,,Name3440748,False,True,True,Medium
FRA,Micro,Finance,Investment Services,"Deux-Sèvres, Poitou-Charentes, Nouvelle-Aquitaine, FRA",FRI33,,,Name3440749,True,True,False,Low
FRA,Micro,Finance,Investment Services,"Deux-Sèvres, Poitou-Charentes, Nouvelle-Aquitaine, FRA",FRI33,,,Name3440751,False,True,True,Low
FRA,Micro,Finance,Investment Services,"Deux-Sèvres, Poitou-Charentes, Nouvelle-Aquitaine, FRA",FRI33,,,Name3440752,True,True,False,Severe
FRA,Micro,Finance,Investment Services,"Deux-Sèvres, Poitou-Charentes, Nouvelle-Aquitaine, FRA",FRI33,,,Name3440753,False,True,False,Severe
FRA,Micro,Finance,Investment Services,"Deux-Sèvres, Poitou-Charentes, Nouvelle-Aquitaine, FRA",FRI33,,,Name3440754,True,False,False,Low
FRA,Micro,Finance,Investment Services,"Deux-Sèvres, Poitou-Charentes, Nouvelle-Aquitaine, FRA",FRI33,,,Name3440756,False,True,True,Low
FRA,Micro,Finance,Investment Services,"Deux-Sèvres, Poitou-Charentes, Nouvelle-Aquitaine, FRA",FRI33,,,Name3440757,True,True,False,High
FRA,Micro,Finance,Investment Services,"Deux-Sèvres, Poitou-Charentes, Nouvelle-Aquitaine, FRA",FRI33,,,Name3440758,False,True,False,Medium
FRA,Micro,Finance,Investment Services,"Deux-Sèvres, Poitou-Charentes, Nouvelle-Aquitaine, FRA",FRI33,,,Name3440759,False,True,True,Low
FRA,Micro,Finance,Investment Services,"Deux-Sèvres, Poitou-Charentes, Nouvelle-Aquitaine, FRA",FRI33,,,Name3440760,False,True,True,Low
FRA,Micro,Finance,Investment Services,"Deux-Sèvres, Poitou-Charentes, Nouvelle-Aquitaine, FRA",FRI33,,,Name3440761,False,False,True,Low
FRA,Micro,Finance,Investment Services,"Deux-Sèvres, Poitou-Charentes, Nouvelle-Aquitaine, FRA",FRI33,,,Name3440762,False,True,False,Severe
FRA,Micro,Finance,Investment Services,"Deux-Sèvres, Poitou-Charentes, Nouvelle-Aquitaine, FRA",FRI33,,,Name3440763,True,False,False,High
FRA,Micro,Finance,Investment Services,"Deux-Sèvres, Poitou-Charentes, Nouvelle-Aquitaine, FRA",FRI33,,,Name3440764,True,True,False,High
FRA,Micro,Finance,Investment Services,"Deux-Sèvres, Poitou-Charentes, Nouvelle-Aquitaine, FRA",FRI33,,,Name3440765,True,False,False,High
FRA,Micro,Finance,Investment Services,"Deux-Sèvres, Poitou-Charentes, Nouvelle-Aquitaine, FRA",FRI33,,,Name3440766,True,False,False,Medium
FRA,Micro,Finance,Investment Services,"Deux-Sèvres, Poitou-Charentes, Nouvelle-Aquitaine, FRA",FRI33,,,Name3440767,True,False,False,Medium
FRA,Micro,Finance,Investment Services,"Deux-Sèvres, Poitou-Charentes, Nouvelle-Aquitaine, FRA",FRI33,,,Name3440768,True,False,False,Severe
FRA,Micro,Finance,Investment Services,"Deux-Sèvres, Poitou-Charentes, Nouvelle-Aquitaine, FRA",FRI33,,,Name3440769,True,False,False,Severe
FRA,Micro,Finance,Investment Services,"Deux-Sèvres, Poitou-Charentes, Nouvelle-Aquitaine, FRA",FRI33,,,Name3440770,True,True,False,Low
FRA,Micro,Finance,Investment Services,"Deux-Sèvres, Poitou-Charentes, Nouvelle-Aquitaine, FRA",FRI33,,,Name3440771,False,True,False,Low
FRA,Micro,Finance,Investment Services,"Deux-Sèvres, Poitou-Charentes, Nouvelle-Aquitaine, FRA",FRI33,,,Name3440772,False,True,True,Severe
FRA,Micro,Finance,Investment Services,"Deux-Sèvres, Poitou-Charentes, Nouvelle-Aquitaine, FRA",FRI33,,,Name3440773,True,True,False,High
FRA,Micro,Finance,Investment Services,"Deux-Sèvres, Poitou-Charentes, Nouvelle-Aquitaine, FRA",FRI33,,,Name3440774,True,False,False,Low
FRA,Micro,Finance,Investment Services,"Deux-Sèvres, Poitou-Charentes, Nouvelle-Aquitaine, FRA",FRI33,,,Name3440775,True,False,False,Medium
FRA,Micro,Finance,Investment Services,"Deux-Sèvres, Poitou-Charentes, Nouvelle-Aquitaine, FRA",FRI33,,,Name3440776,False,True,True,Severe
FRA,Micro,Energy,Oil & Gas,"Deux-Sèvres, Poitou-Charentes, Nouvelle-Aquitaine, FRA",FRI33,,,Name3440777,True,False,False,High
FRA,Micro,Energy,Oil & Gas,"Deux-Sèvres, Poitou-Charentes, Nouvelle-Aquitaine, FRA",FRI33,,,Name3440778,False,False,True,Low
FRA,Micro,Energy,Oil & Gas,"Deux-Sèvres, Poitou-Charentes, Nouvelle-Aquitaine, FRA",FRI33,,,Name3440779,False,True,False,High
FRA,Micro,Energy,Oil & Gas,"Deux-Sèvres, Poitou-Charentes, Nouvelle-Aquitaine, FRA",FRI33,,,Name3440780,False,False,True,Low
FRA,Micro,Energy,Oil & Gas,"Deux-Sèvres, Poitou-Charentes, Nouvelle-Aquitaine, FRA",FRI33,,,Name3440781,True,True,False,Low
FRA,Micro,Energy,Oil & Gas,"Deux-Sèvres, Poitou-Charentes, Nouvelle-Aquitaine, FRA",FRI33,,,Name3440782,False,False,True,Severe
FRA,Micro,Energy,Oil & Gas,"Deux-Sèvres, Poitou-Charentes, Nouvelle-Aquitaine, FRA",FRI33,,,Name3440783,False,False,True,Severe
FRA,Micro,Energy,Oil & Gas,"Deux-Sèvres, Poitou-Charentes, Nouvelle-Aquitaine, FRA",FRI33,,,Name3440784,True,False,False,Severe
FRA,Micro,Energy,Renewable Energy,"Deux-Sèvres, Poitou-Charentes, Nouvelle-Aquitaine, FRA",FRI33,,,Name3440785,True,False,False,High
FRA,Micro,Energy,Renewable Energy,"Deux-Sèvres, Poitou-Charentes, Nouvelle-Aquitaine, FRA",FRI33,,,Name3440786,True,False,False,High
FRA,Micro,Energy,Renewable Energy,"Deux-Sèvres, Poitou-Charentes, Nouvelle-Aquitaine, FRA",FRI33,,,Name3440787,False,True,True,Low
FRA,Micro,Energy,Renewable Energy,"Deux-Sèvres, Poitou-Charentes, Nouvelle-Aquitaine, FRA",FRI33,,,Name3440788,True,True,False,Severe
FRA,Micro,Energy,Renewable Energy,"Deux-Sèvres, Poitou-Charentes, Nouvelle-Aquitaine, FRA",FRI33,,,Name3440790,True,False,False,Medium
FRA,Micro,Energy,Renewable Energy,"Deux-Sèvres, Poitou-Charentes, Nouvelle-Aquitaine, FRA",FRI33,,,Name3440791,True,False,False,High
FRA,Micro,Energy,Renewable Energy,"Deux-Sèvres, Poitou-Charentes, Nouvelle-Aquitaine, FRA",FRI33,,,Name3440792,True,False,False,High
FRA,Micro,Energy,Renewable Energy,"Deux-Sèvres, Poitou-Charentes, Nouvelle-Aquitaine, FRA",FRI33,,,Name3440793,True,False,False,Severe
FRA,Micro,Energy,Renewable Energy,"Deux-Sèvres, Poitou-Charentes, Nouvelle-Aquitaine, FRA",FRI33,,,Name3440794,True,False,False,Severe
FRA,Micro,Energy,Renewable Energy,"Deux-Sèvres, Poitou-Charentes, Nouvelle-Aquitaine, FRA",FRI33,,,Name3440795,True,True,False,Severe
FRA,Micro,Energy,Renewable Energy,"Deux-Sèvres, Poitou-Charentes, Nouvelle-Aquitaine, FRA",FRI33,,,Name3440796,True,True,False,Low
FRA,Micro,Energy,Renewable Energy,"Deux-Sèvres, Poitou-Charentes, Nouvelle-Aquitaine, FRA",FRI33,,,Name3440797,True,True,False,High
FRA,Micro,Energy,Renewable Energy,"Deux-Sèvres, Poitou-Charentes, Nouvelle-Aquitaine, FRA",FRI33,,,Name3440798,False,True,False,Medium
FRA,Micro,Energy,Renewable Energy,"Deux-Sèvres, Poitou-Charentes, Nouvelle-Aquitaine, FRA",FRI33,,,Name3440799,True,True,False,Low
FRA,Micro,Energy,Renewable Energy,"Deux-Sèvres, Poitou-Charentes, Nouvelle-Aquitaine, FRA",FRI33,,,Name3440800,True,True,False,Medium
FRA,Micro,Energy,Renewable Energy,"Deux-Sèvres, Poitou-Charentes, Nouvelle-Aquitaine, FRA",FRI33,,,Name3440801,True,False,False,High
FRA,Micro,Energy,Renewable Energy,"Deux-Sèvres, Poitou-Charentes, Nouvelle-Aquitaine, FRA",FRI33,,,Name3440802,True,True,False,Medium
FRA,Micro,Energy,Renewable Energy,"Deux-Sèvres, Poitou-Charentes, Nouvelle-Aquitaine, FRA",FRI33,,,Name3440803,True,True,False,Severe
FRA,Micro,Energy,Renewable Energy,"Deux-Sèvres, Poitou-Charentes, Nouvelle-Aquitaine, FRA",FRI33,,,Name3440804,False,True,True,Medium
FRA,Micro,Energy,Energy Exploration,"Deux-Sèvres, Poitou-Charentes, Nouvelle-Aquitaine, FRA",FRI33,,,Name3440806,False,True,True,Severe
FRA,Micro,Energy,Energy Exploration,"Deux-Sèvres, Poitou-Charentes, Nouvelle-Aquitaine, FRA",FRI33,,,Name3440807,True,False,False,Medium
FRA,Micro,Energy,Energy Exploration,"Deux-Sèvres, Poitou-Charentes, Nouvelle-Aquitaine, FRA",FRI33,,,Name3440808,False,True,True,High
FRA,Micro,Energy,Energy Exploration,"Deux-Sèvres, Poitou-Charentes, Nouvelle-Aquitaine, FRA",FRI33,,,Name3440810,False,True,True,Severe
FRA,Micro,Energy,Energy Exploration,"Deux-Sèvres, Poitou-Charentes, Nouvelle-Aquitaine, FRA",FRI33,,,Name3440811,True,True,False,High
FRA,Micro,Energy,Energy Exploration,"Deux-Sèvres, Poitou-Charentes, Nouvelle-Aquitaine, FRA",FRI33,,,Name3440812,False,True,False,Low
FRA,Micro,Energy,Energy Exploration,"Deux-Sèvres, Poitou-Charentes, Nouvelle-Aquitaine, FRA",FRI33,,,Name3440813,True,True,False,Medium
FRA,Micro,Energy,Energy Exploration,"Deux-Sèvres, Poitou-Charentes, Nouvelle-Aquitaine, FRA",FRI33,,,Name3440814,False,False,True,High
FRA,Micro,Energy,Energy Exploration,"Deux-Sèvres, Poitou-Charentes, Nouvelle-Aquitaine, FRA",FRI33,,,Name3440815,True,True,False,Severe
FRA,Micro,Energy,Energy Exploration,"Deux-Sèvres, Poitou-Charentes, Nouvelle-Aquitaine, FRA",FRI33,,,Name3440816,False,False,True,High
FRA,Micro,Energy,Energy Exploration,"Deux-Sèvres, Poitou-Charentes, Nouvelle-Aquitaine, FRA",FRI33,,,Name3440818,True,False,False,Low
FRA,Micro,Energy,Energy Exploration,"Deux-Sèvres, Poitou-Charentes, Nouvelle-Aquitaine, FRA",FRI33,,,Name3440820,True,False,False,Low
FRA,Micro,Energy,Energy Exploration,"Deux-Sèvres, Poitou-Charentes, Nouvelle-Aquitaine, FRA",FRI33,,,Name3440821,True,True,False,Medium
FRA,Micro,Energy,Energy Exploration,"Deux-Sèvres, Poitou-Charentes, Nouvelle-Aquitaine, FRA",FRI33,,,Name3440822,True,False,False,Low
FRA,Micro,Energy,Energy Exploration,"Deux-Sèvres, Poitou-Charentes, Nouvelle-Aquitaine, FRA",FRI33,,,Name3440824,False,True,False,Severe
FRA,Micro,Energy,Energy Exploration,"Deux-Sèvres, Poitou-Charentes, Nouvelle-Aquitaine, FRA",FRI33,,,Name3440825,True,True,False,Low
FRA,Micro,Energy,Energy Exploration,"Deux-Sèvres, Poitou-Charentes, Nouvelle-Aquitaine, FRA",FRI33,,,Name3440826,False,False,True,High
FRA,Micro,Energy,Energy Exploration,"Deux-Sèvres, Poitou-Charentes, Nouvelle-Aquitaine, FRA",FRI33,,,Name3440827,True,True,False,High
FRA,Micro,Energy,Energy Exploration,"Deux-Sèvres, Poitou-Charentes, Nouvelle-Aquitaine, FRA",FRI33,,,Name3440828,True,True,False,Low
FRA,Micro,Energy,Energy Exploration,"Deux-Sèvres, Poitou-Charentes, Nouvelle-Aquitaine, FRA",FRI33,,,Name3440829,True,False,False,Medium
FRA,Micro,Energy,Energy Exploration,"Deux-Sèvres, Poitou-Charentes, Nouvelle-Aquitaine, FRA",FRI33,,,Name3440830,True,True,False,High
FRA,Micro,Energy,Energy Exploration,"Deux-Sèvres, Poitou-Charentes, Nouvelle-Aquitaine, FRA",FRI33,,,Name3440831,False,True,True,Low
FRA,Micro,Energy,Energy Exploration,"Deux-Sèvres, Poitou-Charentes, Nouvelle-Aquitaine, FRA",FRI33,,,Name3440832,True,False,False,Medium
FRA,Micro,Energy,Energy Exploration,"Deux-Sèvres, Poitou-Charentes, Nouvelle-Aquitaine, FRA",FRI33,,,Name3440833,True,True,False,High
FRA,Micro,Energy,Energy Exploration,"Deux-Sèvres, Poitou-Charentes, Nouvelle-Aquitaine, FRA",FRI33,,,Name3440834,True,False,False,High
FRA,Micro,Energy,Energy Exploration,"Deux-Sèvres, Poitou-Charentes, Nouvelle-Aquitaine, FRA",FRI33,,,Name3440835,True,True,False,Low
FRA,Micro,Energy,Energy Exploration,"Deux-Sèvres, Poitou-Charentes, Nouvelle-Aquitaine, FRA",FRI33,,,Name3440836,False,True,False,Medium
FRA,Micro,Energy,Energy Exploration,"Deux-Sèvres, Poitou-Charentes, Nouvelle-Aquitaine, FRA",FRI33,,,Name3440837,True,False,False,Low
FRA,Micro,Energy,Energy Exploration,"Deux-Sèvres, Poitou-Charentes, Nouvelle-Aquitaine, FRA",FRI33,,,Name3440838,False,False,True,Medium
FRA,Micro,Energy,Energy Exploration,"Deux-Sèvres, Poitou-Charentes, Nouvelle-Aquitaine, FRA",FRI33,,,Name3440839,True,False,False,Low
FRA,Micro,Energy,Energy Exploration,"Deux-Sèvres, Poitou-Charentes, Nouvelle-Aquitaine, FRA",FRI33,,,Name3440840,True,False,False,Medium
FRA,Micro,Energy,Energy Exploration,"Deux-Sèvres, Poitou-Charentes, Nouvelle-Aquitaine, FRA",FRI33,,,Name3440841,False,True,False,High
FRA,Micro,Energy,Energy Exploration,"Deux-Sèvres, Poitou-Charentes, Nouvelle-Aquitaine, FRA",FRI33,,,Name3440842,False,False,True,High
FRA,Micro,Energy,Energy Exploration,"Deux-Sèvres, Poitou-Charentes, Nouvelle-Aquitaine, FRA",FRI33,,,Name3440843,False,True,True,High
FRA,Micro,Energy,Energy Exploration,"Deux-Sèvres, Poitou-Charentes, Nouvelle-Aquitaine, FRA",FRI33,,,Name3440844,True,True,False,Medium
FRA,Micro,Energy,Energy Exploration,"Deux-Sèvres, Poitou-Charentes, Nouvelle-Aquitaine, FRA",FRI33,,,Name3440847,True,True,False,Severe
FRA,Micro,Energy,Energy Exploration,"Deux-Sèvres, Poitou-Charentes, Nouvelle-Aquitaine, FRA",FRI33,,,Name3440848,False,True,True,Severe
FRA,Micro,Consumer Goods,Food & Beverage,"Deux-Sèvres, Poitou-Charentes, Nouvelle-Aquitaine, FRA",FRI33,,,Name3440849,False,False,True,Severe
FRA,Micro,Consumer Goods,Food & Beverage,"Deux-Sèvres, Poitou-Charentes, Nouvelle-Aquitaine, FRA",FRI33,,,Name3440850,False,False,True,Medium
FRA,Micro,Consumer Goods,Food & Beverage,"Deux-Sèvres, Poitou-Charentes, Nouvelle-Aquitaine, FRA",FRI33,,,Name3440851,True,True,False,Severe
FRA,Micro,Consumer Goods,Food & Beverage,"Deux-Sèvres, Poitou-Charentes, Nouvelle-Aquitaine, FRA",FRI33,,,Name3440852,False,True,False,Severe
FRA,Micro,Consumer Goods,Food & Beverage,"Deux-Sèvres, Poitou-Charentes, Nouvelle-Aquitaine, FRA",FRI33,,,Name3440854,True,True,False,Low
FRA,Micro,Consumer Goods,Food & Beverage,"Deux-Sèvres, Poitou-Charentes, Nouvelle-Aquitaine, FRA",FRI33,,,Name3440855,False,False,True,Severe
FRA,Micro,Consumer Goods,Food & Beverage,"Deux-Sèvres, Poitou-Charentes, Nouvelle-Aquitaine, FRA",FRI33,,,Name3440856,True,False,False,High
FRA,Micro,Consumer Goods,Food & Beverage,"Deux-Sèvres, Poitou-Charentes, Nouvelle-Aquitaine, FRA",FRI33,,,Name3440857,True,True,False,Medium
FRA,Micro,Consumer Goods,Food & Beverage,"Deux-Sèvres, Poitou-Charentes, Nouvelle-Aquitaine, FRA",FRI33,,,Name3440858,True,False,False,Medium
FRA,Micro,Consumer Goods,Food & Beverage,"Deux-Sèvres, Poitou-Charentes, Nouvelle-Aquitaine, FRA",FRI33,,,Name3440859,False,True,False,Low
FRA,Micro,Consumer Goods,Food & Beverage,"Deux-Sèvres, Poitou-Charentes, Nouvelle-Aquitaine, FRA",FRI33,,,Name3440860,True,False,False,Low
FRA,Micro,Consumer Goods,Food & Beverage,"Deux-Sèvres, Poitou-Charentes, Nouvelle-Aquitaine, FRA",FRI33,,,Name3440861,True,True,False,High
FRA,Micro,Consumer Goods,Food & Beverage,"Deux-Sèvres, Poitou-Charentes, Nouvelle-Aquitaine, FRA",FRI33,,,Name3440862,True,True,False,Low
FRA,Micro,Consumer Goods,Food & Beverage,"Deux-Sèvres, Poitou-Charentes, Nouvelle-Aquitaine, FRA",FRI33,,,Name3440863,True,False,False,Severe
FRA,Micro,Consumer Goods,Food & Beverage,"Deux-Sèvres, Poitou-Charentes, Nouvelle-Aquitaine, FRA",FRI33,,,Name3440864,False,True,False,Severe
FRA,Micro,Consumer Goods,Food & Beverage,"Deux-Sèvres, Poitou-Charentes, Nouvelle-Aquitaine, FRA",FRI33,,,Name3440865,False,False,True,Severe
FRA,Micro,Consumer Goods,Food & Beverage,"Deux-Sèvres, Poitou-Charentes, Nouvelle-Aquitaine, FRA",FRI33,,,Name3440866,True,True,False,Low
FRA,Micro,Consumer Goods,Food & Beverage,"Deux-Sèvres, Poitou-Charentes, Nouvelle-Aquitaine, FRA",FRI33,,,Name3440867,True,True,False,Medium
FRA,Micro,Consumer Goods,Food & Beverage,"Deux-Sèvres, Poitou-Charentes, Nouvelle-Aquitaine, FRA",FRI33,,,Name3440868,False,True,True,High
FRA,Micro,Consumer Goods,Food & Beverage,"Deux-Sèvres, Poitou-Charentes, Nouvelle-Aquitaine, FRA",FRI33,,,Name3440869,True,True,False,Low
FRA,Micro,Consumer Goods,Food & Beverage,"Deux-Sèvres, Poitou-Charentes, Nouvelle-Aquitaine, FRA",FRI33,,,Name3440872,True,True,False,High
FRA,Micro,Consumer Goods,Food & Beverage,"Deux-Sèvres, Poitou-Charentes, Nouvelle-Aquitaine, FRA",FRI33,,,Name3440873,True,False,False,Low
FRA,Micro,Consumer Goods,Food & Beverage,"Deux-Sèvres, Poitou-Charentes, Nouvelle-Aquitaine, FRA",FRI33,,,Name3440874,False,False,True,Low
FRA,Micro,Consumer Goods,Food & Beverage,"Deux-Sèvres, Poitou-Charentes, Nouvelle-Aquitaine, FRA",FRI33,,,Name3440875,True,False,False,Medium
FRA,Micro,Consumer Goods,Food & Beverage,"Deux-Sèvres, Poitou-Charentes, Nouvelle-Aquitaine, FRA",FRI33,,,Name3440876,True,False,False,Low
FRA,Micro,Consumer Goods,Food & Beverage,"Deux-Sèvres, Poitou-Charentes, Nouvelle-Aquitaine, FRA",FRI33,,,Name3440877,True,False,False,Low
FRA,Micro,Consumer Goods,Food & Beverage,"Deux-Sèvres, Poitou-Charentes, Nouvelle-Aquitaine, FRA",FRI33,,,Name3440878,True,True,False,High
FRA,Micro,Consumer Goods,Food & Beverage,"Deux-Sèvres, Poitou-Charentes, Nouvelle-Aquitaine, FRA",FRI33,,,Name3440879,True,False,False,Severe
FRA,Micro,Consumer Goods,Food & Beverage,"Deux-Sèvres, Poitou-Charentes, Nouvelle-Aquitaine, FRA",FRI33,,,Name3440880,True,True,False,Low
FRA,Micro,Consumer Goods,Food & Beverage,"Deux-Sèvres, Poitou-Charentes, Nouvelle-Aquitaine, FRA",FRI33,,,Name3440881,False,True,True,High
FRA,Micro,Consumer Goods,Food & Beverage,"Deux-Sèvres, Poitou-Charentes, Nouvelle-Aquitaine, FRA",FRI33,,,Name3440882,False,True,True,Medium
FRA,Micro,Consumer Goods,Food & Beverage,"Deux-Sèvres, Poitou-Charentes, Nouvelle-Aquitaine, FRA",FRI33,,,Name3440883,False,True,True,Severe
FRA,Micro,Consumer Goods,Food & Beverage,"Deux-Sèvres, Poitou-Charentes, Nouvelle-Aquitaine, FRA",FRI33,,,Name3440884,True,False,False,Low
FRA,Micro,Consumer Goods,Food & Beverage,"Deux-Sèvres, Poitou-Charentes, Nouvelle-Aquitaine, FRA",FRI33,,,Name3440885,False,True,False,Medium
FRA,Micro,Consumer Goods,Food & Beverage,"Deux-Sèvres, Poitou-Charentes, Nouvelle-Aquitaine, FRA",FRI33,,,Name3440886,False,True,True,High
FRA,Micro,Consumer Goods,Food & Beverage,"Deux-Sèvres, Poitou-Charentes, Nouvelle-Aquitaine, FRA",FRI33,,,Name3440887,False,True,True,Low
FRA,Micro,Consumer Goods,Household Products,"Deux-Sèvres, Poitou-Charentes, Nouvelle-Aquitaine, FRA",FRI33,,,Name3440888,True,False,False,Medium
FRA,Micro,Consumer Goods,Household Products,"Deux-Sèvres, Poitou-Charentes, Nouvelle-Aquitaine, FRA",FRI33,,,Name3440889,True,True,False,Low
FRA,Micro,Consumer Goods,Household Products,"Deux-Sèvres, Poitou-Charentes, Nouvelle-Aquitaine, FRA",FRI33,,,Name3440890,False,True,True,High
FRA,Micro,Consumer Goods,Household Products,"Deux-Sèvres, Poitou-Charentes, Nouvelle-Aquitaine, FRA",FRI33,,,Name3440891,True,False,False,High
FRA,Micro,Consumer Goods,Household Products,"Deux-Sèvres, Poitou-Charentes, Nouvelle-Aquitaine, FRA",FRI33,,,Name3440892,False,True,False,High
FRA,Micro,Consumer Goods,Household Products,"Deux-Sèvres, Poitou-Charentes, Nouvelle-Aquitaine, FRA",FRI33,,,Name3440894,True,True,False,Low
FRA,Micro,Consumer Goods,Household Products,"Deux-Sèvres, Poitou-Charentes, Nouvelle-Aquitaine, FRA",FRI33,,,Name3440896,True,True,False,High
FRA,Micro,Consumer Goods,Household Products,"Deux-Sèvres, Poitou-Charentes, Nouvelle-Aquitaine, FRA",FRI33,,,Name3440900,False,True,True,Medium
FRA,Micro,Consumer Goods,Household Products,"Deux-Sèvres, Poitou-Charentes, Nouvelle-Aquitaine, FRA",FRI33,,,Name3440901,True,True,False,Low
FRA,Micro,Consumer Goods,Household Products,"Deux-Sèvres, Poitou-Charentes, Nouvelle-Aquitaine, FRA",FRI33,,,Name3440902,False,True,True,Medium
FRA,Micro,Consumer Goods,Household Products,"Deux-Sèvres, Poitou-Charentes, Nouvelle-Aquitaine, FRA",FRI33,,,Name3440903,True,False,False,High
FRA,Micro,Consumer Goods,Household Products,"Deux-Sèvres, Poitou-Charentes, Nouvelle-Aquitaine, FRA",FRI33,,,Name3440904,False,True,True,High
FRA,Micro,Consumer Goods,Household Products,"Deux-Sèvres, Poitou-Charentes, Nouvelle-Aquitaine, FRA",FRI33,,,Name3440905,True,False,False,High
FRA,Micro,Consumer Goods,Household Products,"Deux-Sèvres, Poitou-Charentes, Nouvelle-Aquitaine, FRA",FRI33,,,Name3440906,False,True,False,High
FRA,Micro,Consumer Goods,Household Products,"Deux-Sèvres, Poitou-Charentes, Nouvelle-Aquitaine, FRA",FRI33,,,Name3440907,False,True,True,Low
FRA,Micro,Consumer Goods,Household Products,"Deux-Sèvres, Poitou-Charentes, Nouvelle-Aquitaine, FRA",FRI33,,,Name3440908,True,False,False,Medium
FRA,Micro,Consumer Goods,Household Products,"Deux-Sèvres, Poitou-Charentes, Nouvelle-Aquitaine, FRA",FRI33,,,Name3440909,False,False,True,Medium
FRA,Micro,Consumer Goods,Household Products,"Deux-Sèvres, Poitou-Charentes, Nouvelle-Aquitaine, FRA",FRI33,,,Name3440911,False,False,True,Severe
FRA,Micro,Consumer Goods,Household Products,"Deux-Sèvres, Poitou-Charentes, Nouvelle-Aquitaine, FRA",FRI33,,,Name3440912,False,False,True,Medium
FRA,Micro,Consumer Goods,Household Products,"Deux-Sèvres, Poitou-Charentes, Nouvelle-Aquitaine, FRA",FRI33,,,Name3440913,False,False,True,High
FRA,Micro,Consumer Goods,Household Products,"Deux-Sèvres, Poitou-Charentes, Nouvelle-Aquitaine, FRA",FRI33,,,Name3440914,True,True,False,High
FRA,Micro,Consumer Goods,Household Products,"Deux-Sèvres, Poitou-Charentes, Nouvelle-Aquitaine, FRA",FRI33,,,Name3440915,False,False,True,Low
FRA,Micro,Consumer Goods,Household Products,"Deux-Sèvres, Poitou-Charentes, Nouvelle-Aquitaine, FRA",FRI33,,,Name3440916,True,False,False,Severe
FRA,Micro,Consumer Goods,Household Products,"Deux-Sèvres, Poitou-Charentes, Nouvelle-Aquitaine, FRA",FRI33,,,Name3440917,False,False,True,High
FRA,Micro,Consumer Goods,Household Products,"Deux-Sèvres, Poitou-Charentes, Nouvelle-Aquitaine, FRA",FRI33,,,Name3440918,True,True,False,Medium
FRA,Micro,Consumer Goods,Household Products,"Deux-Sèvres, Poitou-Charentes, Nouvelle-Aquitaine, FRA",FRI33,,,Name3440919,True,False,False,Severe
FRA,Micro,Consumer Goods,Household Products,"Deux-Sèvres, Poitou-Charentes, Nouvelle-Aquitaine, FRA",FRI33,,,Name3440920,False,True,False,Medium
FRA,Micro,Consumer Goods,Household Products,"Deux-Sèvres, Poitou-Charentes, Nouvelle-Aquitaine, FRA",FRI33,,,Name3440921,True,False,False,Severe
FRA,Micro,Consumer Goods,Household Products,"Deux-Sèvres, Poitou-Charentes, Nouvelle-Aquitaine, FRA",FRI33,,,Name3440922,True,False,False,Low
FRA,Micro,Consumer Goods,Household Products,"Deux-Sèvres, Poitou-Charentes, Nouvelle-Aquitaine, FRA",FRI33,,,Name3440923,False,True,True,Medium
FRA,Micro,Consumer Goods,Household Products,"Deux-Sèvres, Poitou-Charentes, Nouvelle-Aquitaine, FRA",FRI33,,,Name3440924,True,True,False,Low
FRA,Micro,Consumer Goods,Apparel,"Deux-Sèvres, Poitou-Charentes, Nouvelle-Aquitaine, FRA",FRI33,,,Name3440925,False,True,False,Medium
FRA,Micro,Consumer Goods,Apparel,"Deux-Sèvres, Poitou-Charentes, Nouvelle-Aquitaine, FRA",FRI33,,,Name3440926,True,True,False,Severe
FRA,Micro,Consumer Goods,Apparel,"Deux-Sèvres, Poitou-Charentes, Nouvelle-Aquitaine, FRA",FRI33,,,Name3440927,False,True,False,Low
FRA,Micro,Consumer Goods,Apparel,"Deux-Sèvres, Poitou-Charentes, Nouvelle-Aquitaine, FRA",FRI33,,,Name3440928,True,False,False,Severe
FRA,Micro,Consumer Goods,Apparel,"Deux-Sèvres, Poitou-Charentes, Nouvelle-Aquitaine, FRA",FRI33,,,Name3440929,True,False,False,Low
FRA,Micro,Consumer Goods,Apparel,"Deux-Sèvres, Poitou-Charentes, Nouvelle-Aquitaine, FRA",FRI33,,,Name3440930,False,False,True,High
FRA,Micro,Consumer Goods,Apparel,"Deux-Sèvres, Poitou-Charentes, Nouvelle-Aquitaine, FRA",FRI33,,,Name3440931,True,False,False,Medium
FRA,Micro,Consumer Goods,Apparel,"Deux-Sèvres, Poitou-Charentes, Nouvelle-Aquitaine, FRA",FRI33,,,Name3440932,True,True,False,Severe
FRA,Micro,Consumer Goods,Apparel,"Deux-Sèvres, Poitou-Charentes, Nouvelle-Aquitaine, FRA",FRI33,,,Name3440933,False,True,True,High
FRA,Micro,Consumer Goods,Apparel,"Deux-Sèvres, Poitou-Charentes, Nouvelle-Aquitaine, FRA",FRI33,,,Name3440934,False,True,False,Medium
FRA,Micro,Consumer Goods,Apparel,"Deux-Sèvres, Poitou-Charentes, Nouvelle-Aquitaine, FRA",FRI33,,,Name3440935,True,False,False,Severe
FRA,Micro,Consumer Goods,Apparel,"Deux-Sèvres, Poitou-Charentes, Nouvelle-Aquitaine, FRA",FRI33,,,Name3440937,True,True,False,High
FRA,Micro,Consumer Goods,Apparel,"Deux-Sèvres, Poitou-Charentes, Nouvelle-Aquitaine, FRA",FRI33,,,Name3440938,False,False,True,Medium
FRA,Micro,Consumer Goods,Apparel,"Deux-Sèvres, Poitou-Charentes, Nouvelle-Aquitaine, FRA",FRI33,,,Name3440939,False,True,False,Severe
FRA,Micro,Consumer Goods,Apparel,"Deux-Sèvres, Poitou-Charentes, Nouvelle-Aquitaine, FRA",FRI33,,,Name3440940,True,True,False,Severe
FRA,Micro,Consumer Goods,Apparel,"Deux-Sèvres, Poitou-Charentes, Nouvelle-Aquitaine, FRA",FRI33,,,Name3440942,False,True,True,Low
FRA,Micro,Consumer Goods,Apparel,"Deux-Sèvres, Poitou-Charentes, Nouvelle-Aquitaine, FRA",FRI33,,,Name3440944,False,False,True,High
FRA,Micro,Consumer Goods,Apparel,"Deux-Sèvres, Poitou-Charentes, Nouvelle-Aquitaine, FRA",FRI33,,,Name3440945,False,True,False,Low
FRA,Micro,Consumer Goods,Apparel,"Deux-Sèvres, Poitou-Charentes, Nouvelle-Aquitaine, FRA",FRI33,,,Name3440946,False,True,False,High
FRA,Micro,Consumer Goods,Apparel,"Deux-Sèvres, Poitou-Charentes, Nouvelle-Aquitaine, FRA",FRI33,,,Name3440947,True,False,False,Severe
FRA,Micro,Consumer Goods,Apparel,"Deux-Sèvres, Poitou-Charentes, Nouvelle-Aquitaine, FRA",FRI33,,,Name3440948,True,True,False,High
FRA,Micro,Consumer Goods,Apparel,"Deux-Sèvres, Poitou-Charentes, Nouvelle-Aquitaine, FRA",FRI33,,,Name3440949,True,False,False,High
FRA,Micro,Consumer Goods,Apparel,"Deux-Sèvres, Poitou-Charentes, Nouvelle-Aquitaine, FRA",FRI33,,,Name3440950,True,True,False,High
FRA,Micro,Consumer Goods,Apparel,"Deux-Sèvres, Poitou-Charentes, Nouvelle-Aquitaine, FRA",FRI33,,,Name3440953,True,True,False,Low
FRA,Micro,Consumer Goods,Apparel,"Deux-Sèvres, Poitou-Charentes, Nouvelle-Aquitaine, FRA",FRI33,,,Name3440954,True,True,False,Low
FRA,Micro,Consumer Goods,Apparel,"Deux-Sèvres, Poitou-Charentes, Nouvelle-Aquitaine, FRA",FRI33,,,Name3440955,True,True,False,Severe
FRA,Micro,Utilities,Electric,"Deux-Sèvres, Poitou-Charentes, Nouvelle-Aquitaine, FRA",FRI33,,,Name3440956,False,True,False,Low
FRA,Micro,Utilities,Electric,"Deux-Sèvres, Poitou-Charentes, Nouvelle-Aquitaine, FRA",FRI33,,,Name3440957,False,True,True,Low
FRA,Micro,Utilities,Electric,"Deux-Sèvres, Poitou-Charentes, Nouvelle-Aquitaine, FRA",FRI33,,,Name3440958,False,True,False,Severe
FRA,Micro,Utilities,Electric,"Deux-Sèvres, Poitou-Charentes, Nouvelle-Aquitaine, FRA",FRI33,,,Name3440959,False,True,False,Low
FRA,Micro,Utilities,Electric,"Deux-Sèvres, Poitou-Charentes, Nouvelle-Aquitaine, FRA",FRI33,,,Name3440960,True,False,False,High
FRA,Micro,Utilities,Electric,"Deux-Sèvres, Poitou-Charentes, Nouvelle-Aquitaine, FRA",FRI33,,,Name3440961,True,False,False,Medium
FRA,Micro,Utilities,Electric,"Deux-Sèvres, Poitou-Charentes, Nouvelle-Aquitaine, FRA",FRI33,,,Name3440963,True,True,False,Low
FRA,Micro,Utilities,Electric,"Deux-Sèvres, Poitou-Charentes, Nouvelle-Aquitaine, FRA",FRI33,,,Name3440964,True,True,False,Severe
FRA,Micro,Utilities,Electric,"Deux-Sèvres, Poitou-Charentes, Nouvelle-Aquitaine, FRA",FRI33,,,Name3440965,True,False,False,Severe
FRA,Micro,Utilities,Electric,"Deux-Sèvres, Poitou-Charentes, Nouvelle-Aquitaine, FRA",FRI33,,,Name3440966,False,True,True,Medium
FRA,Micro,Utilities,Electric,"Deux-Sèvres, Poitou-Charentes, Nouvelle-Aquitaine, FRA",FRI33,,,Name3440967,True,False,False,High
FRA,Micro,Utilities,Electric,"Deux-Sèvres, Poitou-Charentes, Nouvelle-Aquitaine, FRA",FRI33,,,Name3440968,True,True,False,Low
FRA,Micro,Utilities,Electric,"Deux-Sèvres, Poitou-Charentes, Nouvelle-Aquitaine, FRA",FRI33,,,Name3440969,True,True,False,High
FRA,Micro,Utilities,Electric,"Deux-Sèvres, Poitou-Charentes, Nouvelle-Aquitaine, FRA",FRI33,,,Name3440970,False,False,True,Low
FRA,Micro,Utilities,Electric,"Deux-Sèvres, Poitou-Charentes, Nouvelle-Aquitaine, FRA",FRI33,,,Name3440973,True,False,False,Medium
FRA,Micro,Utilities,Electric,"Deux-Sèvres, Poitou-Charentes, Nouvelle-Aquitaine, FRA",FRI33,,,Name3440974,False,True,True,High
FRA,Micro,Utilities,Electric,"Deux-Sèvres, Poitou-Charentes, Nouvelle-Aquitaine, FRA",FRI33,,,Name3440975,False,False,True,Low
FRA,Micro,Utilities,Electric,"Deux-Sèvres, Poitou-Charentes, Nouvelle-Aquitaine, FRA",FRI33,,,Name3440976,True,True,False,High
FRA,Micro,Utilities,Electric,"Deux-Sèvres, Poitou-Charentes, Nouvelle-Aquitaine, FRA",FRI33,,,Name3440977,False,False,True,Severe
FRA,Micro,Utilities,Electric,"Deux-Sèvres, Poitou-Charentes, Nouvelle-Aquitaine, FRA",FRI33,,,Name3440978,False,True,True,Low
FRA,Micro,Utilities,Electric,"Deux-Sèvres, Poitou-Charentes, Nouvelle-Aquitaine, FRA",FRI33,,,Name3440979,False,False,True,Low
FRA,Micro,Utilities,Electric,"Deux-Sèvres, Poitou-Charentes, Nouvelle-Aquitaine, FRA",FRI33,,,Name3440980,False,False,True,High
FRA,Micro,Utilities,Electric,"Deux-Sèvres, Poitou-Charentes, Nouvelle-Aquitaine, FRA",FRI33,,,Name3440981,False,True,True,Medium
FRA,Micro,Utilities,Electric,"Deux-Sèvres, Poitou-Charentes, Nouvelle-Aquitaine, FRA",FRI33,,,Name3440982,True,True,False,Low
FRA,Micro,Utilities,Electric,"Deux-Sèvres, Poitou-Charentes, Nouvelle-Aquitaine, FRA",FRI33,,,Name3440983,False,True,False,Low
FRA,Micro,Utilities,Electric,"Deux-Sèvres, Poitou-Charentes, Nouvelle-Aquitaine, FRA",FRI33,,,Name3440984,False,True,False,High
FRA,Micro,Utilities,Electric,"Deux-Sèvres, Poitou-Charentes, Nouvelle-Aquitaine, FRA",FRI33,,,Name3440986,True,False,False,High
FRA,Micro,Utilities,Electric,"Deux-Sèvres, Poitou-Charentes, Nouvelle-Aquitaine, FRA",FRI33,,,Name3440987,False,True,False,Severe
FRA,Micro,Utilities,Electric,"Deux-Sèvres, Poitou-Charentes, Nouvelle-Aquitaine, FRA",FRI33,,,Name3440989,True,True,False,Low
FRA,Micro,Utilities,Electric,"Deux-Sèvres, Poitou-Charentes, Nouvelle-Aquitaine, FRA",FRI33,,,Name3440990,False,False,True,Severe
FRA,Micro,Utilities,Electric,"Deux-Sèvres, Poitou-Charentes, Nouvelle-Aquitaine, FRA",FRI33,,,Name3440991,False,True,False,Low
FRA,Micro,Utilities,Electric,"Deux-Sèvres, Poitou-Charentes, Nouvelle-Aquitaine, FRA",FRI33,,,Name3440992,False,True,False,High
FRA,Micro,Utilities,Electric,"Deux-Sèvres, Poitou-Charentes, Nouvelle-Aquitaine, FRA",FRI33,,,Name3440993,False,False,True,Low
FRA,Micro,Utilities,Electric,"Deux-Sèvres, Poitou-Charentes, Nouvelle-Aquitaine, FRA",FRI33,,,Name3440994,True,False,False,Severe
FRA,Micro,Utilities,Electric,"Deux-Sèvres, Poitou-Charentes, Nouvelle-Aquitaine, FRA",FRI33,,,Name3440995,True,True,False,Severe
FRA,Micro,Utilities,Electric,"Deux-Sèvres, Poitou-Charentes, Nouvelle-Aquitaine, FRA",FRI33,,,Name3440996,True,False,False,Severe
FRA,Micro,Utilities,Water,"Deux-Sèvres, Poitou-Charentes, Nouvelle-Aquitaine, FRA",FRI33,,,Name3440998,True,True,False,Low
FRA,Micro,Utilities,Water,"Deux-Sèvres, Poitou-Charentes, Nouvelle-Aquitaine, FRA",FRI33,,,Name3440999,True,False,False,Severe
FRA,Micro,Utilities,Water,"Deux-Sèvres, Poitou-Charentes, Nouvelle-Aquitaine, FRA",FRI33,,,Name3441000,True,False,False,Low
FRA,Micro,Utilities,Water,"Deux-Sèvres, Poitou-Charentes, Nouvelle-Aquitaine, FRA",FRI33,,,Name3441001,True,False,False,Low
FRA,Micro,Utilities,Water,"Deux-Sèvres, Poitou-Charentes, Nouvelle-Aquitaine, FRA",FRI33,,,Name3441002,True,True,False,Medium
FRA,Micro,Utilities,Water,"Deux-Sèvres, Poitou-Charentes, Nouvelle-Aquitaine, FRA",FRI33,,,Name3441003,True,True,False,High
FRA,Micro,Utilities,Water,"Deux-Sèvres, Poitou-Charentes, Nouvelle-Aquitaine, FRA",FRI33,,,Name3441004,True,False,False,Severe
FRA,Micro,Utilities,Water,"Deux-Sèvres, Poitou-Charentes, Nouvelle-Aquitaine, FRA",FRI33,,,Name3441005,True,True,False,Medium
FRA,Micro,Utilities,Water,"Deux-Sèvres, Poitou-Charentes, Nouvelle-Aquitaine, FRA",FRI33,,,Name3441006,True,False,False,High
FRA,Micro,Utilities,Water,"Deux-Sèvres, Poitou-Charentes, Nouvelle-Aquitaine, FRA",FRI33,,,Name3441007,True,False,False,Low
FRA,Micro,Utilities,Water,"Deux-Sèvres, Poitou-Charentes, Nouvelle-Aquitaine, FRA",FRI33,,,Name3441008,True,True,False,Severe
FRA,Micro,Utilities,Water,"Deux-Sèvres, Poitou-Charentes, Nouvelle-Aquitaine, FRA",FRI33,,,Name3441009,False,True,False,Medium
FRA,Micro,Utilities,Water,"Deux-Sèvres, Poitou-Charentes, Nouvelle-Aquitaine, FRA",FRI33,,,Name3441010,True,False,False,High
FRA,Micro,Utilities,Water,"Deux-Sèvres, Poitou-Charentes, Nouvelle-Aquitaine, FRA",FRI33,,,Name3441011,True,True,False,Low
FRA,Micro,Utilities,Water,"Deux-Sèvres, Poitou-Charentes, Nouvelle-Aquitaine, FRA",FRI33,,,Name3441012,True,False,False,Medium
FRA,Micro,Utilities,Water,"Deux-Sèvres, Poitou-Charentes, Nouvelle-Aquitaine, FRA",FRI33,,,Name3441013,False,False,True,Medium
FRA,Micro,Utilities,Water,"Deux-Sèvres, Poitou-Charentes, Nouvelle-Aquitaine, FRA",FRI33,,,Name3441014,False,True,False,High
FRA,Micro,Utilities,Water,"Deux-Sèvres, Poitou-Charentes, Nouvelle-Aquitaine, FRA",FRI33,,,Name3441015,True,True,False,Medium
FRA,Micro,Utilities,Water,"Deux-Sèvres, Poitou-Charentes, Nouvelle-Aquitaine, FRA",FRI33,,,Name3441016,True,True,False,Low
FRA,Micro,Utilities,Water,"Deux-Sèvres, Poitou-Charentes, Nouvelle-Aquitaine, FRA",FRI33,,,Name3441017,True,False,False,Medium
FRA,Micro,Utilities,Water,"Deux-Sèvres, Poitou-Charentes, Nouvelle-Aquitaine, FRA",FRI33,,,Name3441018,True,False,False,Low
FRA,Micro,Utilities,Water,"Deux-Sèvres, Poitou-Charentes, Nouvelle-Aquitaine, FRA",FRI33,,,Name3441019,False,True,False,Low
FRA,Micro,Utilities,Water,"Deux-Sèvres, Poitou-Charentes, Nouvelle-Aquitaine, FRA",FRI33,,,Name3441020,False,True,True,Severe
FRA,Micro,Utilities,Water,"Deux-Sèvres, Poitou-Charentes, Nouvelle-Aquitaine, FRA",FRI33,,,Name3441021,False,True,True,High
FRA,Micro,Utilities,Water,"Deux-Sèvres, Poitou-Charentes, Nouvelle-Aquitaine, FRA",FRI33,,,Name3441022,True,False,False,Medium
FRA,Micro,Utilities,Water,"Deux-Sèvres, Poitou-Charentes, Nouvelle-Aquitaine, FRA",FRI33,,,Name3441023,True,True,False,Medium
FRA,Micro,Utilities,Water,"Deux-Sèvres, Poitou-Charentes, Nouvelle-Aquitaine, FRA",FRI33,,,Name3441026,False,True,False,Severe
FRA,Micro,Utilities,Water,"Deux-Sèvres, Poitou-Charentes, Nouvelle-Aquitaine, FRA",FRI33,,,Name3441027,False,True,False,Severe
FRA,Micro,Utilities,Water,"Deux-Sèvres, Poitou-Charentes, Nouvelle-Aquitaine, FRA",FRI33,,,Name3441028,False,False,True,Severe
FRA,Micro,Utilities,Water,"Deux-Sèvres, Poitou-Charentes, Nouvelle-Aquitaine, FRA",FRI33,,,Name3441029,False,True,True,High
FRA,Micro,Utilities,Water,"Deux-Sèvres, Poitou-Charentes, Nouvelle-Aquitaine, FRA",FRI33,,,Name3441030,True,True,False,Low
FRA,Micro,Utilities,Water,"Deux-Sèvres, Poitou-Charentes, Nouvelle-Aquitaine, FRA",FRI33,,,Name3441031,False,True,False,Low
FRA,Micro,Utilities,Water,"Deux-Sèvres, Poitou-Charentes, Nouvelle-Aquitaine, FRA",FRI33,,,Name3441032,True,True,False,Severe
FRA,Micro,Utilities,Water,"Deux-Sèvres, Poitou-Charentes, Nouvelle-Aquitaine, FRA",FRI33,,,Name3441033,True,True,False,Low
FRA,Micro,Utilities,Water,"Deux-Sèvres, Poitou-Charentes, Nouvelle-Aquitaine, FRA",FRI33,,,Name3441034,True,False,False,Low
FRA,Micro,Utilities,Water,"Deux-Sèvres, Poitou-Charentes, Nouvelle-Aquitaine, FRA",FRI33,,,Name3441036,True,False,False,Severe
FRA,Micro,Utilities,Gas,"Deux-Sèvres, Poitou-Charentes, Nouvelle-Aquitaine, FRA",FRI33,,,Name3441037,False,False,True,Severe
FRA,Micro,Utilities,Gas,"Deux-Sèvres, Poitou-Charentes, Nouvelle-Aquitaine, FRA",FRI33,,,Name3441038,False,True,False,Low
FRA,Micro,Utilities,Gas,"Deux-Sèvres, Poitou-Charentes, Nouvelle-Aquitaine, FRA",FRI33,,,Name3441039,True,True,False,Medium
FRA,Micro,Utilities,Gas,"Deux-Sèvres, Poitou-Charentes, Nouvelle-Aquitaine, FRA",FRI33,,,Name3441040,False,True,True,Severe
FRA,Micro,Utilities,Gas,"Deux-Sèvres, Poitou-Charentes, Nouvelle-Aquitaine, FRA",FRI33,,,Name3441041,False,True,False,Medium
FRA,Micro,Utilities,Gas,"Deux-Sèvres, Poitou-Charentes, Nouvelle-Aquitaine, FRA",FRI33,,,Name3441042,False,True,False,Severe
FRA,Micro,Utilities,Gas,"Deux-Sèvres, Poitou-Charentes, Nouvelle-Aquitaine, FRA",FRI33,,,Name3441043,True,False,False,Severe
FRA,Micro,Utilities,Gas,"Deux-Sèvres, Poitou-Charentes, Nouvelle-Aquitaine, FRA",FRI33,,,Name3441044,True,True,False,High
FRA,Micro,Utilities,Gas,"Deux-Sèvres, Poitou-Charentes, Nouvelle-Aquitaine, FRA",FRI33,,,Name3441045,False,True,False,Low
FRA,Micro,Utilities,Gas,"Deux-Sèvres, Poitou-Charentes, Nouvelle-Aquitaine, FRA",FRI33,,,Name3441046,False,True,True,Severe
FRA,Micro,Utilities,Gas,"Deux-Sèvres, Poitou-Charentes, Nouvelle-Aquitaine, FRA",FRI33,,,Name3441047,True,False,False,High
FRA,Micro,Utilities,Gas,"Deux-Sèvres, Poitou-Charentes, Nouvelle-Aquitaine, FRA",FRI33,,,Name3441048,True,True,False,Low
FRA,Micro,Utilities,Gas,"Deux-Sèvres, Poitou-Charentes, Nouvelle-Aquitaine, FRA",FRI33,,,Name3441049,False,True,False,High
FRA,Micro,Utilities,Gas,"Deux-Sèvres, Poitou-Charentes, Nouvelle-Aquitaine, FRA",FRI33,,,Name3441050,False,True,False,Medium
FRA,Micro,Utilities,Gas,"Deux-Sèvres, Poitou-Charentes, Nouvelle-Aquitaine, FRA",FRI33,,,Name3441051,True,True,False,High
FRA,Micro,Utilities,Gas,"Deux-Sèvres, Poitou-Charentes, Nouvelle-Aquitaine, FRA",FRI33,,,Name3441052,True,False,False,Low
FRA,Micro,Utilities,Gas,"Deux-Sèvres, Poitou-Charentes, Nouvelle-Aquitaine, FRA",FRI33,,,Name3441053,True,False,False,High
FRA,Micro,Utilities,Gas,"Deux-Sèvres, Poitou-Charentes, Nouvelle-Aquitaine, FRA",FRI33,,,Name3441054,False,True,True,High
FRA,Micro,Utilities,Gas,"Deux-Sèvres, Poitou-Charentes, Nouvelle-Aquitaine, FRA",FRI33,,,Name3441055,True,False,False,Medium
FRA,Micro,Utilities,Gas,"Deux-Sèvres, Poitou-Charentes, Nouvelle-Aquitaine, FRA",FRI33,,,Name3441056,False,False,True,Low
FRA,Micro,Utilities,Gas,"Deux-Sèvres, Poitou-Charentes, Nouvelle-Aquitaine, FRA",FRI33,,,Name3441057,True,False,False,Low
FRA,Micro,Utilities,Gas,"Deux-Sèvres, Poitou-Charentes, Nouvelle-Aquitaine, FRA",FRI33,,,Name3441058,True,False,False,Medium
FRA,Micro,Utilities,Gas,"Deux-Sèvres, Poitou-Charentes, Nouvelle-Aquitaine, FRA",FRI33,,,Name3441059,True,True,False,High
FRA,Micro,Utilities,Gas,"Deux-Sèvres, Poitou-Charentes, Nouvelle-Aquitaine, FRA",FRI33,,,Name3441060,True,False,False,High
FRA,Micro,Utilities,Gas,"Deux-Sèvres, Poitou-Charentes, Nouvelle-Aquitaine, FRA",FRI33,,,Name3441061,True,False,False,Low
FRA,Micro,Utilities,Gas,"Deux-Sèvres, Poitou-Charentes, Nouvelle-Aquitaine, FRA",FRI33,,,Name3441063,True,False,False,Severe
FRA,Micro,Utilities,Gas,"Deux-Sèvres, Poitou-Charentes, Nouvelle-Aquitaine, FRA",FRI33,,,Name3441064,True,True,False,Low
FRA,Micro,Utilities,Gas,"Deux-Sèvres, Poitou-Charentes, Nouvelle-Aquitaine, FRA",FRI33,,,Name3441065,True,False,False,Severe
FRA,Micro,Utilities,Gas,"Deux-Sèvres, Poitou-Charentes, Nouvelle-Aquitaine, FRA",FRI33,,,Name3441066,True,True,False,Severe
FRA,Micro,Utilities,Gas,"Deux-Sèvres, Poitou-Charentes, Nouvelle-Aquitaine, FRA",FRI33,,,Name3441067,True,True,False,Low
FRA,Micro,Utilities,Gas,"Deux-Sèvres, Poitou-Charentes, Nouvelle-Aquitaine, FRA",FRI33,,,Name3441068,True,True,False,Low
FRA,Micro,Utilities,Gas,"Deux-Sèvres, Poitou-Charentes, Nouvelle-Aquitaine, FRA",FRI33,,,Name3441069,True,True,False,Low
FRA,Micro,Real Estate,Residential,"Deux-Sèvres, Poitou-Charentes, Nouvelle-Aquitaine, FRA",FRI33,,,Name3441070,True,False,False,Medium
FRA,Micro,Real Estate,Residential,"Deux-Sèvres, Poitou-Charentes, Nouvelle-Aquitaine, FRA",FRI33,,,Name3441071,True,False,False,Severe
FRA,Micro,Real Estate,Residential,"Deux-Sèvres, Poitou-Charentes, Nouvelle-Aquitaine, FRA",FRI33,,,Name3441072,True,True,False,Low
FRA,Micro,Real Estate,Residential,"Deux-Sèvres, Poitou-Charentes, Nouvelle-Aquitaine, FRA",FRI33,,,Name3441073,False,True,False,Severe
FRA,Micro,Real Estate,Residential,"Deux-Sèvres, Poitou-Charentes, Nouvelle-Aquitaine, FRA",FRI33,,,Name3441074,True,True,False,Medium
FRA,Micro,Real Estate,Residential,"Deux-Sèvres, Poitou-Charentes, Nouvelle-Aquitaine, FRA",FRI33,,,Name3441075,True,False,False,Low
FRA,Micro,Real Estate,Residential,"Deux-Sèvres, Poitou-Charentes, Nouvelle-Aquitaine, FRA",FRI33,,,Name3441077,True,False,False,Medium
FRA,Micro,Real Estate,Residential,"Deux-Sèvres, Poitou-Charentes, Nouvelle-Aquitaine, FRA",FRI33,,,Name3441078,False,True,False,Severe
FRA,Micro,Real Estate,Residential,"Deux-Sèvres, Poitou-Charentes, Nouvelle-Aquitaine, FRA",FRI33,,,Name3441079,False,True,False,Severe
FRA,Micro,Real Estate,Residential,"Deux-Sèvres, Poitou-Charentes, Nouvelle-Aquitaine, FRA",FRI33,,,Name3441080,False,True,False,High
FRA,Micro,Real Estate,Residential,"Deux-Sèvres, Poitou-Charentes, Nouvelle-Aquitaine, FRA",FRI33,,,Name3441081,False,True,False,Low
FRA,Micro,Real Estate,Residential,"Deux-Sèvres, Poitou-Charentes, Nouvelle-Aquitaine, FRA",FRI33,,,Name3441082,False,True,False,Medium
FRA,Micro,Real Estate,Residential,"Deux-Sèvres, Poitou-Charentes, Nouvelle-Aquitaine, FRA",FRI33,,,Name3441083,True,False,False,Low
FRA,Micro,Real Estate,Residential,"Deux-Sèvres, Poitou-Charentes, Nouvelle-Aquitaine, FRA",FRI33,,,Name3441084,True,True,False,Severe
FRA,Micro,Real Estate,Commercial,"Deux-Sèvres, Poitou-Charentes, Nouvelle-Aquitaine, FRA",FRI33,,,Name3441085,True,True,False,Medium
FRA,Micro,Real Estate,Commercial,"Deux-Sèvres, Poitou-Charentes, Nouvelle-Aquitaine, FRA",FRI33,,,Name3441086,True,True,False,Low
FRA,Micro,Real Estate,Commercial,"Deux-Sèvres, Poitou-Charentes, Nouvelle-Aquitaine, FRA",FRI33,,,Name3441087,False,True,False,High
FRA,Micro,Real Estate,Commercial,"Deux-Sèvres, Poitou-Charentes, Nouvelle-Aquitaine, FRA",FRI33,,,Name3441089,True,False,False,Severe
FRA,Micro,Real Estate,Commercial,"Deux-Sèvres, Poitou-Charentes, Nouvelle-Aquitaine, FRA",FRI33,,,Name3441090,True,False,False,Severe
FRA,Micro,Real Estate,Commercial,"Deux-Sèvres, Poitou-Charentes, Nouvelle-Aquitaine, FRA",FRI33,,,Name3441091,True,False,False,Low
FRA,Micro,Real Estate,Commercial,"Deux-Sèvres, Poitou-Charentes, Nouvelle-Aquitaine, FRA",FRI33,,,Name3441092,True,False,False,Severe
FRA,Micro,Real Estate,Commercial,"Deux-Sèvres, Poitou-Charentes, Nouvelle-Aquitaine, FRA",FRI33,,,Name3441093,False,True,True,Medium
FRA,Micro,Real Estate,Commercial,"Deux-Sèvres, Poitou-Charentes, Nouvelle-Aquitaine, FRA",FRI33,,,Name3441094,False,False,True,Medium
FRA,Micro,Real Estate,Commercial,"Deux-Sèvres, Poitou-Charentes, Nouvelle-Aquitaine, FRA",FRI33,,,Name3441095,True,False,False,Severe
FRA,Micro,Real Estate,Commercial,"Deux-Sèvres, Poitou-Charentes, Nouvelle-Aquitaine, FRA",FRI33,,,Name3441096,True,False,False,Low
FRA,Micro,Real Estate,Commercial,"Deux-Sèvres, Poitou-Charentes, Nouvelle-Aquitaine, FRA",FRI33,,,Name3441097,True,False,False,High
FRA,Micro,Real Estate,Commercial,"Deux-Sèvres, Poitou-Charentes, Nouvelle-Aquitaine, FRA",FRI33,,,Name3441098,False,False,True,Severe
FRA,Micro,Real Estate,Commercial,"Deux-Sèvres, Poitou-Charentes, Nouvelle-Aquitaine, FRA",FRI33,,,Name3441099,True,False,False,High
FRA,Micro,Real Estate,Commercial,"Deux-Sèvres, Poitou-Charentes, Nouvelle-Aquitaine, FRA",FRI33,,,Name3441100,False,True,True,High
FRA,Micro,Real Estate,Commercial,"Deux-Sèvres, Poitou-Charentes, Nouvelle-Aquitaine, FRA",FRI33,,,Name3441101,False,True,True,Severe
FRA,Micro,Real Estate,Commercial,"Deux-Sèvres, Poitou-Charentes, Nouvelle-Aquitaine, FRA",FRI33,,,Name3441102,False,False,True,Severe
FRA,Micro,Real Estate,Commercial,"Deux-Sèvres, Poitou-Charentes, Nouvelle-Aquitaine, FRA",FRI33,,,Name3441103,True,True,False,Low
FRA,Micro,Real Estate,Commercial,"Deux-Sèvres, Poitou-Charentes, Nouvelle-Aquitaine, FRA",FRI33,,,Name3441104,True,False,False,High
FRA,Micro,Real Estate,Industrial,"Deux-Sèvres, Poitou-Charentes, Nouvelle-Aquitaine, FRA",FRI33,,,Name3441105,False,True,False,Severe
FRA,Micro,Real Estate,Industrial,"Deux-Sèvres, Poitou-Charentes, Nouvelle-Aquitaine, FRA",FRI33,,,Name3441106,False,True,False,Medium
FRA,Micro,Real Estate,Industrial,"Deux-Sèvres, Poitou-Charentes, Nouvelle-Aquitaine, FRA",FRI33,,,Name3441107,False,True,False,Severe
FRA,Micro,Real Estate,Industrial,"Deux-Sèvres, Poitou-Charentes, Nouvelle-Aquitaine, FRA",FRI33,,,Name3441109,True,True,False,Medium
FRA,Micro,Real Estate,Industrial,"Deux-Sèvres, Poitou-Charentes, Nouvelle-Aquitaine, FRA",FRI33,,,Name3441110,False,True,True,Low
FRA,Micro,Real Estate,Industrial,"Deux-Sèvres, Poitou-Charentes, Nouvelle-Aquitaine, FRA",FRI33,,,Name3441111,True,False,False,High
FRA,Micro,Real Estate,Industrial,"Deux-Sèvres, Poitou-Charentes, Nouvelle-Aquitaine, FRA",FRI33,,,Name3441112,True,False,False,Severe
FRA,Micro,Real Estate,Industrial,"Deux-Sèvres, Poitou-Charentes, Nouvelle-Aquitaine, FRA",FRI33,,,Name3441113,False,True,False,Low
FRA,Micro,Real Estate,Industrial,"Deux-Sèvres, Poitou-Charentes, Nouvelle-Aquitaine, FRA",FRI33,,,Name3441115,False,False,True,High
FRA,Micro,Real Estate,Industrial,"Deux-Sèvres, Poitou-Charentes, Nouvelle-Aquitaine, FRA",FRI33,,,Name3441116,False,True,True,Medium
FRA,Micro,Real Estate,Industrial,"Deux-Sèvres, Poitou-Charentes, Nouvelle-Aquitaine, FRA",FRI33,,,Name3441117,False,True,False,Low
FRA,Micro,Real Estate,Industrial,"Deux-Sèvres, Poitou-Charentes, Nouvelle-Aquitaine, FRA",FRI33,,,Name3441118,False,True,True,Low
FRA,Micro,Real Estate,Industrial,"Deux-Sèvres, Poitou-Charentes, Nouvelle-Aquitaine, FRA",FRI33,,,Name3441119,True,True,False,Medium
FRA,Micro,Real Estate,Industrial,"Deux-Sèvres, Poitou-Charentes, Nouvelle-Aquitaine, FRA",FRI33,,,Name3441120,True,False,False,High
FRA,Micro,Real Estate,Industrial,"Deux-Sèvres, Poitou-Charentes, Nouvelle-Aquitaine, FRA",FRI33,,,Name3441121,False,True,True,Medium
FRA,Micro,Real Estate,Industrial,"Deux-Sèvres, Poitou-Charentes, Nouvelle-Aquitaine, FRA",FRI33,,,Name3441122,True,False,False,Medium
FRA,Micro,Real Estate,Industrial,"Deux-Sèvres, Poitou-Charentes, Nouvelle-Aquitaine, FRA",FRI33,,,Name3441124,True,False,False,Severe
FRA,Micro,Real Estate,Industrial,"Deux-Sèvres, Poitou-Charentes, Nouvelle-Aquitaine, FRA",FRI33,,,Name3441125,True,True,False,Low
FRA,Micro,Real Estate,Industrial,"Deux-Sèvres, Poitou-Charentes, Nouvelle-Aquitaine, FRA",FRI33,,,Name3441126,False,True,True,Severe
FRA,Micro,Real Estate,Industrial,"Deux-Sèvres, Poitou-Charentes, Nouvelle-Aquitaine, FRA",FRI33,,,Name3441127,True,True,False,High
FRA,Micro,Real Estate,Industrial,"Deux-Sèvres, Poitou-Charentes, Nouvelle-Aquitaine, FRA",FRI33,,,Name3441128,False,True,True,Low
FRA,Micro,Real Estate,Industrial,"Deux-Sèvres, Poitou-Charentes, Nouvelle-Aquitaine, FRA",FRI33,,,Name3441129,True,False,False,Severe
FRA,Micro,Telecommunications,Mobile,"Deux-Sèvres, Poitou-Charentes, Nouvelle-Aquitaine, FRA",FRI33,,,Name3441130,True,False,False,Low
FRA,Micro,Telecommunications,Mobile,"Deux-Sèvres, Poitou-Charentes, Nouvelle-Aquitaine, FRA",FRI33,,,Name3441131,False,True,True,High
FRA,Micro,Telecommunications,Mobile,"Deux-Sèvres, Poitou-Charentes, Nouvelle-Aquitaine, FRA",FRI33,,,Name3441132,False,True,True,Low
FRA,Micro,Telecommunications,Mobile,"Deux-Sèvres, Poitou-Charentes, Nouvelle-Aquitaine, FRA",FRI33,,,Name3441133,False,False,True,Low
FRA,Micro,Telecommunications,Mobile,"Deux-Sèvres, Poitou-Charentes, Nouvelle-Aquitaine, FRA",FRI33,,,Name3441134,True,True,False,High
FRA,Micro,Telecommunications,Mobile,"Deux-Sèvres, Poitou-Charentes, Nouvelle-Aquitaine, FRA",FRI33,,,Name3441135,True,True,False,Severe
FRA,Micro,Telecommunications,Mobile,"Deux-Sèvres, Poitou-Charentes, Nouvelle-Aquitaine, FRA",FRI33,,,Name3441137,False,False,True,Medium
FRA,Micro,Telecommunications,Mobile,"Deux-Sèvres, Poitou-Charentes, Nouvelle-Aquitaine, FRA",FRI33,,,Name3441138,False,True,False,Severe
FRA,Micro,Telecommunications,Mobile,"Deux-Sèvres, Poitou-Charentes, Nouvelle-Aquitaine, FRA",FRI33,,,Name3441139,True,True,False,High
FRA,Micro,Telecommunications,Mobile,"Deux-Sèvres, Poitou-Charentes, Nouvelle-Aquitaine, FRA",FRI33,,,Name3441140,True,False,False,Low
FRA,Micro,Telecommunications,Mobile,"Deux-Sèvres, Poitou-Charentes, Nouvelle-Aquitaine, FRA",FRI33,,,Name3441141,False,True,True,Low
FRA,Micro,Telecommunications,Broadband,"Deux-Sèvres, Poitou-Charentes, Nouvelle-Aquitaine, FRA",FRI33,,,Name3441142,True,False,False,Medium
FRA,Micro,Telecommunications,Broadband,"Deux-Sèvres, Poitou-Charentes, Nouvelle-Aquitaine, FRA",FRI33,,,Name3441144,False,True,True,Low
FRA,Micro,Telecommunications,Broadband,"Deux-Sèvres, Poitou-Charentes, Nouvelle-Aquitaine, FRA",FRI33,,,Name3441145,False,True,True,Low
FRA,Micro,Telecommunications,Broadband,"Deux-Sèvres, Poitou-Charentes, Nouvelle-Aquitaine, FRA",FRI33,,,Name3441146,True,True,False,Severe
FRA,Micro,Telecommunications,Broadband,"Deux-Sèvres, Poitou-Charentes, Nouvelle-Aquitaine, FRA",FRI33,,,Name3441147,True,True,False,Low
FRA,Micro,Telecommunications,Broadband,"Deux-Sèvres, Poitou-Charentes, Nouvelle-Aquitaine, FRA",FRI33,,,Name3441149,True,True,False,Low
FRA,Micro,Telecommunications,Broadband,"Deux-Sèvres, Poitou-Charentes, Nouvelle-Aquitaine, FRA",FRI33,,,Name3441151,True,True,False,Severe
FRA,Micro,Telecommunications,Broadband,"Deux-Sèvres, Poitou-Charentes, Nouvelle-Aquitaine, FRA",FRI33,,,Name3441152,True,True,False,Medium
FRA,Micro,Telecommunications,Broadband,"Deux-Sèvres, Poitou-Charentes, Nouvelle-Aquitaine, FRA",FRI33,,,Name3441153,True,False,False,High
FRA,Micro,Telecommunications,Broadband,"Deux-Sèvres, Poitou-Charentes, Nouvelle-Aquitaine, FRA",FRI33,,,Name3441154,False,True,True,Medium
FRA,Micro,Telecommunications,Broadband,"Deux-Sèvres, Poitou-Charentes, Nouvelle-Aquitaine, FRA",FRI33,,,Name3441155,False,False,True,Medium
FRA,Micro,Telecommunications,Broadband,"Deux-Sèvres, Poitou-Charentes, Nouvelle-Aquitaine, FRA",FRI33,,,Name3441156,False,True,True,High
FRA,Micro,Telecommunications,Broadband,"Deux-Sèvres, Poitou-Charentes, Nouvelle-Aquitaine, FRA",FRI33,,,Name3441157,True,False,False,Severe
FRA,Micro,Telecommunications,Broadband,"Deux-Sèvres, Poitou-Charentes, Nouvelle-Aquitaine, FRA",FRI33,,,Name3441158,True,True,False,Severe
FRA,Micro,Telecommunications,Broadband,"Deux-Sèvres, Poitou-Charentes, Nouvelle-Aquitaine, FRA",FRI33,,,Name3441159,True,False,False,Low
FRA,Micro,Telecommunications,Broadband,"Deux-Sèvres, Poitou-Charentes, Nouvelle-Aquitaine, FRA",FRI33,,,Name3441160,False,True,False,Low
FRA,Micro,Telecommunications,Broadband,"Deux-Sèvres, Poitou-Charentes, Nouvelle-Aquitaine, FRA",FRI33,,,Name3441161,False,True,True,Severe
FRA,Micro,Telecommunications,Broadband,"Deux-Sèvres, Poitou-Charentes, Nouvelle-Aquitaine, FRA",FRI33,,,Name3441162,True,False,False,Severe
FRA,Micro,Telecommunications,Broadband,"Deux-Sèvres, Poitou-Charentes, Nouvelle-Aquitaine, FRA",FRI33,,,Name3441163,False,True,False,Low
FRA,Micro,Telecommunications,Broadband,"Deux-Sèvres, Poitou-Charentes, Nouvelle-Aquitaine, FRA",FRI33,,,Name3441164,True,True,False,Medium
FRA,Micro,Telecommunications,Broadband,"Deux-Sèvres, Poitou-Charentes, Nouvelle-Aquitaine, FRA",FRI33,,,Name3441165,True,True,False,Medium
FRA,Micro,Telecommunications,Broadband,"Deux-Sèvres, Poitou-Charentes, Nouvelle-Aquitaine, FRA",FRI33,,,Name3441166,True,False,False,Low
FRA,Micro,Telecommunications,Broadband,"Deux-Sèvres, Poitou-Charentes, Nouvelle-Aquitaine, FRA",FRI33,,,Name3441167,False,True,True,Low
FRA,Micro,Telecommunications,Broadband,"Deux-Sèvres, Poitou-Charentes, Nouvelle-Aquitaine, FRA",FRI33,,,Name3441168,True,False,False,Severe
FRA,Micro,Telecommunications,Broadband,"Deux-Sèvres, Poitou-Charentes, Nouvelle-Aquitaine, FRA",FRI33,,,Name3441169,False,False,True,High
FRA,Micro,Telecommunications,Broadband,"Deux-Sèvres, Poitou-Charentes, Nouvelle-Aquitaine, FRA",FRI33,,,Name3441170,True,True,False,Low
FRA,Micro,Telecommunications,Satellite,"Deux-Sèvres, Poitou-Charentes, Nouvelle-Aquitaine, FRA",FRI33,,,Name3441171,False,False,True,Low
FRA,Micro,Telecommunications,Satellite,"Deux-Sèvres, Poitou-Charentes, Nouvelle-Aquitaine, FRA",FRI33,,,Name3441172,False,True,True,Severe
FRA,Micro,Telecommunications,Satellite,"Deux-Sèvres, Poitou-Charentes, Nouvelle-Aquitaine, FRA",FRI33,,,Name3441173,True,False,False,High
FRA,Micro,Telecommunications,Satellite,"Deux-Sèvres, Poitou-Charentes, Nouvelle-Aquitaine, FRA",FRI33,,,Name3441174,True,True,False,Low
FRA,Micro,Telecommunications,Satellite,"Deux-Sèvres, Poitou-Charentes, Nouvelle-Aquitaine, FRA",FRI33,,,Name3441175,False,True,True,High
FRA,Micro,Telecommunications,Satellite,"Deux-Sèvres, Poitou-Charentes, Nouvelle-Aquitaine, FRA",FRI33,,,Name3441176,False,True,False,High
FRA,Micro,Telecommunications,Satellite,"Deux-Sèvres, Poitou-Charentes, Nouvelle-Aquitaine, FRA",FRI33,,,Name3441177,False,True,True,High
FRA,Micro,Telecommunications,Satellite,"Deux-Sèvres, Poitou-Charentes, Nouvelle-Aquitaine, FRA",FRI33,,,Name3441178,False,True,True,Medium
FRA,Micro,Telecommunications,Satellite,"Deux-Sèvres, Poitou-Charentes, Nouvelle-Aquitaine, FRA",FRI33,,,Name3441179,False,True,True,Low
FRA,Micro,Telecommunications,Satellite,"Deux-Sèvres, Poitou-Charentes, Nouvelle-Aquitaine, FRA",FRI33,,,Name3441180,False,True,False,Low
FRA,Micro,Telecommunications,Satellite,"Deux-Sèvres, Poitou-Charentes, Nouvelle-Aquitaine, FRA",FRI33,,,Name3441181,True,True,False,Severe
FRA,Micro,Telecommunications,Satellite,"Deux-Sèvres, Poitou-Charentes, Nouvelle-Aquitaine, FRA",FRI33,,,Name3441182,True,True,False,Medium
FRA,Micro,Telecommunications,Satellite,"Deux-Sèvres, Poitou-Charentes, Nouvelle-Aquitaine, FRA",FRI33,,,Name3441183,True,False,False,Severe
FRA,Micro,Telecommunications,Satellite,"Deux-Sèvres, Poitou-Charentes, Nouvelle-Aquitaine, FRA",FRI33,,,Name3441185,True,False,False,Low
FRA,Micro,Telecommunications,Satellite,"Deux-Sèvres, Poitou-Charentes, Nouvelle-Aquitaine, FRA",FRI33,,,Name3441186,True,False,False,Medium
FRA,Micro,Telecommunications,Satellite,"Deux-Sèvres, Poitou-Charentes, Nouvelle-Aquitaine, FRA",FRI33,,,Name3441187,True,False,False,Severe
FRA,Micro,Telecommunications,Satellite,"Deux-Sèvres, Poitou-Charentes, Nouvelle-Aquitaine, FRA",FRI33,,,Name3441188,True,False,False,High
FRA,Micro,Telecommunications,Satellite,"Deux-Sèvres, Poitou-Charentes, Nouvelle-Aquitaine, FRA",FRI33,,,Name3441189,False,True,True,Low
FRA,Micro,Telecommunications,Satellite,"Deux-Sèvres, Poitou-Charentes, Nouvelle-Aquitaine, FRA",FRI33,,,Name3441190,False,False,True,High
FRA,Micro,Telecommunications,Satellite,"Deux-Sèvres, Poitou-Charentes, Nouvelle-Aquitaine, FRA",FRI33,,,Name3441191,False,True,False,High
FRA,Micro,Telecommunications,Satellite,"Deux-Sèvres, Poitou-Charentes, Nouvelle-Aquitaine, FRA",FRI33,,,Name3441192,True,False,False,Severe
FRA,Micro,Telecommunications,Satellite,"Deux-Sèvres, Poitou-Charentes, Nouvelle-Aquitaine, FRA",FRI33,,,Name3441193,True,False,False,Medium
FRA,Micro,Telecommunications,Satellite,"Deux-Sèvres, Poitou-Charentes, Nouvelle-Aquitaine, FRA",FRI33,,,Name3441195,True,False,False,High
FRA,Micro,Telecommunications,Satellite,"Deux-Sèvres, Poitou-Charentes, Nouvelle-Aquitaine, FRA",FRI33,,,Name3441196,True,False,False,High
FRA,Micro,Telecommunications,Satellite,"Deux-Sèvres, Poitou-Charentes, Nouvelle-Aquitaine, FRA",FRI33,,,Name3441197,True,True,False,Low
FRA,Micro,Telecommunications,Satellite,"Deux-Sèvres, Poitou-Charentes, Nouvelle-Aquitaine, FRA",FRI33,,,Name3441198,False,True,True,Medium
FRA,Micro,Telecommunications,Satellite,"Deux-Sèvres, Poitou-Charentes, Nouvelle-Aquitaine, FRA",FRI33,,,Name3441199,True,False,False,Medium
FRA,Micro,Telecommunications,Satellite,"Deux-Sèvres, Poitou-Charentes, Nouvelle-Aquitaine, FRA",FRI33,,,Name3441201,False,True,True,High
FRA,Micro,Telecommunications,Satellite,"Deux-Sèvres, Poitou-Charentes, Nouvelle-Aquitaine, FRA",FRI33,,,Name3441202,False,True,True,High
FRA,Micro,Telecommunications,Satellite,"Deux-Sèvres, Poitou-Charentes, Nouvelle-Aquitaine, FRA",FRI33,,,Name3441203,True,True,False,Medium
FRA,Micro,Telecommunications,Satellite,"Deux-Sèvres, Poitou-Charentes, Nouvelle-Aquitaine, FRA",FRI33,,,Name3441204,False,True,False,High
FRA,Micro,Telecommunications,Satellite,"Deux-Sèvres, Poitou-Charentes, Nouvelle-Aquitaine, FRA",FRI33,,,Name3441205,False,True,False,Low
FRA,Micro,Telecommunications,Satellite,"Deux-Sèvres, Poitou-Charentes, Nouvelle-Aquitaine, FRA",FRI33,,,Name3441206,False,True,False,Low
FRA,Micro,Telecommunications,Satellite,"Deux-Sèvres, Poitou-Charentes, Nouvelle-Aquitaine, FRA",FRI33,,,Name3441207,False,True,False,Severe
FRA,Micro,Telecommunications,Satellite,"Deux-Sèvres, Poitou-Charentes, Nouvelle-Aquitaine, FRA",FRI33,,,Name3441208,True,True,False,High
FRA,Micro,Telecommunications,Satellite,"Deux-Sèvres, Poitou-Charentes, Nouvelle-Aquitaine, FRA",FRI33,,,Name3441209,True,False,False,Low
FRA,Micro,Telecommunications,Satellite,"Deux-Sèvres, Poitou-Charentes, Nouvelle-Aquitaine, FRA",FRI33,,,Name3441211,False,True,False,Medium
FRA,Micro,Telecommunications,Satellite,"Deux-Sèvres, Poitou-Charentes, Nouvelle-Aquitaine, FRA",FRI33,,,Name3441212,False,True,True,Severe
FRA,Micro,Telecommunications,Satellite,"Deux-Sèvres, Poitou-Charentes, Nouvelle-Aquitaine, FRA",FRI33,,,Name3441213,True,False,False,Medium
FRA,Micro,Telecommunications,Satellite,"Deux-Sèvres, Poitou-Charentes, Nouvelle-Aquitaine, FRA",FRI33,,,Name3441214,True,False,False,Medium
FRA,Micro,Telecommunications,Satellite,"Deux-Sèvres, Poitou-Charentes, Nouvelle-Aquitaine, FRA",FRI33,,,Name3441215,True,True,False,High
FRA,Micro,Materials,Chemicals,"Deux-Sèvres, Poitou-Charentes, Nouvelle-Aquitaine, FRA",FRI33,,,Name3441216,False,True,True,Low
FRA,Micro,Materials,Chemicals,"Deux-Sèvres, Poitou-Charentes, Nouvelle-Aquitaine, FRA",FRI33,,,Name3441217,True,False,False,Severe
FRA,Micro,Materials,Chemicals,"Deux-Sèvres, Poitou-Charentes, Nouvelle-Aquitaine, FRA",FRI33,,,Name3441218,False,True,True,Medium
FRA,Micro,Materials,Chemicals,"Deux-Sèvres, Poitou-Charentes, Nouvelle-Aquitaine, FRA",FRI33,,,Name3441219,True,True,False,High
FRA,Micro,Materials,Chemicals,"Deux-Sèvres, Poitou-Charentes, Nouvelle-Aquitaine, FRA",FRI33,,,Name3441220,True,False,False,Medium
FRA,Micro,Materials,Chemicals,"Deux-Sèvres, Poitou-Charentes, Nouvelle-Aquitaine, FRA",FRI33,,,Name3441221,True,True,False,High
FRA,Micro,Materials,Chemicals,"Deux-Sèvres, Poitou-Charentes, Nouvelle-Aquitaine, FRA",FRI33,,,Name3441222,True,False,False,Low
FRA,Micro,Materials,Chemicals,"Deux-Sèvres, Poitou-Charentes, Nouvelle-Aquitaine, FRA",FRI33,,,Name3441223,True,True,False,High
FRA,Micro,Materials,Chemicals,"Deux-Sèvres, Poitou-Charentes, Nouvelle-Aquitaine, FRA",FRI33,,,Name3441224,False,True,True,Medium
FRA,Micro,Materials,Chemicals,"Deux-Sèvres, Poitou-Charentes, Nouvelle-Aquitaine, FRA",FRI33,,,Name3441225,True,False,False,High
FRA,Micro,Materials,Chemicals,"Deux-Sèvres, Poitou-Charentes, Nouvelle-Aquitaine, FRA",FRI33,,,Name3441226,False,True,True,Medium
FRA,Micro,Materials,Chemicals,"Deux-Sèvres, Poitou-Charentes, Nouvelle-Aquitaine, FRA",FRI33,,,Name3441227,True,False,False,High
FRA,Micro,Materials,Chemicals,"Deux-Sèvres, Poitou-Charentes, Nouvelle-Aquitaine, FRA",FRI33,,,Name3441228,False,False,True,Low
FRA,Micro,Materials,Chemicals,"Deux-Sèvres, Poitou-Charentes, Nouvelle-Aquitaine, FRA",FRI33,,,Name3441229,True,False,False,High
FRA,Micro,Materials,Chemicals,"Deux-Sèvres, Poitou-Charentes, Nouvelle-Aquitaine, FRA",FRI33,,,Name3441230,True,False,False,High
FRA,Micro,Materials,Chemicals,"Deux-Sèvres, Poitou-Charentes, Nouvelle-Aquitaine, FRA",FRI33,,,Name3441231,True,True,False,Medium
FRA,Micro,Materials,Chemicals,"Deux-Sèvres, Poitou-Charentes, Nouvelle-Aquitaine, FRA",FRI33,,,Name3441232,False,True,False,Medium
FRA,Micro,Materials,Chemicals,"Deux-Sèvres, Poitou-Charentes, Nouvelle-Aquitaine, FRA",FRI33,,,Name3441233,True,False,False,Medium
FRA,Micro,Materials,Chemicals,"Deux-Sèvres, Poitou-Charentes, Nouvelle-Aquitaine, FRA",FRI33,,,Name3441234,True,True,False,Medium
FRA,Micro,Materials,Chemicals,"Deux-Sèvres, Poitou-Charentes, Nouvelle-Aquitaine, FRA",FRI33,,,Name3441235,True,False,False,Severe
FRA,Micro,Materials,Chemicals,"Deux-Sèvres, Poitou-Charentes, Nouvelle-Aquitaine, FRA",FRI33,,,Name3441237,False,False,True,High
FRA,Micro,Materials,Chemicals,"Deux-Sèvres, Poitou-Charentes, Nouvelle-Aquitaine, FRA",FRI33,,,Name3441238,False,True,True,Low
FRA,Micro,Materials,Chemicals,"Deux-Sèvres, Poitou-Charentes, Nouvelle-Aquitaine, FRA",FRI33,,,Name3441239,True,False,False,Medium
FRA,Micro,Materials,Chemicals,"Deux-Sèvres, Poitou-Charentes, Nouvelle-Aquitaine, FRA",FRI33,,,Name3441240,False,True,False,Medium
FRA,Micro,Materials,Chemicals,"Deux-Sèvres, Poitou-Charentes, Nouvelle-Aquitaine, FRA",FRI33,,,Name3441241,True,True,False,Medium
FRA,Micro,Materials,Chemicals,"Deux-Sèvres, Poitou-Charentes, Nouvelle-Aquitaine, FRA",FRI33,,,Name3441242,False,True,False,Low
FRA,Micro,Materials,Chemicals,"Deux-Sèvres, Poitou-Charentes, Nouvelle-Aquitaine, FRA",FRI33,,,Name3441243,False,False,True,Low
FRA,Micro,Materials,Chemicals,"Deux-Sèvres, Poitou-Charentes, Nouvelle-Aquitaine, FRA",FRI33,,,Name3441244,False,False,True,Severe
FRA,Micro,Materials,Chemicals,"Deux-Sèvres, Poitou-Charentes, Nouvelle-Aquitaine, FRA",FRI33,,,Name3441245,True,False,False,High
FRA,Micro,Materials,Chemicals,"Deux-Sèvres, Poitou-Charentes, Nouvelle-Aquitaine, FRA",FRI33,,,Name3441246,True,False,False,Medium
FRA,Micro,Materials,Chemicals,"Deux-Sèvres, Poitou-Charentes, Nouvelle-Aquitaine, FRA",FRI33,,,Name3441247,True,True,False,Severe
FRA,Micro,Materials,Chemicals,"Deux-Sèvres, Poitou-Charentes, Nouvelle-Aquitaine, FRA",FRI33,,,Name3441248,False,True,False,Severe
FRA,Micro,Materials,Chemicals,"Deux-Sèvres, Poitou-Charentes, Nouvelle-Aquitaine, FRA",FRI33,,,Name3441249,False,True,False,Low
FRA,Micro,Materials,Chemicals,"Deux-Sèvres, Poitou-Charentes, Nouvelle-Aquitaine, FRA",FRI33,,,Name3441250,True,False,False,Severe
FRA,Micro,Materials,Chemicals,"Deux-Sèvres, Poitou-Charentes, Nouvelle-Aquitaine, FRA",FRI33,,,Name3441252,False,True,False,Severe
FRA,Micro,Materials,Chemicals,"Deux-Sèvres, Poitou-Charentes, Nouvelle-Aquitaine, FRA",FRI33,,,Name3441254,True,False,False,Low
FRA,Micro,Materials,Chemicals,"Deux-Sèvres, Poitou-Charentes, Nouvelle-Aquitaine, FRA",FRI33,,,Name3441255,False,True,True,High
FRA,Micro,Materials,Chemicals,"Deux-Sèvres, Poitou-Charentes, Nouvelle-Aquitaine, FRA",FRI33,,,Name3441256,False,True,True,Low
FRA,Micro,Materials,Chemicals,"Deux-Sèvres, Poitou-Charentes, Nouvelle-Aquitaine, FRA",FRI33,,,Name3441258,True,False,False,Low
FRA,Micro,Materials,Chemicals,"Deux-Sèvres, Poitou-Charentes, Nouvelle-Aquitaine, FRA",FRI33,,,Name3441260,False,True,True,High
FRA,Micro,Materials,Chemicals,"Deux-Sèvres, Poitou-Charentes, Nouvelle-Aquitaine, FRA",FRI33,,,Name3441261,False,True,False,High
FRA,Micro,Materials,Chemicals,"Deux-Sèvres, Poitou-Charentes, Nouvelle-Aquitaine, FRA",FRI33,,,Name3441262,False,True,True,High
FRA,Micro,Materials,Chemicals,"Deux-Sèvres, Poitou-Charentes, Nouvelle-Aquitaine, FRA",FRI33,,,Name3441263,True,False,False,High
FRA,Micro,Materials,Metals & Mining,"Deux-Sèvres, Poitou-Charentes, Nouvelle-Aquitaine, FRA",FRI33,,,Name3441264,True,True,False,Low
FRA,Micro,Materials,Metals & Mining,"Deux-Sèvres, Poitou-Charentes, Nouvelle-Aquitaine, FRA",FRI33,,,Name3441265,True,True,False,High
FRA,Micro,Materials,Metals & Mining,"Deux-Sèvres, Poitou-Charentes, Nouvelle-Aquitaine, FRA",FRI33,,,Name3441266,True,True,False,High
FRA,Micro,Materials,Metals & Mining,"Deux-Sèvres, Poitou-Charentes, Nouvelle-Aquitaine, FRA",FRI33,,,Name3441267,True,False,False,Medium
FRA,Micro,Materials,Metals & Mining,"Deux-Sèvres, Poitou-Charentes, Nouvelle-Aquitaine, FRA",FRI33,,,Name3441268,True,False,False,Medium
FRA,Micro,Materials,Metals & Mining,"Deux-Sèvres, Poitou-Charentes, Nouvelle-Aquitaine, FRA",FRI33,,,Name3441269,True,False,False,Low
FRA,Micro,Materials,Metals & Mining,"Deux-Sèvres, Poitou-Charentes, Nouvelle-Aquitaine, FRA",FRI33,,,Name3441271,False,True,False,Low
FRA,Micro,Materials,Metals & Mining,"Deux-Sèvres, Poitou-Charentes, Nouvelle-Aquitaine, FRA",FRI33,,,Name3441272,True,True,False,High
FRA,Micro,Materials,Metals & Mining,"Deux-Sèvres, Poitou-Charentes, Nouvelle-Aquitaine, FRA",FRI33,,,Name3441273,True,True,False,Medium
FRA,Micro,Materials,Metals & Mining,"Deux-Sèvres, Poitou-Charentes, Nouvelle-Aquitaine, FRA",FRI33,,,Name3441274,True,False,False,High
FRA,Micro,Materials,Metals & Mining,"Deux-Sèvres, Poitou-Charentes, Nouvelle-Aquitaine, FRA",FRI33,,,Name3441275,True,True,False,Medium
FRA,Micro,Materials,Metals & Mining,"Deux-Sèvres, Poitou-Charentes, Nouvelle-Aquitaine, FRA",FRI33,,,Name3441276,False,True,True,Severe
FRA,Micro,Materials,Metals & Mining,"Deux-Sèvres, Poitou-Charentes, Nouvelle-Aquitaine, FRA",FRI33,,,Name3441277,True,True,False,High
FRA,Micro,Materials,Metals & Mining,"Deux-Sèvres, Poitou-Charentes, Nouvelle-Aquitaine, FRA",FRI33,,,Name3441278,True,True,False,Low
FRA,Micro,Materials,Metals & Mining,"Deux-Sèvres, Poitou-Charentes, Nouvelle-Aquitaine, FRA",FRI33,,,Name3441279,True,False,False,High
FRA,Micro,Materials,Metals & Mining,"Deux-Sèvres, Poitou-Charentes, Nouvelle-Aquitaine, FRA",FRI33,,,Name3441282,True,True,False,High
FRA,Micro,Materials,Metals & Mining,"Deux-Sèvres, Poitou-Charentes, Nouvelle-Aquitaine, FRA",FRI33,,,Name3441283,True,False,False,Low
FRA,Micro,Materials,Metals & Mining,"Deux-Sèvres, Poitou-Charentes, Nouvelle-Aquitaine, FRA",FRI33,,,Name3441284,False,False,True,Low
FRA,Micro,Materials,Metals & Mining,"Deux-Sèvres, Poitou-Charentes, Nouvelle-Aquitaine, FRA",FRI33,,,Name3441285,True,False,False,Medium
FRA,Micro,Materials,Metals & Mining,"Deux-Sèvres, Poitou-Charentes, Nouvelle-Aquitaine, FRA",FRI33,,,Name3441286,True,True,False,Low
FRA,Micro,Materials,Metals & Mining,"Deux-Sèvres, Poitou-Charentes, Nouvelle-Aquitaine, FRA",FRI33,,,Name3441287,True,False,False,Severe
FRA,Micro,Materials,Metals & Mining,"Deux-Sèvres, Poitou-Charentes, Nouvelle-Aquitaine, FRA",FRI33,,,Name3441288,True,True,False,Medium
FRA,Micro,Materials,Metals & Mining,"Deux-Sèvres, Poitou-Charentes, Nouvelle-Aquitaine, FRA",FRI33,,,Name3441289,True,True,False,Low
FRA,Micro,Materials,Metals & Mining,"Deux-Sèvres, Poitou-Charentes, Nouvelle-Aquitaine, FRA",FRI33,,,Name3441290,True,True,False,Medium
FRA,Micro,Materials,Metals & Mining,"Deux-Sèvres, Poitou-Charentes, Nouvelle-Aquitaine, FRA",FRI33,,,Name3441291,False,False,True,Severe
FRA,Micro,Materials,Metals & Mining,"Deux-Sèvres, Poitou-Charentes, Nouvelle-Aquitaine, FRA",FRI33,,,Name3441293,True,False,False,Severe
FRA,Micro,Materials,Construction Materials,"Deux-Sèvres, Poitou-Charentes, Nouvelle-Aquitaine, FRA",FRI33,,,Name3441296,False,True,True,Medium
FRA,Micro,Materials,Construction Materials,"Deux-Sèvres, Poitou-Charentes, Nouvelle-Aquitaine, FRA",FRI33,,,Name3441297,True,True,False,Medium
FRA,Micro,Materials,Construction Materials,"Deux-Sèvres, Poitou-Charentes, Nouvelle-Aquitaine, FRA",FRI33,,,Name3441298,False,True,False,Low
FRA,Micro,Industrials,Aerospace & Defense,"Deux-Sèvres, Poitou-Charentes, Nouvelle-Aquitaine, FRA",FRI33,,,Name3441300,False,True,True,Medium
FRA,Micro,Industrials,Aerospace & Defense,"Deux-Sèvres, Poitou-Charentes, Nouvelle-Aquitaine, FRA",FRI33,,,Name3441302,True,True,False,High
FRA,Micro,Industrials,Aerospace & Defense,"Deux-Sèvres, Poitou-Charentes, Nouvelle-Aquitaine, FRA",FRI33,,,Name3441303,True,False,False,Medium
FRA,Micro,Industrials,Aerospace & Defense,"Deux-Sèvres, Poitou-Charentes, Nouvelle-Aquitaine, FRA",FRI33,,,Name3441304,True,True,False,High
FRA,Micro,Industrials,Aerospace & Defense,"Deux-Sèvres, Poitou-Charentes, Nouvelle-Aquitaine, FRA",FRI33,,,Name3441305,True,True,False,Medium
FRA,Micro,Industrials,Aerospace & Defense,"Deux-Sèvres, Poitou-Charentes, Nouvelle-Aquitaine, FRA",FRI33,,,Name3441306,True,False,False,Medium
FRA,Micro,Industrials,Aerospace & Defense,"Deux-Sèvres, Poitou-Charentes, Nouvelle-Aquitaine, FRA",FRI33,,,Name3441307,False,True,True,Severe
FRA,Micro,Industrials,Aerospace & Defense,"Deux-Sèvres, Poitou-Charentes, Nouvelle-Aquitaine, FRA",FRI33,,,Name3441308,True,True,False,High
FRA,Micro,Industrials,Aerospace & Defense,"Deux-Sèvres, Poitou-Charentes, Nouvelle-Aquitaine, FRA",FRI33,,,Name3441309,True,True,False,Low
FRA,Micro,Industrials,Aerospace & Defense,"Deux-Sèvres, Poitou-Charentes, Nouvelle-Aquitaine, FRA",FRI33,,,Name3441310,True,False,False,Medium
FRA,Micro,Industrials,Aerospace & Defense,"Deux-Sèvres, Poitou-Charentes, Nouvelle-Aquitaine, FRA",FRI33,,,Name3441311,False,True,False,Medium
FRA,Micro,Industrials,Aerospace & Defense,"Deux-Sèvres, Poitou-Charentes, Nouvelle-Aquitaine, FRA",FRI33,,,Name3441312,False,False,True,High
FRA,Micro,Industrials,Aerospace & Defense,"Deux-Sèvres, Poitou-Charentes, Nouvelle-Aquitaine, FRA",FRI33,,,Name3441313,True,True,False,High
FRA,Micro,Industrials,Aerospace & Defense,"Deux-Sèvres, Poitou-Charentes, Nouvelle-Aquitaine, FRA",FRI33,,,Name3441315,False,True,False,Severe
FRA,Micro,Industrials,Machinery,"Deux-Sèvres, Poitou-Charentes, Nouvelle-Aquitaine, FRA",FRI33,,,Name3441317,True,True,False,Severe
FRA,Micro,Industrials,Machinery,"Deux-Sèvres, Poitou-Charentes, Nouvelle-Aquitaine, FRA",FRI33,,,Name3441318,True,False,False,Severe
FRA,Micro,Industrials,Machinery,"Deux-Sèvres, Poitou-Charentes, Nouvelle-Aquitaine, FRA",FRI33,,,Name3441319,False,True,False,Medium
FRA,Micro,Industrials,Machinery,"Deux-Sèvres, Poitou-Charentes, Nouvelle-Aquitaine, FRA",FRI33,,,Name3441320,False,True,False,Low
FRA,Micro,Industrials,Machinery,"Deux-Sèvres, Poitou-Charentes, Nouvelle-Aquitaine, FRA",FRI33,,,Name3441321,True,True,False,Low
FRA,Micro,Industrials,Machinery,"Deux-Sèvres, Poitou-Charentes, Nouvelle-Aquitaine, FRA",FRI33,,,Name3441322,True,False,False,High
FRA,Micro,Industrials,Machinery,"Deux-Sèvres, Poitou-Charentes, Nouvelle-Aquitaine, FRA",FRI33,,,Name3441323,False,True,True,Severe
FRA,Micro,Industrials,Machinery,"Deux-Sèvres, Poitou-Charentes, Nouvelle-Aquitaine, FRA",FRI33,,,Name3441324,True,True,False,Severe
FRA,Micro,Industrials,Machinery,"Deux-Sèvres, Poitou-Charentes, Nouvelle-Aquitaine, FRA",FRI33,,,Name3441325,False,True,False,Medium
FRA,Micro,Industrials,Machinery,"Deux-Sèvres, Poitou-Charentes, Nouvelle-Aquitaine, FRA",FRI33,,,Name3441326,True,True,False,High
FRA,Micro,Industrials,Machinery,"Deux-Sèvres, Poitou-Charentes, Nouvelle-Aquitaine, FRA",FRI33,,,Name3441327,True,True,False,Low
FRA,Micro,Industrials,Machinery,"Deux-Sèvres, Poitou-Charentes, Nouvelle-Aquitaine, FRA",FRI33,,,Name3441328,True,True,False,Severe
FRA,Micro,Industrials,Machinery,"Deux-Sèvres, Poitou-Charentes, Nouvelle-Aquitaine, FRA",FRI33,,,Name3441329,False,False,True,Medium
FRA,Micro,Industrials,Machinery,"Deux-Sèvres, Poitou-Charentes, Nouvelle-Aquitaine, FRA",FRI33,,,Name3441330,False,False,True,Low
FRA,Micro,Industrials,Machinery,"Deux-Sèvres, Poitou-Charentes, Nouvelle-Aquitaine, FRA",FRI33,,,Name3441331,True,False,False,High
FRA,Micro,Industrials,Machinery,"Deux-Sèvres, Poitou-Charentes, Nouvelle-Aquitaine, FRA",FRI33,,,Name3441332,False,True,False,Medium
FRA,Micro,Industrials,Machinery,"Deux-Sèvres, Poitou-Charentes, Nouvelle-Aquitaine, FRA",FRI33,,,Name3441333,False,False,True,High
FRA,Micro,Industrials,Machinery,"Deux-Sèvres, Poitou-Charentes, Nouvelle-Aquitaine, FRA",FRI33,,,Name3441335,True,False,False,High
FRA,Micro,Industrials,Industrial Services,"Deux-Sèvres, Poitou-Charentes, Nouvelle-Aquitaine, FRA",FRI33,,,Name3441336,True,True,False,Medium
FRA,Micro,Industrials,Industrial Services,"Deux-Sèvres, Poitou-Charentes, Nouvelle-Aquitaine, FRA",FRI33,,,Name3441337,True,True,False,Low
FRA,Micro,Industrials,Industrial Services,"Deux-Sèvres, Poitou-Charentes, Nouvelle-Aquitaine, FRA",FRI33,,,Name3441339,True,True,False,High
FRA,Micro,Industrials,Industrial Services,"Deux-Sèvres, Poitou-Charentes, Nouvelle-Aquitaine, FRA",FRI33,,,Name3441341,True,False,False,Low
FRA,Micro,Industrials,Industrial Services,"Deux-Sèvres, Poitou-Charentes, Nouvelle-Aquitaine, FRA",FRI33,,,Name3441342,True,False,False,Low
FRA,Micro,Industrials,Industrial Services,"Deux-Sèvres, Poitou-Charentes, Nouvelle-Aquitaine, FRA",FRI33,,,Name3441343,True,False,False,Low
FRA,Micro,Industrials,Industrial Services,"Deux-Sèvres, Poitou-Charentes, Nouvelle-Aquitaine, FRA",FRI33,,,Name3441344,False,True,False,Severe
FRA,Micro,Industrials,Industrial Services,"Deux-Sèvres, Poitou-Charentes, Nouvelle-Aquitaine, FRA",FRI33,,,Name3441345,True,True,False,High
FRA,Micro,Industrials,Industrial Services,"Deux-Sèvres, Poitou-Charentes, Nouvelle-Aquitaine, FRA",FRI33,,,Name3441347,False,True,True,Medium
FRA,Micro,Industrials,Industrial Services,"Deux-Sèvres, Poitou-Charentes, Nouvelle-Aquitaine, FRA",FRI33,,,Name3441350,True,True,False,Medium
FRA,Micro,Consumer Services,Retail,"Deux-Sèvres, Poitou-Charentes, Nouvelle-Aquitaine, FRA",FRI33,,,Name3441352,False,False,True,High
FRA,Micro,Consumer Services,Retail,"Deux-Sèvres, Poitou-Charentes, Nouvelle-Aquitaine, FRA",FRI33,,,Name3441353,True,True,False,Low
FRA,Micro,Consumer Services,Retail,"Deux-Sèvres, Poitou-Charentes, Nouvelle-Aquitaine, FRA",FRI33,,,Name3441354,True,False,False,Severe
FRA,Micro,Consumer Services,Retail,"Deux-Sèvres, Poitou-Charentes, Nouvelle-Aquitaine, FRA",FRI33,,,Name3441355,True,False,False,Low
FRA,Micro,Consumer Services,Retail,"Deux-Sèvres, Poitou-Charentes, Nouvelle-Aquitaine, FRA",FRI33,,,Name3441356,False,False,True,Severe
FRA,Micro,Consumer Services,Retail,"Deux-Sèvres, Poitou-Charentes, Nouvelle-Aquitaine, FRA",FRI33,,,Name3441357,False,True,True,Low
FRA,Micro,Consumer Services,Retail,"Deux-Sèvres, Poitou-Charentes, Nouvelle-Aquitaine, FRA",FRI33,,,Name3441358,True,True,False,Severe
FRA,Micro,Consumer Services,Retail,"Deux-Sèvres, Poitou-Charentes, Nouvelle-Aquitaine, FRA",FRI33,,,Name3441359,False,False,True,Severe
FRA,Micro,Consumer Services,Retail,"Deux-Sèvres, Poitou-Charentes, Nouvelle-Aquitaine, FRA",FRI33,,,Name3441360,False,True,True,Low
FRA,Micro,Consumer Services,Retail,"Deux-Sèvres, Poitou-Charentes, Nouvelle-Aquitaine, FRA",FRI33,,,Name3441361,True,True,False,Medium
FRA,Micro,Consumer Services,Retail,"Deux-Sèvres, Poitou-Charentes, Nouvelle-Aquitaine, FRA",FRI33,,,Name3441362,True,False,False,Severe
FRA,Micro,Consumer Services,Retail,"Deux-Sèvres, Poitou-Charentes, Nouvelle-Aquitaine, FRA",FRI33,,,Name3441363,False,True,False,Low
FRA,Micro,Consumer Services,Retail,"Deux-Sèvres, Poitou-Charentes, Nouvelle-Aquitaine, FRA",FRI33,,,Name3441364,True,False,False,Low
FRA,Micro,Consumer Services,Retail,"Deux-Sèvres, Poitou-Charentes, Nouvelle-Aquitaine, FRA",FRI33,,,Name3441365,True,False,False,Severe
FRA,Micro,Consumer Services,Retail,"Deux-Sèvres, Poitou-Charentes, Nouvelle-Aquitaine, FRA",FRI33,,,Name3441366,False,True,True,Medium
FRA,Micro,Consumer Services,Retail,"Deux-Sèvres, Poitou-Charentes, Nouvelle-Aquitaine, FRA",FRI33,,,Name3441369,True,True,False,Low
FRA,Micro,Consumer Services,Retail,"Deux-Sèvres, Poitou-Charentes, Nouvelle-Aquitaine, FRA",FRI33,,,Name3441370,False,True,True,Low
FRA,Micro,Consumer Services,Retail,"Deux-Sèvres, Poitou-Charentes, Nouvelle-Aquitaine, FRA",FRI33,,,Name3441371,True,False,False,Severe
FRA,Micro,Consumer Services,Retail,"Deux-Sèvres, Poitou-Charentes, Nouvelle-Aquitaine, FRA",FRI33,,,Name3441372,True,True,False,Severe
FRA,Micro,Consumer Services,Retail,"Deux-Sèvres, Poitou-Charentes, Nouvelle-Aquitaine, FRA",FRI33,,,Name3441373,True,True,False,High
FRA,Micro,Consumer Services,Travel & Leisure,"Deux-Sèvres, Poitou-Charentes, Nouvelle-Aquitaine, FRA",FRI33,,,Name3441376,True,True,False,High
FRA,Micro,Consumer Services,Travel & Leisure,"Deux-Sèvres, Poitou-Charentes, Nouvelle-Aquitaine, FRA",FRI33,,,Name3441377,True,True,False,Severe
FRA,Micro,Consumer Services,Travel & Leisure,"Deux-Sèvres, Poitou-Charentes, Nouvelle-Aquitaine, FRA",FRI33,,,Name3441378,False,True,True,High
FRA,Micro,Consumer Services,Travel & Leisure,"Deux-Sèvres, Poitou-Charentes, Nouvelle-Aquitaine, FRA",FRI33,,,Name3441379,False,True,False,High
FRA,Micro,Consumer Services,Travel & Leisure,"Deux-Sèvres, Poitou-Charentes, Nouvelle-Aquitaine, FRA",FRI33,,,Name3441380,True,True,False,Low
FRA,Micro,Consumer Services,Travel & Leisure,"Deux-Sèvres, Poitou-Charentes, Nouvelle-Aquitaine, FRA",FRI33,,,Name3441381,False,True,True,Severe
FRA,Micro,Consumer Services,Travel & Leisure,"Deux-Sèvres, Poitou-Charentes, Nouvelle-Aquitaine, FRA",FRI33,,,Name3441382,True,True,False,Severe
FRA,Micro,Consumer Services,Travel & Leisure,"Deux-Sèvres, Poitou-Charentes, Nouvelle-Aquitaine, FRA",FRI33,,,Name3441383,True,True,False,Low
FRA,Micro,Consumer Services,Travel & Leisure,"Deux-Sèvres, Poitou-Charentes, Nouvelle-Aquitaine, FRA",FRI33,,,Name3441384,True,True,False,High
FRA,Micro,Consumer Services,Travel & Leisure,"Deux-Sèvres, Poitou-Charentes, Nouvelle-Aquitaine, FRA",FRI33,,,Name3441385,False,False,True,High
FRA,Micro,Consumer Services,Travel & Leisure,"Deux-Sèvres, Poitou-Charentes, Nouvelle-Aquitaine, FRA",FRI33,,,Name3441386,True,False,False,Medium
FRA,Micro,Consumer Services,Travel & Leisure,"Deux-Sèvres, Poitou-Charentes, Nouvelle-Aquitaine, FRA",FRI33,,,Name3441387,False,True,True,Medium
FRA,Micro,Consumer Services,Travel & Leisure,"Deux-Sèvres, Poitou-Charentes, Nouvelle-Aquitaine, FRA",FRI33,,,Name3441388,True,False,False,High
FRA,Micro,Consumer Services,Travel & Leisure,"Deux-Sèvres, Poitou-Charentes, Nouvelle-Aquitaine, FRA",FRI33,,,Name3441389,False,True,True,Low
FRA,Micro,Consumer Services,Travel & Leisure,"Deux-Sèvres, Poitou-Charentes, Nouvelle-Aquitaine, FRA",FRI33,,,Name3441390,False,True,False,Low
FRA,Micro,Consumer Services,Travel & Leisure,"Deux-Sèvres, Poitou-Charentes, Nouvelle-Aquitaine, FRA",FRI33,,,Name3441391,True,True,False,Medium
FRA,Micro,Consumer Services,Travel & Leisure,"Deux-Sèvres, Poitou-Charentes, Nouvelle-Aquitaine, FRA",FRI33,,,Name3441392,False,False,True,High
FRA,Micro,Consumer Services,Travel & Leisure,"Deux-Sèvres, Poitou-Charentes, Nouvelle-Aquitaine, FRA",FRI33,,,Name3441393,False,False,True,Severe
FRA,Micro,Consumer Services,Travel & Leisure,"Deux-Sèvres, Poitou-Charentes, Nouvelle-Aquitaine, FRA",FRI33,,,Name3441394,True,True,False,High
FRA,Micro,Consumer Services,Travel & Leisure,"Deux-Sèvres, Poitou-Charentes, Nouvelle-Aquitaine, FRA",FRI33,,,Name3441395,True,True,False,High
FRA,Micro,Consumer Services,Travel & Leisure,"Deux-Sèvres, Poitou-Charentes, Nouvelle-Aquitaine, FRA",FRI33,,,Name3441396,True,False,False,Medium
FRA,Micro,Consumer Services,Travel & Leisure,"Deux-Sèvres, Poitou-Charentes, Nouvelle-Aquitaine, FRA",FRI33,,,Name3441397,False,True,True,Low
FRA,Micro,Consumer Services,Travel & Leisure,"Deux-Sèvres, Poitou-Charentes, Nouvelle-Aquitaine, FRA",FRI33,,,Name3441398,True,False,False,High
FRA,Micro,Consumer Services,Media,"Deux-Sèvres, Poitou-Charentes, Nouvelle-Aquitaine, FRA",FRI33,,,Name3441399,False,True,True,Medium
FRA,Micro,Consumer Services,Media,"Deux-Sèvres, Poitou-Charentes, Nouvelle-Aquitaine, FRA",FRI33,,,Name3441400,True,True,False,Severe
FRA,Micro,Consumer Services,Media,"Deux-Sèvres, Poitou-Charentes, Nouvelle-Aquitaine, FRA",FRI33,,,Name3441402,True,True,False,High
FRA,Micro,Consumer Services,Media,"Deux-Sèvres, Poitou-Charentes, Nouvelle-Aquitaine, FRA",FRI33,,,Name3441403,False,True,False,Severe
FRA,Micro,Consumer Services,Media,"Deux-Sèvres, Poitou-Charentes, Nouvelle-Aquitaine, FRA",FRI33,,,Name3441404,False,True,True,Low
FRA,Micro,Consumer Services,Media,"Deux-Sèvres, Poitou-Charentes, Nouvelle-Aquitaine, FRA",FRI33,,,Name3441405,True,False,False,High
FRA,Micro,Consumer Services,Media,"Deux-Sèvres, Poitou-Charentes, Nouvelle-Aquitaine, FRA",FRI33,,,Name3441406,False,True,False,Medium
FRA,Micro,Transportation,Airlines,"Deux-Sèvres, Poitou-Charentes, Nouvelle-Aquitaine, FRA",FRI33,,,Name3441407,False,False,True,Low
FRA,Micro,Transportation,Airlines,"Deux-Sèvres, Poitou-Charentes, Nouvelle-Aquitaine, FRA",FRI33,,,Name3441408,True,True,False,Low
FRA,Micro,Transportation,Airlines,"Deux-Sèvres, Poitou-Charentes, Nouvelle-Aquitaine, FRA",FRI33,,,Name3441409,True,True,False,Low
FRA,Micro,Transportation,Airlines,"Deux-Sèvres, Poitou-Charentes, Nouvelle-Aquitaine, FRA",FRI33,,,Name3441410,True,False,False,Medium
FRA,Micro,Transportation,Airlines,"Deux-Sèvres, Poitou-Charentes, Nouvelle-Aquitaine, FRA",FRI33,,,Name3441411,False,True,False,Low
FRA,Micro,Transportation,Airlines,"Deux-Sèvres, Poitou-Charentes, Nouvelle-Aquitaine, FRA",FRI33,,,Name3441412,True,False,False,Severe
FRA,Micro,Transportation,Airlines,"Deux-Sèvres, Poitou-Charentes, Nouvelle-Aquitaine, FRA",FRI33,,,Name3441413,True,True,False,High
FRA,Micro,Transportation,Airlines,"Deux-Sèvres, Poitou-Charentes, Nouvelle-Aquitaine, FRA",FRI33,,,Name3441414,True,True,False,High
FRA,Micro,Transportation,Airlines,"Deux-Sèvres, Poitou-Charentes, Nouvelle-Aquitaine, FRA",FRI33,,,Name3441415,True,True,False,High
FRA,Micro,Transportation,Railroads,"Deux-Sèvres, Poitou-Charentes, Nouvelle-Aquitaine, FRA",FRI33,,,Name3441417,True,True,False,Low
FRA,Micro,Transportation,Railroads,"Deux-Sèvres, Poitou-Charentes, Nouvelle-Aquitaine, FRA",FRI33,,,Name3441418,False,False,True,Medium
FRA,Micro,Transportation,Railroads,"Deux-Sèvres, Poitou-Charentes, Nouvelle-Aquitaine, FRA",FRI33,,,Name3441419,True,True,False,Severe
FRA,Micro,Transportation,Railroads,"Deux-Sèvres, Poitou-Charentes, Nouvelle-Aquitaine, FRA",FRI33,,,Name3441421,False,True,False,Severe
FRA,Micro,Transportation,Railroads,"Deux-Sèvres, Poitou-Charentes, Nouvelle-Aquitaine, FRA",FRI33,,,Name3441422,True,False,False,Low
FRA,Micro,Transportation,Railroads,"Deux-Sèvres, Poitou-Charentes, Nouvelle-Aquitaine, FRA",FRI33,,,Name3441423,False,True,True,High
FRA,Micro,Transportation,Railroads,"Deux-Sèvres, Poitou-Charentes, Nouvelle-Aquitaine, FRA",FRI33,,,Name3441424,True,False,False,High
FRA,Micro,Transportation,Railroads,"Deux-Sèvres, Poitou-Charentes, Nouvelle-Aquitaine, FRA",FRI33,,,Name3441426,False,True,True,Severe
FRA,Micro,Transportation,Railroads,"Deux-Sèvres, Poitou-Charentes, Nouvelle-Aquitaine, FRA",FRI33,,,Name3441427,False,False,True,Low
FRA,Micro,Transportation,Railroads,"Deux-Sèvres, Poitou-Charentes, Nouvelle-Aquitaine, FRA",FRI33,,,Name3441428,True,False,False,Low
FRA,Micro,Transportation,Railroads,"Deux-Sèvres, Poitou-Charentes, Nouvelle-Aquitaine, FRA",FRI33,,,Name3441429,False,True,True,High
FRA,Micro,Transportation,Railroads,"Deux-Sèvres, Poitou-Charentes, Nouvelle-Aquitaine, FRA",FRI33,,,Name3441430,True,True,False,Medium
FRA,Micro,Transportation,Railroads,"Deux-Sèvres, Poitou-Charentes, Nouvelle-Aquitaine, FRA",FRI33,,,Name3441431,True,True,False,Severe
FRA,Micro,Transportation,Railroads,"Deux-Sèvres, Poitou-Charentes, Nouvelle-Aquitaine, FRA",FRI33,,,Name3441432,False,False,True,High
FRA,Micro,Transportation,Railroads,"Deux-Sèvres, Poitou-Charentes, Nouvelle-Aquitaine, FRA",FRI33,,,Name3441433,False,True,True,Severe
FRA,Micro,Transportation,Railroads,"Deux-Sèvres, Poitou-Charentes, Nouvelle-Aquitaine, FRA",FRI33,,,Name3441434,True,True,False,Medium
FRA,Micro,Transportation,Railroads,"Deux-Sèvres, Poitou-Charentes, Nouvelle-Aquitaine, FRA",FRI33,,,Name3441435,True,True,False,Severe
FRA,Micro,Transportation,Railroads,"Deux-Sèvres, Poitou-Charentes, Nouvelle-Aquitaine, FRA",FRI33,,,Name3441436,False,True,False,Medium
FRA,Micro,Transportation,Railroads,"Deux-Sèvres, Poitou-Charentes, Nouvelle-Aquitaine, FRA",FRI33,,,Name3441437,False,False,True,Severe
FRA,Micro,Transportation,Railroads,"Deux-Sèvres, Poitou-Charentes, Nouvelle-Aquitaine, FRA",FRI33,,,Name3441438,True,False,False,High
FRA,Micro,Transportation,Railroads,"Deux-Sèvres, Poitou-Charentes, Nouvelle-Aquitaine, FRA",FRI33,,,Name3441439,True,True,False,Low
FRA,Micro,Transportation,Railroads,"Deux-Sèvres, Poitou-Charentes, Nouvelle-Aquitaine, FRA",FRI33,,,Name3441440,True,False,False,Medium
FRA,Micro,Transportation,Railroads,"Deux-Sèvres, Poitou-Charentes, Nouvelle-Aquitaine, FRA",FRI33,,,Name3441441,True,False,False,Severe
FRA,Micro,Transportation,Railroads,"Deux-Sèvres, Poitou-Charentes, Nouvelle-Aquitaine, FRA",FRI33,,,Name3441442,False,True,False,High
FRA,Micro,Transportation,Railroads,"Deux-Sèvres, Poitou-Charentes, Nouvelle-Aquitaine, FRA",FRI33,,,Name3441443,True,True,False,High
FRA,Micro,Transportation,Railroads,"Deux-Sèvres, Poitou-Charentes, Nouvelle-Aquitaine, FRA",FRI33,,,Name3441444,False,True,False,High
FRA,Micro,Transportation,Railroads,"Deux-Sèvres, Poitou-Charentes, Nouvelle-Aquitaine, FRA",FRI33,,,Name3441445,True,False,False,Medium
FRA,Micro,Transportation,Railroads,"Deux-Sèvres, Poitou-Charentes, Nouvelle-Aquitaine, FRA",FRI33,,,Name3441446,True,False,False,Medium
FRA,Micro,Transportation,Railroads,"Deux-Sèvres, Poitou-Charentes, Nouvelle-Aquitaine, FRA",FRI33,,,Name3441447,False,False,True,Low
FRA,Micro,Transportation,Railroads,"Deux-Sèvres, Poitou-Charentes, Nouvelle-Aquitaine, FRA",FRI33,,,Name3441448,True,True,False,Low
FRA,Micro,Transportation,Railroads,"Deux-Sèvres, Poitou-Charentes, Nouvelle-Aquitaine, FRA",FRI33,,,Name3441449,True,False,False,High
FRA,Micro,Transportation,Railroads,"Deux-Sèvres, Poitou-Charentes, Nouvelle-Aquitaine, FRA",FRI33,,,Name3441450,True,False,False,Medium
FRA,Micro,Transportation,Railroads,"Deux-Sèvres, Poitou-Charentes, Nouvelle-Aquitaine, FRA",FRI33,,,Name3441451,True,True,False,Low
FRA,Micro,Transportation,Logistics,"Deux-Sèvres, Poitou-Charentes, Nouvelle-Aquitaine, FRA",FRI33,,,Name3441452,False,True,False,Medium
FRA,Micro,Transportation,Logistics,"Deux-Sèvres, Poitou-Charentes, Nouvelle-Aquitaine, FRA",FRI33,,,Name3441453,False,True,False,Severe
FRA,Micro,Transportation,Logistics,"Deux-Sèvres, Poitou-Charentes, Nouvelle-Aquitaine, FRA",FRI33,,,Name3441454,False,True,False,Severe
FRA,Micro,Transportation,Logistics,"Deux-Sèvres, Poitou-Charentes, Nouvelle-Aquitaine, FRA",FRI33,,,Name3441455,True,True,False,Low
FRA,Micro,Transportation,Logistics,"Deux-Sèvres, Poitou-Charentes, Nouvelle-Aquitaine, FRA",FRI33,,,Name3441457,False,True,False,High
FRA,Micro,Transportation,Logistics,"Deux-Sèvres, Poitou-Charentes, Nouvelle-Aquitaine, FRA",FRI33,,,Name3441460,False,True,True,Severe
FRA,Micro,Transportation,Logistics,"Deux-Sèvres, Poitou-Charentes, Nouvelle-Aquitaine, FRA",FRI33,,,Name3441461,True,True,False,Severe
FRA,Micro,Transportation,Logistics,"Deux-Sèvres, Poitou-Charentes, Nouvelle-Aquitaine, FRA",FRI33,,,Name3441462,False,True,False,Medium
FRA,Micro,Transportation,Logistics,"Deux-Sèvres, Poitou-Charentes, Nouvelle-Aquitaine, FRA",FRI33,,,Name3441463,False,True,True,Severe
FRA,Micro,Transportation,Logistics,"Deux-Sèvres, Poitou-Charentes, Nouvelle-Aquitaine, FRA",FRI33,,,Name3441464,True,True,False,Severe
FRA,Micro,Transportation,Logistics,"Deux-Sèvres, Poitou-Charentes, Nouvelle-Aquitaine, FRA",FRI33,,,Name3441466,False,False,True,Medium
FRA,Micro,Transportation,Logistics,"Deux-Sèvres, Poitou-Charentes, Nouvelle-Aquitaine, FRA",FRI33,,,Name3441467,True,True,False,Medium
FRA,Micro,Transportation,Logistics,"Deux-Sèvres, Poitou-Charentes, Nouvelle-Aquitaine, FRA",FRI33,,,Name3441469,True,True,False,High
FRA,Micro,Transportation,Logistics,"Deux-Sèvres, Poitou-Charentes, Nouvelle-Aquitaine, FRA",FRI33,,,Name3441471,True,False,False,Low
FRA,Micro,Transportation,Logistics,"Deux-Sèvres, Poitou-Charentes, Nouvelle-Aquitaine, FRA",FRI33,,,Name3441472,False,True,False,Severe
FRA,Micro,Transportation,Logistics,"Deux-Sèvres, Poitou-Charentes, Nouvelle-Aquitaine, FRA",FRI33,,,Name3441473,False,False,True,Severe
FRA,Micro,Transportation,Logistics,"Deux-Sèvres, Poitou-Charentes, Nouvelle-Aquitaine, FRA",FRI33,,,Name3441475,True,True,False,Severe
FRA,Micro,Transportation,Logistics,"Deux-Sèvres, Poitou-Charentes, Nouvelle-Aquitaine, FRA",FRI33,,,Name3441476,False,False,True,Severe
FRA,Micro,Transportation,Logistics,"Deux-Sèvres, Poitou-Charentes, Nouvelle-Aquitaine, FRA",FRI33,,,Name3441477,False,True,False,Severe
FRA,Micro,Transportation,Logistics,"Deux-Sèvres, Poitou-Charentes, Nouvelle-Aquitaine, FRA",FRI33,,,Name3441479,True,True,False,Severe
FRA,Micro,Transportation,Logistics,"Deux-Sèvres, Poitou-Charentes, Nouvelle-Aquitaine, FRA",FRI33,,,Name3441480,False,True,False,Medium
FRA,Micro,Transportation,Logistics,"Deux-Sèvres, Poitou-Charentes, Nouvelle-Aquitaine, FRA",FRI33,,,Name3441483,False,True,True,Low
FRA,Micro,Transportation,Logistics,"Deux-Sèvres, Poitou-Charentes, Nouvelle-Aquitaine, FRA",FRI33,,,Name3441484,False,True,True,Low
FRA,Micro,Transportation,Logistics,"Deux-Sèvres, Poitou-Charentes, Nouvelle-Aquitaine, FRA",FRI33,,,Name3441485,True,True,False,Low
FRA,Micro,Transportation,Logistics,"Deux-Sèvres, Poitou-Charentes, Nouvelle-Aquitaine, FRA",FRI33,,,Name3441486,True,True,False,Severe
FRA,Micro,Transportation,Logistics,"Deux-Sèvres, Poitou-Charentes, Nouvelle-Aquitaine, FRA",FRI33,,,Name3441487,False,True,False,Medium
FRA,Micro,Transportation,Logistics,"Deux-Sèvres, Poitou-Charentes, Nouvelle-Aquitaine, FRA",FRI33,,,Name3441488,False,True,True,Medium
FRA,Micro,Transportation,Logistics,"Deux-Sèvres, Poitou-Charentes, Nouvelle-Aquitaine, FRA",FRI33,,,Name3441489,True,True,False,Severe
FRA,Micro,Transportation,Logistics,"Deux-Sèvres, Poitou-Charentes, Nouvelle-Aquitaine, FRA",FRI33,,,Name3441490,True,True,False,Severe
FRA,Micro,Transportation,Logistics,"Deux-Sèvres, Poitou-Charentes, Nouvelle-Aquitaine, FRA",FRI33,,,Name3441491,True,True,False,Low
FRA,Micro,Transportation,Logistics,"Deux-Sèvres, Poitou-Charentes, Nouvelle-Aquitaine, FRA",FRI33,,,Name3441492,False,False,True,High
FRA,Micro,Transportation,Logistics,"Deux-Sèvres, Poitou-Charentes, Nouvelle-Aquitaine, FRA",FRI33,,,Name3441493,True,False,False,Medium
FRA,Micro,Transportation,Logistics,"Deux-Sèvres, Poitou-Charentes, Nouvelle-Aquitaine, FRA",FRI33,,,Name3441494,True,True,False,High
FRA,Micro,Transportation,Logistics,"Deux-Sèvres, Poitou-Charentes, Nouvelle-Aquitaine, FRA",FRI33,,,Name3441495,False,False,True,High
FRA,Micro,Transportation,Logistics,"Deux-Sèvres, Poitou-Charentes, Nouvelle-Aquitaine, FRA",FRI33,,,Name3441497,False,True,False,Severe
